11799.058720650119	750.0	4.0	6.835416697573638	450283.0	6835.416697573638	64.858346	0.0	0.0	-144.5650818096897	
11802.365258872182	300.0	4.693461777936518	0.0	155580.0	3306.5382220634815	18.412623	0.0	46.445723	-36.3468075049402	
11807.082627704525	750.0	4.0	0.023907054407241047	350812.0	4717.368832343759	60.430767	42.01814400000001	0.0	60.349050933663285	
11811.442083041136	750.0	4.0	0.35945533661111584	382355.0	4359.455336611116	55.551349	0.0	4.879418000000001	28.856978259155774	
11814.933914723471	750.0	4.508168317666068	0.0	411561.0	3491.831682333932	51.003805	0.0	4.547544000000002	35.708620955217725	
11817.135220613267	750.0	6.306862427868757	0.0	318564.0	2201.305889797312	62.986308	11.982503000000001	0.0	54.252000083560986	
11819.44758536624	750.0	7.994497674896133	0.0	352642.0	2312.364752972624	81.00828	18.021971999999998	0.0	71.31441799403183	
11824.401723106297	1200.0	7.040359934839043	0.0	709534.0	4954.137740057089	82.426144	1.4178639999999945	0.0	67.56765661211375	
11828.22157174064	1200.0	7.220511300496268	0.0	584846.0	3819.8486343427758	82.430225	0.004080999999999335	0.0	67.14984568949134	
11831.668910343098	1200.0	7.773172698038452	0.0	560821.0	3447.3386024578163	76.960357	0.0	5.469867999999991	56.71266867445105	
11833.752047120386	750.0	9.69003592074876	0.0	353220.0	2083.136777289692	70.008689	0.0	6.951667999999998	49.25310527285025	
11838.132445376918	1200.0	9.309637664217433	0.0	594078.0	4380.398256531327	70.906301	0.8976119999999952	0.0	57.65646860355332	
11843.502770072884	1200.0	7.939312968250087	0.0	624282.0	5370.324695967345	73.534048	2.6277469999999994	0.0	60.397441453335624	
11848.608739535019	1200.0	6.833343506115878	0.0	687371.0	5105.96946213421	70.998108	0.0	2.5359399999999965	54.776127730538505	
11852.314350133924	1200.0	7.1277329072111755	0.0	526950.0	3705.6105989047023	67.735752	0.0	3.262355999999997	51.24250829039699	
11855.984160311893	1200.0	7.457922729241877	0.0	587876.0	3669.8101779692993	72.569044	4.833292	0.0	60.237368188531434	
11859.402531038259	1200.0	8.039552002877194	0.0	617242.0	3418.3707263646825	75.662786	3.0937419999999918	0.0	62.339125264249624	
11861.412288162368	750.0	10.029794878767381	0.0	372963.0	2009.7571241098112	69.564049	0.0	6.098737	49.78149799493421	
11864.740311292198	1200.0	10.701771748936347	0.0	639204.0	3328.023129831036	72.000653	2.4366040000000027	0.0	59.041852363208044	
11866.496530892862	750.0	12.945552148271286	0.0	350713.0	1756.2196006650588	67.172129	0.0	4.828524000000002	49.10347287348152	
11868.648000723138	750.0	14.7940823179944	0.0	386472.0	2151.469830276887	62.777649	0.0	4.3944800000000015	45.8423031210838	
11872.33801049028	1200.0	15.104072550851816	0.0	616206.0	3690.009767142584	68.532883	5.7552340000000015	0.0	57.09385149382384	
11877.493373754824	1200.0	13.94870928630956	0.0	656471.0	5155.363264542256	63.455907	0.0	5.076975999999995	45.69259308258809	
11881.636854070235	1200.0	13.805228970899025	0.0	536667.0	4143.480315410536	68.420849	4.964942000000001	0.0	56.763485235890926	
11888.293046126948	1200.0	11.149036914186091	0.0	587236.0	6656.192056712935	78.698824	10.277974999999998	0.0	67.05104630050491	
11892.994796801031	1200.0	10.447286240104356	0.0	590335.0	4701.750674081734	79.644231	0.945407000000003	0.0	65.07087268298653	
11895.653625764984	750.0	11.788457276149508	0.0	425781.0	2658.82896395485	65.665965	0.0	13.978266000000005	38.120035002309585	
11899.177825843446	1200.0	12.264257197689027	0.0	487160.0	3524.20007846048	80.893459	15.227493999999993	0.0	70.38450099378304	
11904.340418263435	1200.0	11.101664777700114	0.0	622896.0	5162.592419988912	80.053124	0.0	0.8403349999999961	64.24386573042244	
11910.641249765442	1200.0	8.800833275693364	0.0	641447.0	6300.831502006752	80.154442	0.10131800000000624	0.0	65.2514564240098	
11916.341890305892	1200.0	7.100192735244553	0.0	570392.0	5700.6405404488105	78.009495	0.0	2.144947000000002	61.12892222454211	
11920.087202569564	750.0	7.354880471571547	0.0	400322.0	3745.3122636730063	60.651768	0.0	17.357727000000004	30.28790174518381	
11923.081453037925	750.0	8.360630003211043	0.0	369834.0	2994.2504683605043	68.369339	7.7175709999999995	0.0	57.54006651746116	
11929.588931360258	1200.0	5.853151680877804	0.0	670129.0	6507.478322333239	62.28877	0.0	6.080568999999997	43.639332434497476	
11932.809561582526	750.0	6.632521458609439	0.0	401088.0	3220.6302222683653	69.915275	7.6265049999999945	0.0	58.822186338307795	
11936.96197986176	1200.0	6.480103179374892	0.0	598727.0	4152.418279234546	77.763467	7.848192000000012	0.0	65.53488519734074	
11939.048736579973	750.0	8.393346461162285	0.0	321064.0	2086.7567182126095	67.040505	0.0	10.72296200000001	42.738008305810055	
11941.640750953175	750.0	9.801332087960416	0.0	361565.0	2592.0143732018673	66.788635	0.0	0.2518699999999967	53.6345161054191	
11945.83925953717	750.0	9.602823503965812	0.0	378327.0	4198.508583994604	62.32333	0.0	4.465305000000001	45.38239461526515	
11950.238756184135	750.0	9.20332685699999	0.0	390680.0	4399.496646965824	61.525566	0.0	0.7977640000000008	48.59802426280343	
11952.663819670457	750.0	10.778263370676992	0.0	345516.0	2425.0634863229975	79.583372	18.057806	0.0	70.11833935431406	
11956.16727663201	750.0	11.274806409126029	0.0	384505.0	3503.456961550962	64.443828	0.0	15.139544	35.852891186903015	
11959.602334030757	750.0	11.83974901037784	0.0	372093.0	3435.0573987481903	58.879512	0.0	5.564315999999998	41.299771933747785	
11963.457645196873	750.0	11.98443784426126	0.0	438281.0	3855.31116611658	62.327504	3.4479919999999993	0.0	51.15101669476942	
11966.819016356638	750.0	12.623066684497212	0.0	398987.0	3361.3711597640463	63.729239	1.4017350000000022	0.0	51.728421217727	
11971.228762559022	750.0	12.21332048211312	0.0	393804.0	4409.746202384093	62.845425	0.0	0.883814000000001	49.62451534898482	
11978.074669734493	1200.0	9.36741330664068	0.0	538612.0	6845.90717547244	74.51099	11.665565000000008	0.0	63.91782743622792	
11987.3710251003	1200.0	4.0710579408340966	0.0	550906.0	9296.355365806583	86.366143	11.855152999999987	0.0	74.01446138471348	
