14085.636881628872	750.0	4.0	1.26305294249572	450283.0	1263.05294249572	64.858346	0.0	0.0	15.896222760621932	
14088.16166376817	1850.0	5.475217860705059	0.0	957685.0	2524.782139294941	81.460624	16.602278	0.0	71.27448018930758	
14092.053532364342	1850.0	5.583349264532026	0.0	877771.0	3891.868596173033	82.465457	1.004833000000005	0.0	67.47787934365968	
14095.39314564334	1850.0	6.243735985534595	0.0	933276.0	3339.6132789974313	78.955826	0.0	3.509630999999999	60.48244280749914	
14100.555766533413	2850.0	5.081115095463707	0.0	1472558.0	5162.620890070888	85.928154	6.9723280000000045	0.0	72.18858503636858	
14103.277737512644	1850.0	6.359144116232223	0.0	801058.0	2721.9709792314843	86.249306	0.3211519999999979	0.0	70.47870772988122	
14105.254234659316	1200.0	8.382646969560323	0.0	561791.0	1976.4971466719005	89.177904	2.928597999999994	0.0	73.73588534977478	
14109.298129149469	1850.0	8.338752479408459	0.0	1060487.0	4043.894490151864	90.155937	0.9780329999999964	0.0	73.98296967737969	
14112.63440080554	1850.0	9.00248082333625	0.0	852833.0	3336.2716560722097	90.218296	0.06235900000000072	0.0	73.76293677284315	
14116.502602846724	1850.0	9.134278782153077	0.0	913888.0	3868.2020411831736	86.733288	0.0	3.4850079999999934	67.09530890568334	
14120.30753257016	1850.0	9.32934905871774	0.0	939819.0	3804.929723435337	89.239922	2.5066340000000054	0.0	73.66267519085076	
14125.940021954912	2850.0	7.6968596739664825	0.0	1519951.0	5632.489384751258	92.483401	3.2434789999999936	0.0	76.62913997790585	
14131.085297227282	2850.0	6.551584401594855	0.0	1422919.0	5145.275272371628	93.510922	1.027520999999993	0.0	76.83905618092444	
14136.807014860517	2850.0	4.829866768360973	0.0	1578343.0	5721.717633233882	91.568178	0.0	1.9427439999999905	72.82632292630404	
14141.16741528489	2850.0	4.469466343987038	0.0	1231445.0	4360.4004243739355	88.830113	0.0	2.738065000000006	69.66361798364525	
14145.39131398157	1850.0	4.245567647306514	0.0	923170.0	4223.898696680524	83.7301	0.0	5.100013000000004	62.83838720493218	
14149.340137572648	1850.0	4.296744056228644	0.0	966699.0	3948.823591077869	86.226021	2.49592100000001	0.0	71.10700694933738	
14152.35576512045	1850.0	5.281116508425722	0.0	885714.0	3015.627547802923	85.258591	0.0	0.9674300000000073	68.51753380735349	
14155.424781676113	1850.0	6.212099952764302	0.0	987708.0	3069.0165556614193	79.995224	0.0	5.263367000000002	59.5019982027586	
14157.244219088841	1200.0	8.392662540033918	0.0	586839.0	1819.4374127303856	79.134663	0.0	0.8605609999999899	63.444560336070744	
14160.485235035472	1850.0	9.151646593403953	0.0	891604.0	3241.015946629965	81.773294	2.6386310000000037	0.0	67.37851107636527	
14165.668621055209	1850.0	7.968260573667668	0.0	955231.0	5183.386019736286	79.031768	0.0	2.7415260000000075	61.361716707876674	
14171.175151350937	2850.0	6.461730277937868	0.0	1505760.0	5506.5302957298	85.954529	6.922760999999994	0.0	72.19615249656655	
14175.387927466958	1850.0	6.248954161917749	0.0	874175.0	4212.776116020119	80.700778	0.0	5.253750999999994	60.109735226601934	
14178.515741541216	1200.0	7.121140087660624	0.0	587236.0	3127.8140742571254	78.698824	0.0	2.001953999999998	61.86443112432193	
14183.074145133533	1850.0	6.5627364953440175	0.0	905935.0	4558.403592316607	89.133614	10.434789999999992	0.0	75.93500783995529	
14187.342274415894	1850.0	6.294607212983944	0.0	1076599.0	4268.129282360073	90.791041	1.6574270000000126	0.0	74.72328004362873	
14191.28588659474	1850.0	6.350995034137248	0.0	758197.0	3943.612178846696	87.50057	0.0	3.290471000000011	67.95152441266671	
14195.480316608637	1850.0	6.156565020240275	0.0	972798.0	4194.430013896973	88.832031	1.3314610000000044	0.0	72.96706372219077	
14200.237488495326	1850.0	5.399393133551265	0.0	975811.0	4757.17188668901	89.334885	0.5028539999999992	0.0	73.14603000751325	
14203.954183763812	1850.0	5.682697865064917	0.0	873429.0	3716.695268486348	87.120667	0.0	2.2142180000000025	68.77168736090755	
14207.257013586865	1850.0	6.379868042011702	0.0	954453.0	3302.829823053216	83.67714	0.0	3.443527000000003	64.551065096847	
14210.413933979107	1850.0	7.222947649768512	0.0	885062.0	3156.920392243189	87.533761	3.856621000000004	0.0	72.61998329554336	
14216.006780539905	2850.0	5.630101088969485	0.0	1587293.0	5592.846560799027	81.858634	0.0	5.675127000000003	60.64324528679841	
14218.775163461705	1200.0	6.861718167170291	0.0	690253.0	2768.382921799194	87.732581	5.873947000000001	0.0	73.38946994749392	
14224.161987323338	1850.0	5.474894305536975	0.0	943942.0	5386.823861633316	90.168439	2.4358580000000103	0.0	74.42794802438888	
14227.112925431637	1850.0	6.523956197238348	0.0	728962.0	2950.9381082986274	86.066994	0.0	4.101445000000012	65.87698482373372	
14231.015666944777	1850.0	6.621214684097703	0.0	938587.0	3902.741513140645	86.593761	0.5267670000000066	0.0	70.83169447059112	
14236.351424878703	2850.0	5.285456750171988	0.0	1427478.0	5335.757933925715	90.92969	4.335928999999993	0.0	75.63881945364574	
14240.334667221563	2850.0	5.302214407311586	0.0	1402287.0	3983.2423428604015	91.34334	0.41365000000000407	0.0	74.82041250127551	
14243.08982173512	1850.0	6.547059893753464	0.0	858450.0	2755.154513558122	92.068418	0.7250779999999963	0.0	75.52727854404898	
14247.359962904462	2850.0	6.276918724412352	0.0	1527299.0	4270.141169341113	92.902955	0.8345370000000116	0.0	76.26666451632573	
14251.307611526227	2850.0	6.3292701026481675	0.0	1343002.0	3947.648621764184	87.659279	0.0	5.243676000000008	66.01358694146828	
14254.260490227043	1850.0	7.376391401831717	0.0	973972.0	2952.8787008164495	84.84845	0.0	2.8108289999999982	66.21434068733927	
14258.637571805333	1850.0	6.99930982354164	0.0	958994.0	4377.081578290077	87.119023	2.270572999999999	0.0	71.79614403033668	
14262.480761374403	1850.0	7.156120254473129	0.0	982064.0	3843.189569068511	86.680563	0.0	0.4384599999999921	70.28304003058662	
14266.493540663952	2850.0	7.143340964924471	0.0	1231456.0	4012.7792895486577	92.485503	5.804939999999988	0.0	77.39416269406718	
14271.062319219838	1850.0	6.574562409037154	0.0	846370.0	4568.778555887317	92.020773	0.0	0.46472999999998876	74.7777973135027	
