4747.9688924291895	750.0	4.0	3.9247822452337946	450283.0	3924.7822452337946	64.858346	0.0	0.0	-60.7507039482044	
4751.134520732792	750.0	4.834371696397409	0.0	398865.0	3165.6283036025907	57.017244	0.0	7.841101999999999	37.30694774282116	
4753.94534726252	750.0	6.023545166669162	0.0	350812.0	2810.8265297282464	60.430767	3.413523000000005	0.0	49.53439726135709	
4756.54576040733	750.0	7.423132021860408	0.0	382355.0	2600.4131448087537	55.551349	0.0	4.879418000000001	39.207823032133746	
4760.293640065367	1200.0	7.6752523638230015	0.0	652874.0	3747.879658037407	64.23322	8.681871000000001	0.0	54.32451676193826	
4763.342986617549	1200.0	8.625905811641202	0.0	520315.0	3049.346552181799	75.14582	10.912599999999998	0.0	64.23110350586552	
4766.258255883756	750.0	9.710636545433983	0.0	352642.0	2915.269266207218	81.00828	5.862459999999999	0.0	67.6912292345531	
4770.490219778855	750.0	9.478672650334374	0.0	437162.0	4231.963895099609	69.475262	0.0	11.533017999999998	43.94053818670605	
4772.523662025919	750.0	11.445230403270216	0.0	374758.0	2033.4422470641578	70.789292	1.3140300000000025	0.0	57.681454273815504	
4775.76164547752	1200.0	12.207246951670388	0.0	560821.0	3237.983451599828	76.960357	6.171064999999999	0.0	64.35499430641161	
4778.819181935635	750.0	13.149710493554783	0.0	353220.0	3057.5364581156036	70.008689	0.0	6.951667999999998	49.25310527285025	
4782.648866067762	750.0	13.320026361427761	0.0	405134.0	3829.684132127023	59.00323	0.0	11.005459000000002	35.63150226952917	
4788.356317987333	750.0	11.612574441857229	0.0	386351.0	5707.4519195705325	59.358241	0.3550109999999975	0.0	47.71472422025977	
4793.2873407843845	750.0	10.681551644805158	0.0	434409.0	4931.022797052073	56.692976	0.0	2.665264999999998	42.523882025230556	
4796.728979405088	750.0	11.239913024102636	0.0	337059.0	3441.6386207025207	54.76216	0.0	1.930816	41.66792139000558	
4800.326816063885	750.0	11.642076365304165	0.0	366214.0	3597.836658798471	58.858709	4.096548999999996	0.0	48.406541934633836	
4803.294682671964	750.0	12.674209757225936	0.0	360831.0	2967.866608078228	60.531124	1.6724150000000009	0.0	49.100589048161304	
4804.695946186498	300.0	15.272946242691894	0.0	150616.0	1401.2635145340425	35.116669	0.0	25.414454999999997	0.11401900957756439	
4809.450771770474	750.0	14.518120658716041	0.0	405596.0	4754.825583975853	60.564875	25.448206	0.0	56.21368234169137	
4818.120843754624	750.0	9.848048674566016	0.0	350713.0	8670.071984150025	67.172129	6.6072539999999975	0.0	56.195305162945644	
4823.854819098892	750.0	8.114073330296952	0.0	386472.0	5733.975344269065	62.777649	0.0	4.3944800000000015	45.8423031210838	
4829.403061662465	750.0	6.56583076672432	0.0	399894.0	5548.242563572631	55.443233	0.0	7.334415999999997	36.51150936895389	
4831.464289360089	300.0	8.504603069100192	0.0	163927.0	2061.2276976241274	16.837774	0.0	38.605458999999996	-29.36203761087242	
4836.240532719462	750.0	7.728359709727198	0.0	343800.0	4776.243359372995	55.451197	38.613423	0.0	55.805763065674086	
4839.647409386461	750.0	8.321483042728527	0.0	359903.0	3406.87666699867	66.786337	11.335140000000003	0.0	57.277353060696605	
4842.982486328199	750.0	8.98640610098996	0.0	379700.0	3335.0769417385677	66.676537	0.0	0.109800000000007	53.69031629537219	
4848.964074317553	750.0	7.004818111635948	0.0	425781.0	5981.587989354012	65.665965	0.0	1.0105719999999963	51.87874368281537	
4852.404580229621	750.0	7.56431219956799	0.0	277716.0	3440.505912067958	68.231907	2.565942000000007	0.0	55.88863627581473	
4857.213377242527	750.0	6.755515186662147	0.0	400396.0	4808.797012905842	69.601487	1.3695799999999991	0.0	56.69205323288801	
4864.493042926807	750.0	4.0	0.5241504976177357	400508.0	7279.665684279883	67.821489	0.0	1.7799980000000062	37.794506833043876	
4867.197814537159	750.0	5.295228389648387	0.0	358218.0	2704.771610351613	64.789531	0.0	3.031958000000003	48.99180250230414	
4871.628355533119	1200.0	4.864687393687218	0.0	620283.0	4430.540995961169	72.909556	8.120024999999998	0.0	61.5051011352081	
4873.698676847208	750.0	6.794366079598149	0.0	369834.0	2070.3213140890693	68.369339	0.0	4.540216999999998	50.42328474062561	
4877.305802646353	1200.0	7.187240280453994	0.0	670129.0	3607.1257991441544	62.28877	0.0	6.080568999999997	43.639332434497476	
4880.1065540908285	750.0	8.386488835977893	0.0	401088.0	2800.751444476102	69.915275	7.6265049999999945	0.0	58.822186338307795	
4886.070589170048	1200.0	6.422453756758607	0.0	598727.0	5964.035079219286	77.763467	7.848192000000012	0.0	65.53488519734074	
4889.0313872747765	1200.0	7.461655652029839	0.0	487812.0	2960.7981047287676	77.846693	0.08322599999999625	0.0	63.29163035592236	
4892.234111836188	1200.0	8.258931090617773	0.0	575591.0	3202.724561412067	77.292461	0.0	0.554231999999999	62.20941215869677	
4898.366952637306	1200.0	6.126090289500242	0.0	605884.0	6132.840801117531	74.001829	0.0	3.290632000000002	56.519254990333565	
4901.475527271012	1200.0	7.017515655794757	0.0	587506.0	3108.574633705485	72.886388	0.0	1.1154410000000041	57.88246197348263	
4903.43370395109	750.0	9.059338975715793	0.0	345516.0	1958.176680078964	79.583372	6.6969840000000005	0.0	66.73313750009174	
4906.769046419958	1200.0	9.723996506849089	0.0	641452.0	3335.342468866704	75.706383	0.0	3.8769889999999947	57.34071953352638	
4909.8115759444645	1200.0	10.681466982342492	0.0	599477.0	3042.529524506598	71.343181	0.0	4.363202000000001	53.129647516624864	
4913.271339258988	1200.0	11.221703667819352	0.0	634861.0	3459.763314523142	75.003938	3.660757000000004	0.0	61.95010051241022	
4918.631266011434	1850.0	9.861776915373593	0.0	958994.0	5359.926752445757	87.119023	12.115084999999993	0.0	74.72952862841541	
4923.031023563389	1850.0	9.462019363418284	0.0	982064.0	4399.75755195531	86.680563	0.0	0.4384599999999921	70.28304003058662	
4929.318997733527	1850.0	7.1740451932800715	0.0	830730.0	6287.974170138212	84.040637	0.0	2.6399260000000027	65.71153085892459	
4935.183109127835	1200.0	5.309933798972004	0.0	550906.0	5864.111394308067	86.366143	2.32550599999999	0.0	71.17489760187416	
