8738.41901182023	750.0	4.0	2.6661221575738243	450283.0	2666.122157573824	64.858346	0.0	0.0	-24.50643696321867	
8739.695078148508	300.0	6.723933671720184	0.0	155580.0	1276.066328279816	18.412623	0.0	46.445723	-36.3468075049402	
8741.366321239164	300.0	9.052690581065232	0.0	139857.0	1671.2430906549514	17.596212	0.0	0.8164109999999987	11.374421591985136	
8744.461142177694	300.0	9.957869642535126	0.0	155432.0	3094.820938530105	19.997309	2.401097	0.0	14.989583049748727	
8752.318629653344	750.0	6.100382166884578	0.0	411561.0	7857.487475650549	51.003805	31.006496	0.0	49.772613983746766	
8755.268528750728	750.0	7.150483069498773	0.0	318564.0	2949.8990973858045	62.986308	11.982503000000001	0.0	54.252000083560986	
8758.621523059453	750.0	7.797488760773758	0.0	352642.0	3352.994308725015	81.00828	18.021971999999998	0.0	71.31441799403183	
8764.864295117797	750.0	5.554716702430001	0.0	437162.0	6242.772058343757	69.475262	0.0	11.533017999999998	43.94053818670605	
8769.043774930027	750.0	5.375236890201409	0.0	374758.0	4179.479812228593	70.789292	1.3140300000000025	0.0	57.681454273815504	
8771.395412740821	1200.0	7.023599079407362	0.0	560821.0	2351.637810794046	76.960357	6.171064999999999	0.0	64.35499430641161	
8772.886285097135	750.0	9.532726723092559	0.0	353220.0	1490.8723563148037	70.008689	0.0	6.951667999999998	49.25310527285025	
8776.58800871583	1200.0	9.831003104398281	0.0	594078.0	3701.7236186942764	70.906301	0.8976119999999952	0.0	57.65646860355332	
8781.132457016263	1200.0	9.28655480396346	0.0	624282.0	4544.448300434823	73.534048	2.6277469999999994	0.0	60.397441453335624	
8785.725992381242	1200.0	8.693019438986095	0.0	687371.0	4593.535364977363	70.998108	0.0	2.5359399999999965	54.776127730538505	
8788.834015681661	1850.0	9.584996138566511	0.0	821631.0	3108.0233004195825	78.494849	7.496741	0.0	66.04957101492738	
8791.883988126072	1200.0	10.535023694157475	0.0	587876.0	3049.9724444090375	72.569044	0.0	5.925804999999997	52.50991222251557	
8796.23858998498	1200.0	10.180421835248858	0.0	617242.0	4354.601858908618	75.662786	3.0937419999999918	0.0	62.339125264249624	
8798.735656147386	750.0	11.683355672841952	0.0	372963.0	2497.0661624069053	69.564049	0.0	6.098737	49.78149799493421	
8804.058425517667	1200.0	10.360586302561854	0.0	639204.0	5322.769370280097	72.000653	2.4366040000000027	0.0	59.041852363208044	
8805.3564866596	750.0	13.062525160627898	0.0	350713.0	1298.0611419339568	67.172129	0.0	4.828524000000002	49.10347287348152	
8806.745366463685	750.0	15.673645356544073	0.0	386472.0	1388.8798040838249	62.777649	0.0	4.3944800000000015	45.8423031210838	
8809.299273466606	1200.0	17.119738353623855	0.0	616206.0	2553.907002920218	68.532883	5.7552340000000015	0.0	57.09385149382384	
8812.505024530516	1200.0	17.913987289714573	0.0	656471.0	3205.7510639092843	63.455907	0.0	5.076975999999995	45.69259308258809	
8815.895521033373	1200.0	18.523490786856545	0.0	536667.0	3390.496502858027	68.420849	4.964942000000001	0.0	56.763485235890926	
8821.792761688612	750.0	16.62625013161767	0.0	359903.0	5897.240655238873	66.786337	0.0	1.6345120000000009	52.16558832707676	
8830.789977577175	1200.0	11.629034243056564	0.0	590335.0	8997.215888561108	79.644231	12.857894000000002	0.0	68.62045501785624	
8837.346295633455	1200.0	9.072716186775207	0.0	696376.0	6556.318056281356	80.745588	1.101356999999993	0.0	66.05008180256124	
8844.784063076704	1200.0	5.634948743526806	0.0	487160.0	7437.767443248402	80.893459	0.14787099999999498	0.0	65.89120220426116	
8847.448754273999	1200.0	6.9702575462326	0.0	622896.0	2664.691197294206	80.053124	0.0	0.8403349999999961	64.24386573042244	
8850.604936386846	1200.0	7.8140754333858125	0.0	641447.0	3156.1821128467873	80.154442	0.10131800000000624	0.0	65.2514564240098	
8853.969888436408	1200.0	8.449123383823732	0.0	570392.0	3364.9520495620804	78.009495	0.0	2.144947000000002	61.12892222454211	
8859.876569915617	1200.0	6.5424419046163536	0.0	620283.0	5906.681479207377	72.909556	0.0	5.099939000000006	53.67453510265016	
8861.53172223536	750.0	8.887289584871668	0.0	369834.0	1655.1523197446859	68.369339	0.0	4.540216999999998	50.42328474062561	
8865.646163406209	1850.0	8.77284841402426	0.0	1035329.0	4114.441170847409	71.430146	3.060806999999997	0.0	58.744684099017014	
8869.187278176041	1200.0	9.231733644191033	0.0	690253.0	3541.1147698332256	87.732581	16.302435000000003	0.0	76.4968627852952	
8873.802314477507	1200.0	8.616697342725722	0.0	598727.0	4615.036301465313	77.763467	0.0	9.96911399999999	52.61912849502004	
8878.707940464608	1200.0	7.711071355624932	0.0	487812.0	4905.62598710079	77.846693	0.08322599999999625	0.0	63.29163035592236	
8881.13751032705	1200.0	9.281501493185598	0.0	575591.0	2429.569862439334	77.292461	0.0	0.554231999999999	62.20941215869677	
8883.33187316075	1200.0	11.08713865948499	0.0	605884.0	2194.3628337006094	74.001829	0.0	3.290632000000002	56.519254990333565	
8885.815077824924	1200.0	12.603933995311229	0.0	587506.0	2483.2046641737606	72.886388	0.0	1.1154410000000041	57.88246197348263	
8887.51703128178	750.0	14.90198053845573	0.0	345516.0	1701.9534568554982	79.583372	6.6969840000000005	0.0	66.73313750009174	
8889.784937278118	750.0	16.634074542118817	0.0	384505.0	2267.9059963369123	64.443828	0.0	15.139544	35.852891186903015	
8892.356393514878	750.0	18.062618305360054	0.0	372093.0	2571.456236758765	58.879512	0.0	5.564315999999998	41.299771933747785	
8900.263982038116	750.0	14.15502978212191	0.0	438281.0	7907.588523238144	62.327504	3.4479919999999993	0.0	51.15101669476942	
8908.096228002669	1200.0	10.32278381756795	0.0	630203.0	7832.24596455396	77.745919	15.418415000000003	0.0	67.77573493369582	
8915.037162210423	1200.0	7.381849609813501	0.0	638661.0	6940.934207754449	77.309224	0.0	0.4366950000000003	62.348315386019244	
8922.744673882002	1850.0	4.0	0.32566206176410833	830730.0	7707.511671577609	84.040637	6.731413000000003	0.0	61.1405224401448	
8926.743536399003	1850.0	4.001137482998396	0.0	846370.0	3998.862517001604	92.020773	7.980136000000002	0.0	77.64872889128998	
