20835.633831262432	750.0	4.0	7.528019682657206	450283.0	7528.0196826572055	64.858346	0.0	0.0	-164.50921744414586	
20837.9301855155	300.0	5.7036457469296495	0.0	155580.0	2296.3542530703508	18.412623	0.0	46.445723	-36.3468075049402	
20839.93539118695	300.0	7.698440075476701	0.0	139857.0	2005.2056714529485	17.596212	0.0	0.8164109999999987	11.374421591985136	
20842.3332359407	300.0	9.300595321732349	0.0	155432.0	2397.844753744352	19.997309	2.401097	0.0	14.989583049748727	
20849.939179528767	750.0	5.694651733663676	0.0	411561.0	7605.943588068673	51.003805	31.006496	0.0	49.772613983746766	
20854.994289569888	750.0	4.639541692539488	0.0	318564.0	5055.110041124188	62.986308	11.982503000000001	0.0	54.252000083560986	
20859.067200158283	750.0	4.566631104145624	0.0	352642.0	4072.9105883938646	81.00828	18.021971999999998	0.0	71.31441799403183	
20860.682574056613	300.0	6.951257205815422	0.0	173849.0	1615.373898330202	35.451274	0.0	45.557006	-20.973827497774316	
20864.79536732955	750.0	6.838463932882152	0.0	374758.0	4112.79327293327	70.789292	35.338018000000005	0.0	67.81963505559679	
20868.470583223174	750.0	7.1632480392572235	0.0	362795.0	3675.2158936249284	64.786022	0.0	6.0032700000000006	45.836272051926805	
20872.289176324517	750.0	7.344654937916231	0.0	353220.0	3818.593101340992	70.008689	5.222667000000001	0.0	58.18502339881593	
20876.93828849377	750.0	6.695542768660618	0.0	405134.0	4649.1121692556135	59.00323	0.0	11.005459000000002	35.63150226952917	
20881.63352145799	750.0	6.0003098044441066	0.0	386351.0	4695.232964216511	59.358241	0.3550109999999975	0.0	47.71472422025977	
20883.992794355407	300.0	7.641036907025871	0.0	179801.0	2359.2728974182355	23.726678	0.0	35.631563	-20.372516939980503	
20885.83094363249	300.0	9.802887629944998	0.0	140051.0	1838.1492770808734	21.119447	0.0	2.6072309999999987	12.458195192670239	
20891.506002805447	750.0	8.127828456985753	0.0	366214.0	5675.059172959245	58.858709	37.739262	0.0	58.43111360987612	
20896.17543000014	750.0	7.458401262291472	0.0	360831.0	4669.427194694281	60.531124	1.6724150000000009	0.0	49.100589048161304	
20901.585153272572	750.0	6.048677989861244	0.0	372963.0	5409.7232724302285	69.564049	9.032924999999999	0.0	58.9438058139744	
20905.93897037162	750.0	5.694860890814232	0.0	405596.0	4353.817099047012	60.564875	0.0	8.999173999999996	39.08272725573663	
20910.284775819782	750.0	5.349055442649758	0.0	350713.0	4345.805448164475	67.172129	6.6072539999999975	0.0	56.195305162945644	
20912.106407698906	300.0	7.527423563526694	0.0	157671.0	1821.6318791230635	28.807059	0.0	38.36507	-18.970184520798494	
20916.697027035778	750.0	6.936804226657212	0.0	399894.0	4590.619336869482	55.443233	26.636174	0.0	52.23013877627525	
20921.555690559602	750.0	6.078140702832261	0.0	401853.0	4858.663523824951	47.960406	0.0	7.482827	30.016831048248612	
20925.50281625916	750.0	6.131015003274469	0.0	343800.0	3947.125699557791	55.451197	7.4907910000000015	0.0	46.53210385732817	
20930.183807024037	750.0	5.450024238400937	0.0	359903.0	4680.9907648735325	66.786337	11.335140000000003	0.0	57.277353060696605	
20934.281253976034	750.0	5.352577286402012	0.0	379700.0	4097.446951998925	66.676537	0.0	0.109800000000007	53.69031629537219	
20938.87574771233	750.0	4.758083550107682	0.0	425781.0	4594.49373629433	65.665965	0.0	1.0105719999999963	51.87874368281537	
20942.200182840214	750.0	5.433648422223252	0.0	277716.0	3324.43512788443	68.231907	2.565942000000007	0.0	55.88863627581473	
20947.606334576303	750.0	4.027496686132591	0.0	400396.0	5406.151736090661	69.601487	1.3695799999999991	0.0	56.69205323288801	
20952.131844997035	750.0	4.0	0.4980137345971507	400508.0	4525.510420729742	67.821489	0.0	1.7799980000000062	38.5471387996319	
20955.39062414349	750.0	4.7412208535432185	0.0	358218.0	3258.779146456782	64.789531	0.0	3.031958000000003	48.99180250230414	
20959.615419199396	750.0	4.516425797634821	0.0	400322.0	4224.795055908397	60.651768	0.0	4.137763	44.31426861062449	
20963.366876124084	750.0	4.764968872945357	0.0	369834.0	3751.456924689464	68.369339	7.7175709999999995	0.0	57.54006651746116	
20967.961358048775	750.0	4.170486948256095	0.0	412837.0	4594.481924689262	49.996929	0.0	18.372409999999995	20.187729359352712	
20972.221054287784	750.0	4.0	0.08920929075470485	401088.0	4259.6962390108	69.915275	19.918345999999993	0.0	59.91594235816511	
20975.44625708003	750.0	4.774797207753562	0.0	365161.0	3225.2027922464376	60.276519	0.0	9.638755999999994	38.15992246287269	
20978.297676647424	750.0	5.923377640358164	0.0	321064.0	2851.419567395398	67.040505	6.763985999999996	0.0	56.13053433110116	
20981.616241001193	750.0	6.604813286589977	0.0	361565.0	3318.5643537681876	66.788635	0.0	0.2518699999999967	53.6345161054191	
20985.993625681633	750.0	6.227428606150956	0.0	378327.0	4377.384680439021	62.32333	0.0	4.465305000000001	45.38239461526515	
20990.607265997958	750.0	5.613788289824679	0.0	390680.0	4613.640316326277	61.525566	0.0	0.7977640000000008	48.59802426280343	
20993.38502698666	750.0	6.836027301121917	0.0	345516.0	2777.760988702762	79.583372	18.057806	0.0	70.11833935431406	
20996.382084646364	750.0	7.83896964141791	0.0	384505.0	2997.0576597040063	64.443828	0.0	15.139544	35.852891186903015	
20998.843787310445	750.0	9.377266977336902	0.0	372093.0	2461.702664081009	58.879512	0.0	5.564315999999998	41.299771933747785	
21002.07563156117	750.0	10.1454227266149	0.0	438281.0	3231.844250722003	62.327504	3.4479919999999993	0.0	51.15101669476942	
21005.244951912016	750.0	10.976102375768056	0.0	398987.0	3169.3203508468428	63.729239	1.4017350000000022	0.0	51.728421217727	
21008.58628635521	750.0	11.63476793257345	0.0	393804.0	3341.334443194607	62.845425	0.0	0.883814000000001	49.62451534898482	
21015.920896851338	1200.0	8.300157436443342	0.0	538612.0	7334.610496130108	74.51099	11.665565000000008	0.0	63.91782743622792	
21021.49498415038	750.0	6.726070137402163	0.0	314107.0	5574.087299041178	75.210559	0.6995689999999968	0.0	61.242738256780044	
