12949.412683271423	750.0	4.0	2.600378850967279	450283.0	2600.378850967279	64.858346	0.0	0.0	-22.613298394287476	
12951.366768709124	750.0	6.045914562300093	0.0	398865.0	1954.0854376999066	57.017244	0.0	7.841101999999999	37.30694774282116	
12953.231635826301	750.0	8.181047445122672	0.0	350812.0	1864.86711717742	60.430767	3.413523000000005	0.0	49.53439726135709	
12955.946888498785	750.0	9.465794772638933	0.0	382355.0	2715.2526724837385	55.551349	0.0	4.879418000000001	39.207823032133746	
12961.661865628867	1200.0	7.750817642557657	0.0	652874.0	5714.977130081276	64.23322	8.681871000000001	0.0	54.32451676193826	
12965.433782835196	1200.0	7.978900436226558	0.0	520315.0	3771.917206331099	75.14582	10.912599999999998	0.0	64.23110350586552	
12968.843338482806	750.0	8.569344788617462	0.0	352642.0	3409.555647609096	81.00828	5.862459999999999	0.0	67.6912292345531	
12973.17409554161	750.0	8.23858772981408	0.0	437162.0	4330.757058803382	69.475262	0.0	11.533017999999998	43.94053818670605	
12975.964976186602	750.0	9.447707084822456	0.0	374758.0	2790.880644991624	70.789292	1.3140300000000025	0.0	57.681454273815504	
12979.093295395192	750.0	10.319387876231328	0.0	362795.0	3128.319208591126	64.786022	0.0	6.0032700000000006	45.836272051926805	
12981.737956102574	750.0	11.67472716884956	0.0	353220.0	2644.660707381768	70.008689	5.222667000000001	0.0	58.18502339881593	
12984.766729963461	750.0	12.645953307962179	0.0	405134.0	3028.77386088738	59.00323	0.0	11.005459000000002	35.63150226952917	
12990.140256245593	750.0	11.272427025829638	0.0	386351.0	5373.5262821325405	59.358241	0.3550109999999975	0.0	47.71472422025977	
12998.83203130527	750.0	6.580651966152658	0.0	434409.0	8691.77505967698	56.692976	0.0	2.665264999999998	42.523882025230556	
13002.403893931645	750.0	7.008789339776881	0.0	337059.0	3571.8626263757783	54.76216	0.0	1.930816	41.66792139000558	
13006.184518624303	750.0	7.228164647120746	0.0	366214.0	3780.624692656134	58.858709	4.096548999999996	0.0	48.406541934633836	
13011.20584783255	750.0	6.206835438870816	0.0	360831.0	5021.32920824993	60.531124	1.6724150000000009	0.0	49.100589048161304	
13015.413695548476	1200.0	5.998987722947649	0.0	581493.0	4207.847715923167	79.137254	18.60613	0.0	69.90390648704971	
13018.920837539123	1200.0	6.491845732298479	0.0	639204.0	3507.1419906491687	72.000653	0.0	7.136600999999999	50.743888071584934	
13022.811665636966	1200.0	6.601017634456753	0.0	586839.0	3890.828097841727	79.134663	7.1340100000000035	0.0	66.48334667339239	
13028.089933341256	1200.0	5.322749930168084	0.0	601738.0	5278.267704288669	74.235946	0.0	4.898717000000005	55.01135256729831	
13032.506253494717	1200.0	4.906429776706862	0.0	616206.0	4416.320153461222	68.532883	0.0	5.703063	49.32801204213999	
13036.18935617194	1200.0	5.223327099483588	0.0	656471.0	3683.102677223274	63.455907	0.0	5.076975999999995	45.69259308258809	
13039.127683339217	1200.0	6.284999932208766	0.0	536667.0	2938.3271672748215	68.420849	4.964942000000001	0.0	56.763485235890926	
13041.60727152517	750.0	7.8054117462544745	0.0	359903.0	2479.5881859542915	66.786337	0.0	1.6345120000000009	52.16558832707676	
13044.146564537601	750.0	9.266118733823681	0.0	379700.0	2539.293012430794	66.676537	0.0	0.109800000000007	53.69031629537219	
13048.43421799465	1200.0	8.97846527677361	0.0	696376.0	4287.653457050072	80.745588	14.069051000000002	0.0	69.91408581334386	
13051.676061015967	1200.0	9.736622255456881	0.0	487160.0	3241.8430213167294	80.893459	0.14787099999999498	0.0	65.89120220426116	
13056.59167178502	1200.0	8.821011486404782	0.0	622896.0	4915.6107690521	80.053124	0.0	0.8403349999999961	64.24386573042244	
13059.417717664826	1200.0	9.994965606597958	0.0	641447.0	2826.0458798068235	80.154442	0.10131800000000624	0.0	65.2514564240098	
13064.498226865384	1200.0	8.91445640604062	0.0	570392.0	5080.509200557339	78.009495	0.0	2.144947000000002	61.12892222454211	
13072.494921982496	1850.0	4.917761288929411	0.0	954453.0	7996.695117111209	83.67714	5.667644999999993	0.0	69.8934403748377	
13076.339839746288	1200.0	5.072843525137147	0.0	584349.0	3844.9177637922644	79.771897	0.0	3.9052429999999987	60.75383035011878	
13081.080680121364	1850.0	4.332003150060393	0.0	1035329.0	4740.840375076754	71.430146	0.0	8.341751000000002	48.982062277546724	
13084.624624120697	1200.0	4.788059150726317	0.0	690253.0	3543.9439993340757	87.732581	16.302435000000003	0.0	76.4968627852952	
13088.768142762623	1850.0	4.6445405088008	0.0	943942.0	4143.518641925517	90.168439	2.4358580000000103	0.0	74.42794802438888	
13091.45773353812	1850.0	5.954949733304644	0.0	728962.0	2689.5907754961568	86.066994	0.0	4.101445000000012	65.87698482373372	
13095.163548316246	1850.0	6.249134955178674	0.0	938587.0	3705.814778125971	86.593761	0.5267670000000066	0.0	70.83169447059112	
13099.825746320246	2850.0	5.586936951178686	0.0	1427478.0	4662.198003999988	90.92969	4.335928999999993	0.0	75.63881945364574	
13104.561163736736	2850.0	4.85151953468715	0.0	1402287.0	4735.417416491535	91.34334	0.41365000000000407	0.0	74.82041250127551	
13107.407345650792	1850.0	6.005337620632312	0.0	858450.0	2846.1819140548387	92.068418	0.7250779999999963	0.0	75.52727854404898	
13110.578782025896	1850.0	6.833901245527501	0.0	1025005.0	3171.436375104811	85.276808	0.0	6.7916099999999915	62.353513406015615	
13115.9827437724	2850.0	5.4299394990220735	0.0	1343002.0	5403.961746505427	87.659279	2.3824709999999953	0.0	72.28702985263917	
13120.440920018305	2850.0	4.971763253117111	0.0	1587250.0	4458.176245904962	95.172719	7.513440000000003	0.0	80.1790532906648	
13124.004634203682	2850.0	5.408049067741694	0.0	1464921.0	3563.7141853754174	96.481395	1.3086760000000055	0.0	79.43852922609656	
13127.255961848166	2850.0	6.156721423257774	0.0	1483527.0	3251.3276444839203	95.602302	0.0	0.8790930000000117	77.37135948851477	
13132.61947366256	4300.0	4.793209608863428	0.0	1961140.0	5363.5118143943455	99.97428	4.371977999999999	0.0	83.30943425046118	
13136.531795849314	2850.0	4.880887422110664	0.0	1364537.0	3912.3221867527636	97.895096	0.0	2.079183999999998	78.03983405429102	
