23536.727777860568	750.0	4.0	4.010168074006698	450283.0	4010.168074006698	64.858346	0.0	0.0	-63.20946688596701	
23540.918908109303	1200.0	4.0	0.19113024873550238	611087.0	4191.130248735502	69.839987	4.981640999999996	0.0	52.46656049022475	
23543.940658011954	1200.0	4.97825009734932	0.0	571051.0	3021.7499026506803	73.587374	3.7473870000000034	0.0	60.77622417883262	
23547.071947863245	1200.0	5.846960246055579	0.0	617681.0	3131.289851293741	69.474665	0.0	4.112708999999995	51.81297205080018	
23552.206441136575	1850.0	4.712466972726209	0.0	996749.0	5134.49327332937	75.455188	5.980523000000005	0.0	63.023488927640194	
23555.791121773298	1850.0	5.127786336004383	0.0	801058.0	3584.6806367218264	86.249306	10.794117999999997	0.0	73.59935374672818	
23558.111808534766	1200.0	6.807099574536556	0.0	561791.0	2320.686761467827	89.177904	2.928597999999994	0.0	73.73588534977478	
23562.16165649072	1200.0	6.757251618583292	0.0	709534.0	4049.8479559532643	82.426144	0.0	6.751760000000004	59.981563733654696	
23565.755142085633	1200.0	7.163766023669757	0.0	584846.0	3593.4855949135354	82.430225	0.004080999999999335	0.0	67.14984568949134	
23568.65999973004	1200.0	8.258908379263111	0.0	560821.0	2904.8576444066452	76.960357	0.0	5.469867999999991	56.71266867445105	
23571.615060136275	1200.0	9.303847973029805	0.0	607410.0	2955.0604062333055	82.096766	5.1364090000000004	0.0	68.39672667617816	
23575.614752959766	1850.0	9.304155149536044	0.0	917428.0	3999.692823493763	82.202545	0.10577899999999829	0.0	66.98732635875223	
23580.076303337704	1850.0	8.842604771596617	0.0	946851.0	4461.550377939426	83.629776	1.4272310000000061	0.0	68.58980497651146	
23584.930853886348	1850.0	7.988054222952403	0.0	1036454.0	4854.550548644214	80.875505	0.0	2.754271000000003	62.909657170689236	
23588.917248360925	1850.0	8.001659748377069	0.0	821631.0	3986.3944745753342	78.494849	0.0	2.380656000000002	61.28988207838268	
23593.86738663615	1850.0	7.051521473152687	0.0	923170.0	4950.138275224383	83.7301	5.235250999999991	0.0	69.80945114237906	
23597.226932868973	1200.0	7.691975240329122	0.0	617242.0	3359.546232823565	75.662786	0.0	8.067313999999996	52.857867096336925	
23599.720020233828	750.0	9.198887875474314	0.0	372963.0	2493.0873648548077	69.564049	0.0	6.098737	49.78149799493421	
23603.92101948748	1200.0	8.997888621824389	0.0	639204.0	4200.999253649925	72.000653	2.4366040000000027	0.0	59.041852363208044	
23605.59953619865	750.0	11.31937191065121	0.0	350713.0	1678.5167111731803	67.172129	0.0	4.828524000000002	49.10347287348152	
23609.189576882385	1200.0	11.729331226914741	0.0	601738.0	3590.040683736468	74.235946	7.063817	0.0	62.31370233979262	
23613.117016648477	1200.0	11.801891460821485	0.0	616206.0	3927.439766093255	68.532883	0.0	5.703063	49.32801204213999	
23616.859645646276	1200.0	12.059262463021893	0.0	656471.0	3742.628997799593	63.455907	0.0	5.076975999999995	45.69259308258809	
23619.86420044464	1200.0	13.054707664656199	0.0	536667.0	3004.5547983656943	68.420849	4.964942000000001	0.0	56.763485235890926	
23622.133567587065	750.0	14.785340522232785	0.0	359903.0	2269.3671424234135	66.786337	0.0	1.6345120000000009	52.16558832707676	
23625.038190817275	750.0	15.880717292023592	0.0	379700.0	2904.623230209194	66.676537	0.0	0.109800000000007	53.69031629537219	
23628.38763721026	750.0	16.53127089903698	0.0	425781.0	3349.4463929866124	65.665965	0.0	1.0105719999999963	51.87874368281537	
23631.90614063015	750.0	17.012767479146596	0.0	277716.0	3518.50341989038	68.231907	2.565942000000007	0.0	55.88863627581473	
23634.850235497866	750.0	18.06867261143357	0.0	400396.0	2944.0948677130314	69.601487	1.3695799999999991	0.0	56.69205323288801	
23640.889747579575	1200.0	16.02916052972419	0.0	641447.0	6039.512081709377	80.154442	10.552954999999997	0.0	68.3657470054535	
23647.016842083387	750.0	13.902066025913141	0.0	358218.0	6127.094503811049	64.789531	0.0	15.364911000000006	35.90655330554103	
23652.71802931336	750.0	12.200878795939746	0.0	400322.0	5701.187229973398	60.651768	0.0	4.137763	44.31426861062449	
23656.316798594115	750.0	12.60210951518617	0.0	369834.0	3598.7692807535745	68.369339	7.7175709999999995	0.0	57.54006651746116	
23659.855614831064	750.0	13.06329327823476	0.0	412837.0	3538.8162369514102	49.996929	0.0	18.372409999999995	20.187729359352712	
23664.757798914987	750.0	12.16110919430965	0.0	401088.0	4902.184083925109	69.915275	19.918345999999993	0.0	62.48480537634975	
23669.85929151031	1200.0	11.059616598988308	0.0	598727.0	5101.492595321343	77.763467	7.848192000000012	0.0	65.53488519734074	
23674.70749442711	1200.0	10.2114136821875	0.0	487812.0	4848.2029168008075	77.846693	0.08322599999999625	0.0	63.29163035592236	
23678.23498440044	750.0	10.683923708860156	0.0	361565.0	3527.4899733273433	66.788635	0.0	11.058058000000003	42.16916284841154	
23682.265729428927	750.0	10.653178680371376	0.0	378327.0	4030.7450284887814	62.32333	0.0	4.465305000000001	45.38239461526515	
23689.628342453474	1200.0	7.290565655826095	0.0	587506.0	7362.6130245452805	72.886388	10.563057999999998	0.0	62.21343448466478	
23692.345249658305	750.0	8.573658450991417	0.0	345516.0	2716.9072048346766	79.583372	6.6969840000000005	0.0	66.73313750009174	
23695.4554665502	750.0	9.463441559093702	0.0	384505.0	3110.216891897715	64.443828	0.0	15.139544	35.852891186903015	
23699.53783996422	750.0	9.381068145073787	0.0	372093.0	4082.373414019916	58.879512	0.0	5.564315999999998	41.299771933747785	
23704.56224550185	750.0	8.356662607446063	0.0	438281.0	5024.405537627723	62.327504	3.4479919999999993	0.0	51.15101669476942	
23708.05024562781	750.0	8.868662481481415	0.0	398987.0	3488.000125964649	63.729239	1.4017350000000022	0.0	51.728421217727	
23713.241105806163	750.0	7.6778023031320775	0.0	393804.0	5190.860178349338	62.845425	0.0	0.883814000000001	49.62451534898482	
23719.2398959498	1200.0	5.679012159493632	0.0	538612.0	5998.790143638445	74.51099	11.665565000000008	0.0	63.91782743622792	
23723.535570699245	1200.0	5.383337410049422	0.0	550906.0	4295.67474944421	86.366143	11.855152999999987	0.0	74.01446138471348	
