14657.524720239295	750.0	4.0	2.731225734575557	450283.0	2731.225734575557	64.858346	0.0	0.0	-26.38115393379909	
14659.94970582841	750.0	5.575014410885613	0.0	398865.0	2424.985589114387	57.017244	0.0	7.841101999999999	37.30694774282116	
14662.77632367028	750.0	6.748396569016907	0.0	350812.0	2826.617841868706	60.430767	3.413523000000005	0.0	49.53439726135709	
14669.14385386229	750.0	4.380866377007281	0.0	382355.0	6367.530192009626	55.551349	0.0	4.879418000000001	39.207823032133746	
14674.047983192439	750.0	4.0	0.5232629531422098	411561.0	4904.129330149491	51.003805	0.0	4.547544000000002	20.640786229245354	
14678.797231105294	750.0	4.0	0.7492479128550785	318564.0	4749.2479128550785	62.986308	11.982503000000001	0.0	32.676722009915565	
14681.747508085924	750.0	5.049723019370813	0.0	352642.0	2950.2769806291876	81.00828	18.021971999999998	0.0	71.31441799403183	
14686.553302973756	1200.0	4.243928131538423	0.0	709534.0	4805.79488783239	82.426144	1.4178639999999945	0.0	67.56765661211375	
14689.24167709715	750.0	5.55555400814456	0.0	374758.0	2688.374123393864	70.789292	0.0	11.63685199999999	44.94322388247148	
14692.683842640163	750.0	6.113388465131855	0.0	362795.0	3442.1655430127043	64.786022	0.0	6.0032700000000006	45.836272051926805	
14695.420676707465	750.0	7.376554397830145	0.0	353220.0	2736.834067301709	70.008689	5.222667000000001	0.0	58.18502339881593	
14699.757744632185	1200.0	7.039486473110475	0.0	594078.0	4337.06792471967	70.906301	0.8976119999999952	0.0	57.65646860355332	
14706.12525416516	1200.0	4.671976940135723	0.0	624282.0	6367.509532974753	73.534048	2.6277469999999994	0.0	60.397441453335624	
14710.479490864387	1200.0	4.317740240909346	0.0	687371.0	4354.236699226376	70.998108	0.0	2.5359399999999965	54.776127730538505	
14714.028592236742	1200.0	4.76863886855461	0.0	526950.0	3549.1013723547367	67.735752	0.0	3.262355999999997	51.24250829039699	
14717.301824261736	1200.0	5.495406843561081	0.0	587876.0	3273.232024993529	72.569044	4.833292	0.0	60.237368188531434	
14720.491496920267	1200.0	6.305734185030929	0.0	617242.0	3189.6726585301517	75.662786	3.0937419999999918	0.0	62.339125264249624	
14723.991986986144	1200.0	6.805244119155466	0.0	581493.0	3500.4900658754636	79.137254	3.4744680000000017	0.0	65.39510155551699	
14730.233659539032	1850.0	4.5635715662683625	0.0	987708.0	6241.672552887104	79.995224	0.8579699999999946	0.0	65.34207530148709	
14733.66682954039	1200.0	5.130401564908107	0.0	586839.0	3433.1700013602563	79.134663	0.0	0.8605609999999899	63.444560336070744	
14736.799226383402	1200.0	5.998004721895918	0.0	601738.0	3132.3968430121886	74.235946	0.0	4.898717000000005	55.01135256729831	
14741.949215226934	1850.0	4.848015878364615	0.0	955231.0	5149.988843531303	79.031768	4.795822000000001	0.0	65.69949125877463	
14746.176719361067	1850.0	4.620511744230611	0.0	968026.0	4227.504134134004	73.123347	0.0	5.908421000000004	52.99779644730492	
14750.28153080972	1850.0	4.515700295578932	0.0	874175.0	4104.811448651679	80.700778	7.577431000000004	0.0	67.94181803672566	
14753.953508683013	1850.0	4.843722422285913	0.0	897976.0	3671.9778732930195	86.994267	6.293488999999994	0.0	72.88920259297404	
14757.571233199784	1850.0	5.225997905514409	0.0	905935.0	3617.724516771504	89.133614	2.1393470000000008	0.0	73.46320174835421	
14761.85874765482	1850.0	4.938483450479075	0.0	1076599.0	4287.514455035333	90.791041	1.6574270000000126	0.0	74.72328004362873	
14764.012050363703	1200.0	6.785180741596546	0.0	487160.0	2153.302708882529	80.893459	0.0	9.897582000000014	55.345817533980046	
14766.349552465914	1200.0	8.447678639385456	0.0	622896.0	2337.502102211091	80.053124	0.0	0.8403349999999961	64.24386573042244	
14769.706086312184	1850.0	9.091144793114792	0.0	975811.0	3356.533846270664	89.334885	9.281761000000003	0.0	75.76189462139817	
14773.141902088135	1850.0	9.655329017163437	0.0	873429.0	3435.8157759513565	87.120667	0.0	2.2142180000000025	68.77168736090755	
14777.690220129587	1850.0	9.107010975712969	0.0	954453.0	4548.318041450468	83.67714	0.0	3.443527000000003	64.551065096847	
14780.452547774596	1200.0	10.344683330704438	0.0	584349.0	2762.3276450085305	79.771897	0.0	3.9052429999999987	60.75383035011878	
14789.244078143562	2850.0	5.553152961739826	0.0	1587293.0	8791.530368964612	81.858634	2.0867369999999994	0.0	67.28633690010463	
14793.169469614571	1200.0	5.627761490729658	0.0	690253.0	3925.391471010168	87.732581	5.873947000000001	0.0	73.38946994749392	
14797.119202310076	1850.0	5.6780287952242485	0.0	943942.0	3949.7326955054095	90.168439	2.4358580000000103	0.0	74.42794802438888	
14800.150553536401	1850.0	6.6466775688980055	0.0	728962.0	3031.3512263262432	86.066994	0.0	4.101445000000012	65.87698482373372	
14805.085576293524	1200.0	5.7116548117757935	0.0	575591.0	4935.022757122211	77.292461	0.0	8.774532999999991	53.4876820866369	
14809.870393982723	1850.0	4.926837122576073	0.0	908665.0	4784.817689199721	82.415248	5.122787000000002	0.0	68.66239046371803	
14814.400525279198	1850.0	4.396705826100948	0.0	930577.0	4530.131296475124	83.556577	1.141328999999999	0.0	68.44262199794545	
14816.189307364082	750.0	6.607923741216124	0.0	345516.0	1788.7820848848255	79.583372	0.0	3.973205000000007	60.52206071503834	
14819.426055916952	1200.0	7.371175188345757	0.0	641452.0	3236.748552870367	75.706383	0.0	3.8769889999999947	57.34071953352638	
14824.400584665074	1850.0	6.396646440223157	0.0	886255.0	4974.5287481226	78.86339	3.157006999999993	0.0	65.06857148325741	
14829.513040728203	1850.0	5.284190377094913	0.0	973972.0	5112.456063128244	84.84845	5.985060000000004	0.0	70.98000474499611	
14834.40539295716	1850.0	4.391838148138364	0.0	958994.0	4892.352228956549	87.119023	2.270572999999999	0.0	71.79614403033668	
14837.932453912303	1850.0	4.864777192995627	0.0	982064.0	3527.060955142737	86.680563	0.0	0.4384599999999921	70.28304003058662	
14841.730669997247	2850.0	5.066561108052381	0.0	1231456.0	3798.2160849432453	92.485503	5.804939999999988	0.0	77.39416269406718	
14846.67775085595	2850.0	4.119480249349219	0.0	1364537.0	4947.080858703162	97.895096	5.409593000000001	0.0	81.85775079398817	
