17931.60314931568	750.0	4.0	5.775321338143219	450283.0	5775.321338143219	64.858346	0.0	0.0	-114.03866755898184	
17934.714111659418	750.0	4.889037656261021	0.0	398865.0	3110.962343738979	57.017244	0.0	7.841101999999999	37.30694774282116	
17937.584066209107	750.0	6.019083106570632	0.0	350812.0	2869.9545496903893	60.430767	3.413523000000005	0.0	49.53439726135709	
17940.973695131477	750.0	6.629454184200358	0.0	382355.0	3389.6289223702734	55.551349	0.0	4.879418000000001	39.207823032133746	
17945.80424758556	750.0	5.798901730120091	0.0	411561.0	4830.552454080267	51.003805	0.0	4.547544000000002	35.708620955217725	
17950.202732976	1200.0	5.400416339681104	0.0	520315.0	4398.485390438987	75.14582	24.142015	0.0	68.1730929313029	
17954.66805105442	750.0	4.935098261257277	0.0	352642.0	4465.318078423827	81.00828	5.862459999999999	0.0	67.6912292345531	
17957.799392303095	750.0	5.80375701258524	0.0	437162.0	3131.3412486720376	69.475262	0.0	11.533017999999998	43.94053818670605	
17961.425927895816	750.0	6.177221419860763	0.0	374758.0	3626.535592724477	70.789292	1.3140300000000025	0.0	57.681454273815504	
17963.862874026872	750.0	7.740275288808	0.0	362795.0	2436.946131052763	64.786022	0.0	6.0032700000000006	45.836272051926805	
17966.39791748794	750.0	9.205231827743454	0.0	353220.0	2535.043461064548	70.008689	5.222667000000001	0.0	58.18502339881593	
17970.765759436308	750.0	8.837389879372383	0.0	405134.0	4367.841948371071	59.00323	0.0	11.005459000000002	35.63150226952917	
17978.007754986083	750.0	5.595394329597365	0.0	386351.0	7241.995549775017	59.358241	0.3550109999999975	0.0	47.71472422025977	
17981.027947723836	300.0	6.575201591847941	0.0	179801.0	3020.1927377494244	23.726678	0.0	35.631563	-20.372516939980503	
17983.345863361013	300.0	8.257285954670733	0.0	140051.0	2317.915637177208	21.119447	0.0	2.6072309999999987	12.458195192670239	
17987.170716183522	750.0	8.43243313216176	0.0	366214.0	3824.8528225089717	58.858709	37.739262	0.0	58.43111360987612	
17991.865710287126	750.0	7.737439028557862	0.0	360831.0	4694.994103603899	60.531124	1.6724150000000009	0.0	49.100589048161304	
17996.811683828422	750.0	6.791465487261627	0.0	372963.0	4945.9735412962345	69.564049	9.032924999999999	0.0	58.9438058139744	
18002.570638017347	750.0	5.032511298338246	0.0	405596.0	5758.9541889233815	60.564875	0.0	8.999173999999996	39.08272725573663	
18006.296860168077	750.0	5.306289147607706	0.0	350713.0	3726.22215073054	67.172129	6.6072539999999975	0.0	56.195305162945644	
18007.980274436075	300.0	7.622874879610162	0.0	157671.0	1683.4142679975441	28.807059	0.0	38.36507	-18.970184520798494	
18009.557091692306	300.0	10.046057623378085	0.0	157812.0	1576.817256232078	21.07483	0.0	7.732229	6.982791919539274	
18011.22370522297	300.0	12.379444092715598	0.0	163927.0	1666.6135306624874	16.837774	0.0	4.237055999999999	7.102799135832186	
18017.39071228886	750.0	10.212437026823062	0.0	343800.0	6167.007065892534	55.451197	38.613423	0.0	55.805763065674086	
18019.704084788464	300.0	11.899064527217973	0.0	146754.0	2313.37249960509	25.355956	0.0	30.095241	-13.118648223618564	
18021.999646065415	300.0	13.603503250266728	0.0	153938.0	2295.5612769512472	22.855883	0.0	2.5000730000000004	14.042479268061296	
18024.8531415881	300.0	14.75000772758048	0.0	181901.0	2853.4955226862476	27.469573	4.613690000000002	0.0	21.977141438694208	
18029.486213831304	750.0	14.116935484375237	0.0	277716.0	4633.072243205243	68.231907	40.76233400000001	0.0	67.27007478642625	
18035.445165699963	750.0	12.157983615718756	0.0	400396.0	5958.951868656482	69.601487	1.3695799999999991	0.0	56.69205323288801	
18042.367120334788	750.0	9.236028980892705	0.0	400508.0	6921.954634826051	67.821489	0.0	1.7799980000000062	52.88789921294314	
18047.46411649196	750.0	8.139032823722793	0.0	358218.0	5096.996157169911	64.789531	0.0	3.031958000000003	48.99180250230414	
18052.828169878143	750.0	6.7749794375374695	0.0	400322.0	5364.053386185324	60.651768	0.0	4.137763	44.31426861062449	
18058.724167111905	750.0	4.878982203778515	0.0	369834.0	5895.997233758955	68.369339	7.7175709999999995	0.0	57.54006651746116	
18060.393177284284	300.0	7.209972031397981	0.0	163444.0	1669.0101723805335	17.178658	0.0	51.190681	-42.426248896999155	
18061.83069052354	300.0	9.772458792146463	0.0	179328.0	1437.513239251519	28.893466	11.714808000000001	0.0	25.298969194880584	
18065.004114434934	750.0	10.599034880748288	0.0	365161.0	3173.4239113981757	60.276519	31.383053	0.0	57.73788894705108	
18068.324391433805	750.0	11.278757881879589	0.0	321064.0	3320.2769988687005	67.040505	6.763985999999996	0.0	56.13053433110116	
18074.396608211067	750.0	9.20654110461917	0.0	361565.0	6072.216777260419	66.788635	0.0	0.2518699999999967	53.6345161054191	
18082.115908052794	750.0	5.487241262890932	0.0	378327.0	7719.299841728237	62.32333	0.0	4.465305000000001	45.38239461526515	
18085.978021913405	750.0	5.625127402281697	0.0	390680.0	3862.1138606092354	61.525566	0.0	0.7977640000000008	48.59802426280343	
18089.042869680958	750.0	6.560279634729567	0.0	345516.0	3064.84776755213	79.583372	18.057806	0.0	70.11833935431406	
18094.314625679617	750.0	5.288523636069502	0.0	384505.0	5271.755998660065	64.443828	0.0	15.139544	35.852891186903015	
18098.401621100897	750.0	5.201528214788718	0.0	372093.0	4086.9954212807834	58.879512	0.0	5.564315999999998	41.299771933747785	
18102.64252736193	750.0	4.960621953750027	0.0	438281.0	4240.906261038691	62.327504	3.4479919999999993	0.0	51.15101669476942	
18106.709859777457	750.0	4.8932895382235895	0.0	398987.0	4067.3324155264386	63.729239	1.4017350000000022	0.0	51.728421217727	
18110.754370020306	750.0	4.848779295372813	0.0	393804.0	4044.510242850776	62.845425	0.0	0.883814000000001	49.62451534898482	
18114.50353065266	750.0	5.099618663022898	0.0	331053.0	3749.1606323499145	60.678126	0.0	2.167299	46.42725130719397	
18119.88028769871	750.0	4.0	0.27713838302986094	314107.0	5376.7570460527595	75.210559	14.532433000000005	0.0	57.38408542241291	
