3610.1134220624526	750.0	4.0	4.127748728925795	450283.0	4127.748728925795	64.858346	0.0	0.0	-66.59530925193906	
3614.443505594829	750.0	4.0	0.33008353237607296	398865.0	4330.083532376073	57.017244	0.0	7.841101999999999	27.801890903346983	
3616.504584408002	750.0	5.938921186826535	0.0	350812.0	2061.078813173464	60.430767	3.413523000000005	0.0	49.53439726135709	
3618.5959452224456	750.0	7.847560372382843	0.0	382355.0	2091.360814443692	55.551349	0.0	4.879418000000001	39.207823032133746	
3621.1633643951814	750.0	9.280141199647248	0.0	411561.0	2567.4191727355937	51.003805	0.0	4.547544000000002	35.708620955217725	
3623.376209237515	750.0	11.067296357313637	0.0	318564.0	2212.844842333613	62.986308	11.982503000000001	0.0	54.252000083560986	
3625.807840753934	750.0	12.635664840894115	0.0	352642.0	2431.631516419523	81.00828	18.021971999999998	0.0	71.31441799403183	
3632.0430660635584	1200.0	10.400439531270392	0.0	709534.0	6235.225309623724	82.426144	1.4178639999999945	0.0	67.56765661211375	
3640.7632507427497	1200.0	5.68025485207898	0.0	584846.0	8720.18467919141	82.430225	0.004080999999999335	0.0	67.14984568949134	
3645.7358883260445	1200.0	4.707617268783936	0.0	560821.0	4972.637583295044	76.960357	0.0	5.469867999999991	56.71266867445105	
3649.9737595543106	1200.0	4.469746040517978	0.0	607410.0	4237.871228265958	82.096766	5.1364090000000004	0.0	68.39672667617816	
3653.8871740327045	1200.0	4.556331562124439	0.0	594078.0	3913.41447839354	70.906301	0.0	11.190465000000003	45.51593503586405	
3657.8930783134915	1850.0	4.550427281337379	0.0	946851.0	4005.9042807870596	83.629776	12.723475000000008	0.0	71.95576442333211	
3661.865384106318	1850.0	4.578121488510561	0.0	1036454.0	3972.305792826818	80.875505	0.0	2.754271000000003	62.909657170689236	
3664.991974890795	1850.0	5.451530704033369	0.0	821631.0	3126.590784477192	78.494849	0.0	2.380656000000002	61.28988207838268	
3668.4562772514755	1850.0	5.987228343352958	0.0	923170.0	3464.3023606804118	83.7301	5.235250999999991	0.0	69.80945114237906	
3671.3916906916343	1850.0	7.051814903194379	0.0	966699.0	2935.4134401585775	86.226021	2.49592100000001	0.0	71.10700694933738	
3673.1463505852385	1200.0	9.29715500958983	0.0	581493.0	1754.6598936045505	79.137254	0.0	7.088767000000004	56.83863512869361	
3675.795962598892	1850.0	10.647542995936218	0.0	987708.0	2649.6120136536097	79.995224	0.8579699999999946	0.0	65.34207530148709	
3678.6027725666213	1850.0	11.840733028206856	0.0	923755.0	2806.8099677293635	86.363677	6.368453000000002	0.0	72.3774923683489	
3683.598405790398	2850.0	10.84509980443027	0.0	1415116.0	4995.633223776586	90.785318	4.421641000000008	0.0	75.54209038638726	
3688.4022724798356	1850.0	10.041233114992545	0.0	955231.0	4803.866689437723	79.031768	0.0	11.753550000000004	51.7999694274638	
3693.0518454519615	2850.0	9.391660142866277	0.0	1505760.0	4649.572972126269	85.954529	6.922760999999994	0.0	72.19615249656655	
3697.3242960127964	2850.0	9.119209582031653	0.0	1323990.0	4272.450560834622	89.320458	3.3659290000000084	0.0	73.98692668949053	
3699.253664501453	1200.0	11.189841093375188	0.0	587236.0	1929.368488656466	78.698824	0.0	10.621634	52.718960384560326	
3702.1957935628425	1200.0	12.247712031985484	0.0	590335.0	2942.1290613897027	79.644231	0.945407000000003	0.0	65.07087268298653	
3707.715821413054	1200.0	10.727684181774045	0.0	696376.0	5520.02785021144	80.745588	1.101356999999993	0.0	66.05008180256124	
3710.695124304368	1200.0	11.74838129045989	0.0	487160.0	2979.3028913141557	80.893459	0.14787099999999498	0.0	65.89120220426116	
3714.6981793701634	1200.0	11.74532622466466	0.0	622896.0	4003.0550657952276	80.053124	0.0	0.8403349999999961	64.24386573042244	
3718.865275758754	1200.0	11.57822983607401	0.0	641447.0	4167.096388590652	80.154442	0.10131800000000624	0.0	65.2514564240098	
3721.696007922161	1200.0	12.747497672667224	0.0	570392.0	2830.732163406784	78.009495	0.0	2.144947000000002	61.12892222454211	
3727.0555148080966	1850.0	11.387990786731862	0.0	954453.0	5359.506885935362	83.67714	5.667644999999993	0.0	69.8934403748377	
3730.7092655718957	1200.0	11.734240022932921	0.0	584349.0	3653.7507637989393	79.771897	0.0	3.9052429999999987	60.75383035011878	
3736.05084814195	2850.0	10.392657452878316	0.0	1587293.0	5341.582570054604	81.858634	2.0867369999999994	0.0	67.28633690010463	
3738.681365529842	1200.0	11.762140064986744	0.0	690253.0	2630.517387891575	87.732581	5.873947000000001	0.0	73.38946994749392	
3742.507234424928	1850.0	11.936271169900944	0.0	943942.0	3825.8688950857972	90.168439	2.4358580000000103	0.0	74.42794802438888	
3745.438773009105	1850.0	13.004732585724106	0.0	728962.0	2931.538584176839	86.066994	0.0	4.101445000000012	65.87698482373372	
3749.0420212772756	1850.0	13.401484317553319	0.0	938587.0	3603.248268170788	86.593761	0.5267670000000066	0.0	70.83169447059112	
3754.729575544151	1850.0	11.713930050677895	0.0	908665.0	5687.554266875424	82.415248	0.0	4.178512999999995	62.70254805849999	
3759.4151844202293	1850.0	11.028321174599382	0.0	930577.0	4685.608876078513	83.556577	1.141328999999999	0.0	68.44262199794545	
3761.7310219970927	1200.0	12.712483597735993	0.0	566904.0	2315.8375768633887	86.974261	3.417683999999994	0.0	72.01535138746164	
3765.568563377749	1850.0	12.874942217080246	0.0	1025005.0	3837.541380655746	85.276808	0.0	1.6974529999999959	67.7584082266182	
3772.910928340742	2850.0	9.532577254087082	0.0	1343002.0	7342.364962993163	87.659279	2.3824709999999953	0.0	72.28702985263917	
3779.003844529428	2850.0	7.439661065400954	0.0	1587250.0	6092.916188686128	95.172719	7.513440000000003	0.0	80.1790532906648	
3784.6742792157247	2850.0	5.769226379104118	0.0	1464921.0	5670.434686296836	96.481395	1.3086760000000055	0.0	79.43852922609656	
3787.9867415548733	2850.0	6.456764039955143	0.0	1483527.0	3312.462339148975	95.602302	0.0	0.8790930000000117	77.37135948851477	
3794.0933539422876	4300.0	4.350151652541243	0.0	1961140.0	6106.6123874139	99.97428	4.371977999999999	0.0	83.30943425046118	
3798.0650994091116	2850.0	4.378406185716947	0.0	1364537.0	3971.7454668242963	97.895096	0.0	2.079183999999998	78.03983405429102	
