10838.769531701753	750.0	4.0	2.009934342455404	450283.0	2009.9343424554038	64.858346	0.0	0.0	-5.610909412438403	
10841.497775454403	750.0	5.271756247349612	0.0	398865.0	2728.243752650388	57.017244	0.0	7.841101999999999	37.30694774282116	
10846.53365776882	750.0	4.235873932933438	0.0	350812.0	5035.882314416174	60.430767	3.413523000000005	0.0	49.53439726135709	
10850.825356165953	1200.0	4.0	0.05582446420064843	617681.0	4291.698397134086	69.474665	9.043897999999999	0.0	57.26385960679065	
10853.943213137281	1200.0	4.882143028670998	0.0	652874.0	3117.856971329002	64.23322	0.0	5.241444999999999	46.176398894182356	
10857.315919431123	1850.0	5.509436734830901	0.0	801058.0	3372.7062938400973	86.249306	22.016086	0.0	76.94318105795827	
10859.596020627734	1200.0	7.229335538218926	0.0	561791.0	2280.101196611974	89.177904	2.928597999999994	0.0	73.73588534977478	
10864.208057591373	1850.0	6.61729857457846	0.0	1060487.0	4612.036963640467	90.155937	0.9780329999999964	0.0	73.98296967737969	
10867.863768419526	1850.0	6.9615877464270834	0.0	852833.0	3655.710828151377	90.218296	0.06235900000000072	0.0	73.76293677284315	
10871.569534480464	1850.0	7.255821685487627	0.0	913888.0	3705.7660609394566	86.733288	0.0	3.4850079999999934	67.09530890568334	
10874.200933728564	1200.0	8.62442243738831	0.0	607410.0	2631.3992480993165	82.096766	0.0	4.636521999999999	61.946878270919974	
10878.024015103632	1850.0	8.801341062318528	0.0	917428.0	3823.081375069781	82.202545	0.10577899999999829	0.0	66.98732635875223	
10881.708649500746	1850.0	9.116706665204367	0.0	946851.0	3684.634397114161	83.629776	1.4272310000000061	0.0	68.58980497651146	
10886.004861870533	1850.0	8.82049429541864	0.0	1036454.0	4296.212369785726	80.875505	0.0	2.754271000000003	62.909657170689236	
10889.208685663529	1850.0	9.616670502422178	0.0	821631.0	3203.8237929964635	78.494849	0.0	2.380656000000002	61.28988207838268	
10892.97875715784	1850.0	9.846599008111308	0.0	923170.0	3770.0714943108696	83.7301	5.235250999999991	0.0	69.80945114237906	
10895.389323924208	1200.0	11.436032241742527	0.0	617242.0	2410.5667663687827	75.662786	0.0	8.067313999999996	52.857867096336925	
10897.977329029105	1200.0	12.848027136844074	0.0	581493.0	2588.0051048984524	79.137254	3.4744680000000017	0.0	65.39510155551699	
10902.851521441144	1850.0	11.97383472480653	0.0	987708.0	4874.192412037545	79.995224	0.8579699999999946	0.0	65.34207530148709	
10906.552167178594	1200.0	12.273188987356319	0.0	586839.0	3700.6457374502097	79.134663	0.0	0.8605609999999899	63.444560336070744	
10912.37576955658	1200.0	10.44958660936897	0.0	601738.0	5823.60237798735	74.235946	0.0	4.898717000000005	55.01135256729831	
10918.796947166158	1850.0	8.028408999790988	0.0	955231.0	6421.177609577981	79.031768	4.795822000000001	0.0	65.69949125877463	
10926.76672437834	2850.0	4.058631787609515	0.0	1505760.0	7969.777212181474	85.954529	6.922760999999994	0.0	72.19615249656655	
10930.898400426277	1850.0	4.0	0.07304426032579159	874175.0	4131.676047935306	80.700778	0.0	5.253750999999994	58.00635902604984	
10934.498465145612	1200.0	4.399935280663161	0.0	587236.0	3600.064719336838	78.698824	0.0	2.001953999999998	61.86443112432193	
10937.84675785766	1200.0	5.0516425686161455	0.0	590335.0	3348.292712047016	79.644231	0.945407000000003	0.0	65.07087268298653	
10942.008598447355	1200.0	4.889801978921221	0.0	696376.0	4161.840589694924	80.745588	1.101356999999993	0.0	66.05008180256124	
10945.392836007954	1200.0	5.505564418322479	0.0	487160.0	3384.2375605987427	80.893459	0.14787099999999498	0.0	65.89120220426116	
10949.011692043201	1200.0	5.886708383074793	0.0	622896.0	3618.8560352476857	80.053124	0.0	0.8403349999999961	64.24386573042244	
10951.908675290233	1200.0	6.989725136043113	0.0	641447.0	2896.98324703168	80.154442	0.10131800000000624	0.0	65.2514564240098	
10954.337801221161	1200.0	8.560599205113691	0.0	570392.0	2429.125930929422	78.009495	0.0	2.144947000000002	61.12892222454211	
10956.978782389251	1200.0	9.919618037025014	0.0	620283.0	2640.9811680886783	72.909556	0.0	5.099939000000006	53.67453510265016	
10959.545350329561	1200.0	11.353050096715393	0.0	584349.0	2566.567940309621	79.771897	6.862341000000001	0.0	66.94207121321617	
10965.220886190438	1850.0	9.677514235837174	0.0	1035329.0	5675.53586087822	71.430146	0.0	8.341751000000002	48.982062277546724	
10968.500306411004	750.0	10.398094015272363	0.0	401088.0	3279.420220564811	69.915275	0.0	1.5148709999999994	54.942428326914225	
10971.787485761888	1200.0	11.110914664387321	0.0	598727.0	3287.179350885042	77.763467	7.848192000000012	0.0	65.53488519734074	
10974.38692044548	1200.0	12.511479980794437	0.0	487812.0	2599.4346835928845	77.846693	0.08322599999999625	0.0	63.29163035592236	
10977.450134321101	1200.0	13.448266105173913	0.0	575591.0	3063.213875620523	77.292461	0.0	0.554231999999999	62.20941215869677	
10980.873694144264	1200.0	14.024706282011	0.0	605884.0	3423.559823162913	74.001829	0.0	3.290632000000002	56.519254990333565	
10986.410977796975	1200.0	12.48742262929937	0.0	587506.0	5537.2836527116315	72.886388	0.0	1.1154410000000041	57.88246197348263	
10993.9374047773	1200.0	8.960995648975251	0.0	566904.0	7526.4269803241195	86.974261	14.087873000000002	0.0	75.19476424928646	
10997.817310229857	1200.0	9.081090196418309	0.0	641452.0	3879.905452556943	75.706383	0.0	11.267877999999996	49.498994656230956	
11001.201536651583	1200.0	9.696863774691305	0.0	599477.0	3384.226421727003	71.343181	0.0	4.363202000000001	53.129647516624864	
11005.85648788238	1200.0	9.04191254389596	0.0	634861.0	4654.951230795345	75.003938	3.660757000000004	0.0	61.95010051241022	
11010.272258952868	1200.0	8.6261414734073	0.0	630203.0	4415.77107048866	77.745919	2.7419809999999956	0.0	63.99851811947875	
11014.28237175097	1200.0	8.616028675304445	0.0	638661.0	4010.1127981028544	77.309224	0.0	0.4366950000000003	62.348315386019244	
11022.814763461043	1850.0	4.0836369652303635	0.0	830730.0	8532.391710074082	84.040637	6.731413000000003	0.0	70.51825899442247	
11027.084182675431	1200.0	4.0	0.18578224915572536	550906.0	4269.419214386089	86.366143	2.32550599999999	0.0	65.8251280290661	
