15230.009812945485	750.0	4.0	1.9120480482224669	450283.0	1912.0480482224668	64.858346	0.0	0.0	-2.7921841528289235	
15232.750882599496	1200.0	5.258930345989344	0.0	611087.0	2741.0696540106555	69.839987	4.981640999999996	0.0	57.97033059622316	
15234.96263594697	750.0	7.0471769985159485	0.0	350812.0	2211.7533474733964	60.430767	0.0	9.40921999999999	38.53409270036982	
15240.835453826046	750.0	5.174359119438852	0.0	382355.0	5872.817879077096	55.551349	0.0	4.879418000000001	39.207823032133746	
15245.876233094357	750.0	4.133579851127888	0.0	411561.0	5040.779268310964	51.003805	0.0	4.547544000000002	35.708620955217725	
15250.03842884454	1200.0	4.0	0.028615899053938847	520315.0	4162.195750181827	75.14582	24.142015	0.0	67.34907197799328	
15253.721297852017	750.0	4.317130992522744	0.0	352642.0	3682.869007477256	81.00828	5.862459999999999	0.0	67.6912292345531	
15257.764995727195	1200.0	4.273433117344588	0.0	709534.0	4043.697875178155	82.426144	1.4178639999999945	0.0	67.56765661211375	
15259.861031270086	750.0	6.177397574454463	0.0	374758.0	2096.0355428901257	70.789292	0.0	11.63685199999999	44.94322388247148	
15261.555442134726	750.0	8.482986709813078	0.0	362795.0	1694.4108646413852	64.786022	0.0	6.0032700000000006	45.836272051926805	
15263.369209228946	750.0	10.669219615594356	0.0	353220.0	1813.7670942187217	70.008689	5.222667000000001	0.0	58.18502339881593	
15266.441813547832	1200.0	11.59661529670914	0.0	594078.0	3072.6043188852163	70.906301	0.8976119999999952	0.0	57.65646860355332	
15268.48695594686	750.0	13.551472897680119	0.0	386351.0	2045.1423990290205	59.358241	0.0	11.54806	35.356462428080405	
15272.802643964229	750.0	13.23578488031205	0.0	434409.0	4315.688017368068	56.692976	0.0	2.665264999999998	42.523882025230556	
15275.627925684106	750.0	14.410503160435262	0.0	337059.0	2825.281719876789	54.76216	0.0	1.930816	41.66792139000558	
15279.812517313467	750.0	14.225911531072983	0.0	366214.0	4184.59162936228	58.858709	4.096548999999996	0.0	48.406541934633836	
15286.040746206738	750.0	11.99768263780161	0.0	360831.0	6228.228893271373	60.531124	1.6724150000000009	0.0	49.100589048161304	
15294.737314459187	750.0	7.301114385352623	0.0	372963.0	8696.568252448988	69.564049	9.032924999999999	0.0	58.9438058139744	
15301.601819695727	1200.0	4.436609148813731	0.0	639204.0	6864.505236538892	72.000653	2.4366040000000027	0.0	59.041852363208044	
15303.81052195255	750.0	6.227906891990578	0.0	350713.0	2208.7022568231528	67.172129	0.0	4.828524000000002	49.10347287348152	
15307.603770206106	750.0	6.434658638435254	0.0	386472.0	3793.2482535553245	62.777649	0.0	4.3944800000000015	45.8423031210838	
15311.975654574506	750.0	6.062774270034621	0.0	399894.0	4371.884368400632	55.443233	0.0	7.334415999999997	36.51150936895389	
15317.794319867979	750.0	4.244108976563336	0.0	401853.0	5818.665293471286	47.960406	0.0	7.482827	30.016831048248612	
15321.659234171282	750.0	4.379194673258322	0.0	343800.0	3864.914303305014	55.451197	7.4907910000000015	0.0	46.53210385732817	
15325.86272769937	1200.0	4.175701145169548	0.0	587236.0	4203.493528088774	78.698824	23.247627	0.0	70.91563373960204	
15328.434874779814	1200.0	5.60355406472666	0.0	590335.0	2572.1470804428873	79.644231	0.945407000000003	0.0	65.07087268298653	
15331.866372064382	1200.0	6.1720567801604025	0.0	696376.0	3431.4972845662573	80.745588	1.101356999999993	0.0	66.05008180256124	
15334.17478739458	1200.0	7.863641449960993	0.0	487160.0	2308.4153301994093	80.893459	0.14787099999999498	0.0	65.89120220426116	
15337.076603430949	1200.0	8.961825413592367	0.0	622896.0	2901.8160363686266	80.053124	0.0	0.8403349999999961	64.24386573042244	
15339.536301240449	1200.0	10.502127604094175	0.0	641447.0	2459.697809498191	80.154442	0.10131800000000624	0.0	65.2514564240098	
15341.828097076324	1200.0	12.210331768216452	0.0	570392.0	2291.7958358777237	78.009495	0.0	2.144947000000002	61.12892222454211	
15344.531846558157	1200.0	13.506582286384711	0.0	620283.0	2703.7494818317414	72.909556	0.0	5.099939000000006	53.67453510265016	
15346.190240413174	750.0	15.848188431367692	0.0	369834.0	1658.3938550170183	68.369339	0.0	4.540216999999998	50.42328474062561	
15350.632436832871	1850.0	15.405992011670909	0.0	1035329.0	4442.196419696784	71.430146	3.060806999999997	0.0	58.744684099017014	
15353.554369569516	1200.0	16.484059275025515	0.0	690253.0	2921.932736645394	87.732581	16.302435000000003	0.0	76.4968627852952	
15356.522200151423	1200.0	17.51622869311774	0.0	598727.0	2967.830581907777	77.763467	0.0	9.96911399999999	52.61912849502004	
15362.4953581064	1200.0	15.543070738140177	0.0	487812.0	5973.157954977563	77.846693	0.08322599999999625	0.0	63.29163035592236	
15371.987044945185	1200.0	10.051383899356997	0.0	575591.0	9491.68683878318	77.292461	0.0	0.554231999999999	62.20941215869677	
15378.598466913549	1850.0	7.4399619309910925	0.0	908665.0	6611.421968365905	82.415248	5.122787000000002	0.0	68.66239046371803	
15383.608176239024	1850.0	6.430252605515583	0.0	930577.0	5009.709325475509	83.556577	1.141328999999999	0.0	68.44262199794545	
15385.478327694747	750.0	8.560101149793367	0.0	345516.0	1870.1514557222163	79.583372	0.0	3.973205000000007	60.52206071503834	
15388.649417730147	1200.0	9.389011114394133	0.0	641452.0	3171.0900353992324	75.706383	0.0	3.8769889999999947	57.34071953352638	
15392.827919899824	1850.0	9.210508944715714	0.0	886255.0	4178.50216967842	78.86339	3.157006999999993	0.0	65.06857148325741	
15398.362314552356	1850.0	7.67611429218607	0.0	973972.0	5534.394652529645	84.84845	5.985060000000004	0.0	70.98000474499611	
15403.621190921594	1850.0	6.417237922945425	0.0	958994.0	5258.876369240645	87.119023	2.270572999999999	0.0	71.79614403033668	
15409.453721411832	1850.0	4.584707432709475	0.0	982064.0	5832.53049023595	86.680563	0.0	0.4384599999999921	70.28304003058662	
15413.884173083403	1850.0	4.154255761139623	0.0	830730.0	4430.451671569852	84.040637	0.0	2.6399260000000027	65.71153085892459	
15416.811404175265	1200.0	5.227024669276484	0.0	550906.0	2927.231091863139	86.366143	2.32550599999999	0.0	71.17489760187416	
