20639.167303126917	750.0	4.0	6.212365695121308	450283.0	6212.365695121308	64.858346	0.0	0.0	-126.62375904944514	
20640.67439238093	300.0	6.492910745984942	0.0	155580.0	1507.089254015058	18.412623	0.0	46.445723	-36.3468075049402	
20642.24393988153	300.0	8.923363245387266	0.0	139857.0	1569.547500597674	17.596212	0.0	0.8164109999999987	11.374421591985136	
20648.61733073909	750.0	6.549972387829626	0.0	382355.0	6373.3908575576415	55.551349	37.955137	0.0	55.69443139829513	
20653.766806195305	750.0	5.400496931613085	0.0	411561.0	5149.475456216541	51.003805	0.0	4.547544000000002	35.708620955217725	
20657.80773201869	750.0	5.359571108227294	0.0	318564.0	4040.9258233857913	62.986308	11.982503000000001	0.0	54.252000083560986	
20659.752451967433	300.0	7.41485115948505	0.0	153295.0	1944.719948742244	42.291519	0.0	20.694789	11.19796765968998	
20661.790243985564	300.0	9.37705914135333	0.0	173849.0	2037.7920181317215	35.451274	0.0	6.840245000000003	20.10461217328575	
20663.061295009047	300.0	12.106008117870507	0.0	150710.0	1271.0510234828212	28.497356	0.0	6.953917999999998	14.094724445226447	
20664.008737245695	300.0	15.158565881225309	0.0	139105.0	947.442236645198	21.660501	0.0	6.836855	8.428788135904757	
20666.31350420368	750.0	16.85379892323855	0.0	353220.0	2304.766957986759	70.008689	48.34818800000001	0.0	71.03520216699869	
20669.475301265276	750.0	17.692001861642108	0.0	405134.0	3161.7970615964455	59.00323	0.0	11.005459000000002	35.63150226952917	
20674.472494265752	750.0	16.694808861164507	0.0	386351.0	4997.193000477601	59.358241	0.3550109999999975	0.0	47.71472422025977	
20681.16073561579	750.0	14.006567511127221	0.0	434409.0	6688.241350037286	56.692976	0.0	2.665264999999998	42.523882025230556	
20688.248407242903	750.0	10.918895884016855	0.0	337059.0	7087.671627110364	54.76216	0.0	1.930816	41.66792139000558	
20697.698400490714	750.0	5.468902636207076	0.0	366214.0	9449.99324780978	58.858709	4.096548999999996	0.0	48.406541934633836	
20704.05413253742	750.0	4.0	0.8868294104998322	360831.0	6355.7320467069085	60.531124	1.6724150000000009	0.0	23.563526071888727	
20707.29737687938	750.0	4.756755658038204	0.0	372963.0	3243.244341961796	69.564049	9.032924999999999	0.0	58.9438058139744	
20710.705300120022	750.0	5.348832417400241	0.0	405596.0	3407.923240637963	60.564875	0.0	8.999173999999996	39.08272725573663	
20713.95385529747	750.0	6.100277239955134	0.0	350713.0	3248.555177445107	67.172129	6.6072539999999975	0.0	56.195305162945644	
20715.26667260466	300.0	8.78745993276726	0.0	157671.0	1312.8173071878755	28.807059	0.0	38.36507	-18.970184520798494	
20716.637039223162	300.0	11.417093314264415	0.0	157812.0	1370.3666185028437	21.07483	0.0	7.732229	6.982791919539274	
20718.00498780392	300.0	14.04914473350401	0.0	163927.0	1367.948580760405	16.837774	0.0	4.237055999999999	7.102799135832186	
20720.93567809677	750.0	15.118454440657317	0.0	343800.0	2930.6902928466934	55.451197	38.613423	0.0	55.805763065674086	
20722.271389281075	300.0	17.782743256347675	0.0	146754.0	1335.7111843096384	25.355956	0.0	30.095241	-13.118648223618564	
20723.706255548484	300.0	20.34787698893863	0.0	153938.0	1434.866267409046	22.855883	0.0	2.5000730000000004	14.042479268061296	
20725.470211497697	300.0	22.58392103972668	0.0	181901.0	1763.9559492119497	27.469573	4.613690000000002	0.0	21.977141438694208	
20729.294451371046	750.0	22.75968116637635	0.0	277716.0	3824.2398733503283	68.231907	40.76233400000001	0.0	67.27007478642625	
20738.267956912845	750.0	17.78617562457803	0.0	400396.0	8973.505541798324	69.601487	1.3695799999999991	0.0	56.69205323288801	
20750.666285723335	750.0	9.387846814088688	0.0	400508.0	12398.32881048934	67.821489	0.0	1.7799980000000062	52.88789921294314	
20759.51112812599	750.0	4.543004411436714	0.0	358218.0	8844.842402651973	64.789531	0.0	3.031958000000003	48.99180250230414	
20762.03922083928	300.0	6.014911698143373	0.0	157488.0	2528.0927132933407	17.795984	0.0	46.99354699999999	-37.450280397301974	
20764.213780886716	300.0	7.840351650708428	0.0	143881.0	2174.5600474349453	25.091594	7.29561	0.0	20.762364294012507	
20766.74098942542	300.0	9.313143112004793	0.0	163444.0	2527.208538703636	17.178658	0.0	7.912936000000002	3.491389644148983	
20769.277231494147	300.0	10.776901043276808	0.0	179328.0	2536.2420687279846	28.893466	11.714808000000001	0.0	25.298969194880584	
20772.958781019253	300.0	11.09535151817354	0.0	159914.0	3681.549525103268	21.738399	0.0	7.155066999999999	8.157137465372118	
20778.050466441862	750.0	10.003666095561334	0.0	321064.0	5091.685422612206	67.040505	45.302105999999995	0.0	67.61379806696837	
20782.943990663778	750.0	9.110141873644755	0.0	361565.0	4893.524221916577	66.788635	0.0	0.2518699999999967	53.6345161054191	
20790.363290601275	750.0	5.69084193614546	0.0	378327.0	7419.299937499296	62.32333	0.0	4.465305000000001	45.38239461526515	
20795.358204818847	750.0	4.69592771857427	0.0	390680.0	4994.91421757119	61.525566	0.0	0.7977640000000008	48.59802426280343	
20797.975835687124	750.0	6.0782968502985995	0.0	345516.0	2617.63086827567	79.583372	18.057806	0.0	70.11833935431406	
20802.196791553597	750.0	5.857340983825703	0.0	384505.0	4220.955866472897	64.443828	0.0	15.139544	35.852891186903015	
20805.34572872807	750.0	6.708403809357779	0.0	372093.0	3148.9371744679247	58.879512	0.0	5.564315999999998	41.299771933747785	
20810.980925056174	750.0	5.073207481249039	0.0	438281.0	5635.196328108739	62.327504	3.4479919999999993	0.0	51.15101669476942	
20816.46560995529	750.0	4.0	0.41147741786341885	398987.0	5484.684899112458	63.729239	1.4017350000000022	0.0	39.87955309395819	
20819.487612931865	750.0	4.977997023422159	0.0	393804.0	3022.002976577842	62.845425	0.0	0.883814000000001	49.62451534898482	
20824.176559567622	1200.0	4.289050387665021	0.0	538612.0	4688.946635757137	74.51099	11.665565000000008	0.0	63.91782743622792	
20828.105811579775	1200.0	4.359798375511397	0.0	550906.0	3929.2520121536245	86.366143	11.855152999999987	0.0	74.01446138471348	
