16193.396139476612	750.0	4.0	5.4395307625425735	450283.0	5439.530762542574	64.858346	0.0	0.0	-104.36927119658625	
16195.789766344538	300.0	5.606373132073677	0.0	155580.0	2393.6268679263235	18.412623	0.0	46.445723	-36.3468075049402	
16201.613766502825	750.0	4.0	0.21762702621308563	350812.0	5824.000158286763	60.430767	42.01814400000001	0.0	54.77070738619414	
16205.106611103372	750.0	4.50715539945218	0.0	382355.0	3492.8446005478204	55.551349	0.0	4.879418000000001	39.207823032133746	
16207.934613614121	750.0	5.679152888703003	0.0	411561.0	2828.0025107491774	51.003805	0.0	4.547544000000002	35.708620955217725	
16210.148393354191	750.0	7.465373148634251	0.0	318564.0	2213.7797400687514	62.986308	11.982503000000001	0.0	54.252000083560986	
16212.566112921158	750.0	9.04765358166609	0.0	352642.0	2417.71956696816	81.00828	18.021971999999998	0.0	71.31441799403183	
16215.810022736641	750.0	9.803743766183977	0.0	437162.0	3243.9098154821136	69.475262	0.0	11.533017999999998	43.94053818670605	
16219.24221086754	750.0	10.371555635283789	0.0	374758.0	3432.1881309001883	70.789292	1.3140300000000025	0.0	57.681454273815504	
16224.805270254734	1200.0	8.80849624809149	0.0	560821.0	5563.059387192298	76.960357	6.171064999999999	0.0	64.35499430641161	
16228.075579731345	750.0	9.538186771479719	0.0	353220.0	3270.3094766117724	70.008689	0.0	6.951667999999998	49.25310527285025	
16232.946974069464	750.0	8.666792433362527	0.0	405134.0	4871.394338117191	59.00323	0.0	11.005459000000002	35.63150226952917	
16239.143276085286	750.0	6.470490417539382	0.0	386351.0	6196.302015823146	59.358241	0.3550109999999975	0.0	47.71472422025977	
16242.94057451347	750.0	6.673191989354378	0.0	434409.0	3797.2984281850036	56.692976	0.0	2.665264999999998	42.523882025230556	
16248.057855337805	1200.0	5.555911165018369	0.0	526950.0	5117.28082433601	67.735752	11.042776000000003	0.0	57.99429751138527	
16252.4137244799	1200.0	5.200042022923013	0.0	587876.0	4355.8691420953555	72.569044	4.833292	0.0	60.237368188531434	
16256.726374690881	1200.0	4.887391811942561	0.0	617242.0	4312.650210980451	75.662786	3.0937419999999918	0.0	62.339125264249624	
16259.643831083407	750.0	5.969935419416203	0.0	372963.0	2917.4563925263587	69.564049	0.0	6.098737	49.78149799493421	
16264.349926901405	1200.0	5.263839601419607	0.0	639204.0	4706.095817996595	72.000653	2.4366040000000027	0.0	59.041852363208044	
16266.742206665329	750.0	6.871559837492892	0.0	350713.0	2392.279763926715	67.172129	0.0	4.828524000000002	49.10347287348152	
16270.200897785095	750.0	7.412868717726764	0.0	386472.0	3458.6911197661284	62.777649	0.0	4.3944800000000015	45.8423031210838	
16274.120747808041	750.0	7.493018694781377	0.0	399894.0	3919.8500229453875	55.443233	0.0	7.334415999999997	36.51150936895389	
16277.256210832935	750.0	8.357555669887178	0.0	401853.0	3135.463024894198	47.960406	0.0	7.482827	30.016831048248612	
16280.067074627152	750.0	9.546691875669497	0.0	343800.0	2810.8637942176806	55.451197	7.4907910000000015	0.0	46.53210385732817	
16282.591534481544	750.0	11.022232021277452	0.0	359903.0	2524.459854392046	66.786337	11.335140000000003	0.0	57.277353060696605	
16285.17228398191	750.0	12.44148252091149	0.0	379700.0	2580.7495003659624	66.676537	0.0	0.109800000000007	53.69031629537219	
16290.634938611458	750.0	10.978827891364155	0.0	425781.0	5462.654629547335	65.665965	0.0	1.0105719999999963	51.87874368281537	
16295.023398223435	750.0	10.590368279386166	0.0	277716.0	4388.459611977989	68.231907	2.565942000000007	0.0	55.88863627581473	
16300.412992076184	750.0	9.200774426636585	0.0	400396.0	5389.593852749582	69.601487	1.3695799999999991	0.0	56.69205323288801	
16303.067181533379	750.0	10.5465849694416	0.0	400508.0	2654.1894571949842	67.821489	0.0	1.7799980000000062	52.88789921294314	
16305.617586647239	750.0	11.996179855583353	0.0	358218.0	2550.405113858246	64.789531	0.0	3.031958000000003	48.99180250230414	
16308.344234342314	750.0	13.26953216050836	0.0	400322.0	2726.647695074993	60.651768	0.0	4.137763	44.31426861062449	
16311.364053097946	750.0	14.2497134048765	0.0	369834.0	3019.8187556318603	68.369339	7.7175709999999995	0.0	57.54006651746116	
16317.843982620543	1200.0	11.769783882280757	0.0	670129.0	6479.929522595743	62.28877	0.0	6.080568999999997	43.639332434497476	
16321.04218688582	750.0	12.571579617005684	0.0	401088.0	3198.2042652750733	69.915275	7.6265049999999945	0.0	58.822186338307795	
16327.374324877099	1200.0	10.239441625726048	0.0	598727.0	6332.1379912796365	77.763467	7.848192000000012	0.0	65.53488519734074	
16334.298529478778	1200.0	7.315237024047909	0.0	487812.0	6924.204601678138	77.846693	0.08322599999999625	0.0	63.29163035592236	
16337.842515342587	750.0	7.7712511602372185	0.0	361565.0	3543.9858638106907	66.788635	0.0	11.058058000000003	42.16916284841154	
16341.519578155272	750.0	8.094188347553027	0.0	378327.0	3677.062812684192	62.32333	0.0	4.465305000000001	45.38239461526515	
16346.735988325636	1200.0	6.877778177189318	0.0	587506.0	5216.410170363709	72.886388	10.563057999999998	0.0	62.21343448466478	
16349.124404757	750.0	8.489361745823441	0.0	345516.0	2388.4164313658785	79.583372	6.6969840000000005	0.0	66.73313750009174	
16353.591881325032	1200.0	8.021885177791972	0.0	641452.0	4467.476568031469	75.706383	0.0	3.8769889999999947	57.34071953352638	
16358.062798403938	1200.0	7.5509680988845815	0.0	599477.0	4470.9170789073905	71.343181	0.0	4.363202000000001	53.129647516624864	
16362.634858489215	1200.0	6.978908013609331	0.0	634861.0	4572.0600852752505	75.003938	3.660757000000004	0.0	61.95010051241022	
16368.417017564181	1200.0	5.196748938643684	0.0	630203.0	5782.159074965647	77.745919	2.7419809999999956	0.0	63.99851811947875	
16373.68847271127	1200.0	4.0	0.07470620844532459	638661.0	5271.455147089008	77.309224	0.0	0.4366950000000003	60.19708187120884	
16377.801908712696	1200.0	4.0	0.1134360014246904	538612.0	4113.43600142469	74.51099	0.0	2.7982339999999937	54.2064044403584	
16381.636252022383	1200.0	4.165656690312321	0.0	550906.0	3834.343309687679	86.366143	11.855152999999987	0.0	74.01446138471348	
