3038.257745871845	750.0	4.0	1.8471370276969283	450283.0	1847.1370276969283	64.858346	0.0	0.0	-0.9230120218770139	
3041.2629274582164	1200.0	4.994818413628953	0.0	611087.0	3005.1815863710467	69.839987	4.981640999999996	0.0	57.97033059622316	
3043.7338921563883	1200.0	6.5238537154574185	0.0	571051.0	2470.964698171534	73.587374	3.7473870000000034	0.0	60.77622417883262	
3047.8792967098484	1850.0	6.378449161996949	0.0	933276.0	4145.404553460469	78.955826	5.368452000000005	0.0	65.80580334984123	
3053.4944302720373	2850.0	4.763315599808234	0.0	1472558.0	5615.133562188716	85.928154	6.9723280000000045	0.0	72.18858503636858	
3056.739556859177	1850.0	5.518189012668498	0.0	801058.0	3245.1265871397363	86.249306	0.3211519999999979	0.0	70.47870772988122	
3059.1505656956683	1200.0	7.107180176177466	0.0	561791.0	2411.008836491031	89.177904	2.928597999999994	0.0	73.73588534977478	
3064.134897164866	1850.0	6.122848706979891	0.0	1060487.0	4984.331469197575	90.155937	0.9780329999999964	0.0	73.98296967737969	
3068.1432774469104	1850.0	6.114468424935623	0.0	852833.0	4008.3802820442684	90.218296	0.06235900000000072	0.0	73.76293677284315	
3071.7760383536233	1850.0	6.481707518222314	0.0	913888.0	3632.7609067133094	86.733288	0.0	3.4850079999999934	67.09530890568334	
3074.2947590110907	1200.0	7.962986860755057	0.0	607410.0	2518.7206574672573	82.096766	0.0	4.636521999999999	61.946878270919974	
3077.7153345595716	1850.0	8.542411312274492	0.0	917428.0	3420.5755484805654	82.202545	0.10577899999999829	0.0	66.98732635875223	
3081.1865833846055	1850.0	9.071162487240397	0.0	946851.0	3471.2488250340944	83.629776	1.4272310000000061	0.0	68.58980497651146	
3084.862050359076	1850.0	9.395695512770013	0.0	1036454.0	3675.4669744703847	80.875505	0.0	2.754271000000003	62.909657170689236	
3089.5966270756626	2850.0	8.661118796183574	0.0	1231445.0	4734.576716586437	88.830113	7.954607999999993	0.0	74.9389488095803	
3092.8555192425792	1850.0	9.402226629266831	0.0	923170.0	3258.892166916744	83.7301	0.0	5.100013000000004	62.83838720493218	
3095.308866437319	1200.0	10.948879434526907	0.0	617242.0	2453.3471947399253	75.662786	0.0	8.067313999999996	52.857867096336925	
3098.0992861358804	1200.0	12.158459735965925	0.0	581493.0	2790.4196985609815	79.137254	3.4744680000000017	0.0	65.39510155551699	
3102.4936477235433	1850.0	11.764098148302892	0.0	987708.0	4394.361587663035	79.995224	0.8579699999999946	0.0	65.34207530148709	
3106.987089684667	1850.0	11.270656187179458	0.0	923755.0	4493.441961123434	86.363677	6.368453000000002	0.0	72.3774923683489	
3111.1746956997035	1850.0	11.083050172143016	0.0	891604.0	4187.606015036442	81.773294	0.0	4.5903829999999886	61.72188290516372	
3115.5154281805785	1850.0	10.742317691267933	0.0	955231.0	4340.732480875081	79.031768	0.0	2.7415260000000075	61.361716707876674	
3119.8392698325847	1850.0	10.418476039261929	0.0	968026.0	4323.841652006005	73.123347	0.0	5.908421000000004	52.99779644730492	
3123.4965430624216	1850.0	10.76120280942502	0.0	874175.0	3657.273229836908	80.700778	7.577431000000004	0.0	67.94181803672566	
3126.3433894059963	1200.0	11.914356465850643	0.0	587236.0	2846.846343574377	78.698824	0.0	2.001953999999998	61.86443112432193	
3128.9348139462554	1200.0	13.322931925591133	0.0	590335.0	2591.424540259512	79.644231	0.945407000000003	0.0	65.07087268298653	
3132.3493896023897	1200.0	13.908356269457116	0.0	696376.0	3414.575656134017	80.745588	1.101356999999993	0.0	66.05008180256124	
3135.080082230628	1200.0	15.177663641218913	0.0	487160.0	2730.6926282382024	80.893459	0.14787099999999498	0.0	65.89120220426116	
3137.521675045567	750.0	16.736070826279967	0.0	400396.0	2441.5928149389474	69.601487	0.0	11.291971999999987	44.303187811671584	
3140.439328692907	750.0	17.818417178940077	0.0	400508.0	2917.6536473398883	67.821489	0.0	1.7799980000000062	52.88789921294314	
3144.13316081078	750.0	18.124585061067386	0.0	358218.0	3693.832117872694	64.789531	0.0	3.031958000000003	48.99180250230414	
3152.6825322232003	1200.0	13.57521364864676	0.0	620283.0	8549.371412420625	72.909556	8.120024999999998	0.0	61.5051011352081	
3159.2224937482797	750.0	11.035252123567597	0.0	369834.0	6539.961525079161	68.369339	0.0	4.540216999999998	50.42328474062561	
3164.6015277054885	1200.0	9.65621816635895	0.0	670129.0	5379.033957208648	62.28877	0.0	6.080568999999997	43.639332434497476	
3168.5397617621634	750.0	9.717984109683645	0.0	401088.0	3938.234056675307	69.915275	7.6265049999999945	0.0	58.822186338307795	
3175.5299723788658	1200.0	6.727773492981252	0.0	598727.0	6990.210616702392	77.763467	7.848192000000012	0.0	65.53488519734074	
3179.3714058814076	1200.0	6.886339990439426	0.0	487812.0	3841.4335025418263	77.846693	0.08322599999999625	0.0	63.29163035592236	
3182.0537544144254	750.0	8.20399145742192	0.0	361565.0	2682.348533017506	66.788635	0.0	11.058058000000003	42.16916284841154	
3184.9673588766213	750.0	9.290386995225738	0.0	378327.0	2913.6044621961823	62.32333	0.0	4.465305000000001	45.38239461526515	
3188.1470394634143	750.0	10.110706408432623	0.0	390680.0	3179.6805867931134	61.525566	0.0	0.7977640000000008	48.59802426280343	
3190.230796225303	750.0	12.02694964654389	0.0	345516.0	2083.7567618887333	79.583372	18.057806	0.0	70.11833935431406	
3194.5169400468976	1200.0	11.740805824949216	0.0	641452.0	4286.143821594673	75.706383	0.0	3.8769889999999947	57.34071953352638	
3199.8137729341715	1200.0	10.443972937675554	0.0	599477.0	5296.832887273663	71.343181	0.0	4.363202000000001	53.129647516624864	
3204.0717364262273	750.0	10.186009445619474	0.0	438281.0	4257.963492056079	62.327504	0.0	9.015677000000004	40.55799003037691	
3208.6148105286375	750.0	9.642935343209315	0.0	398987.0	4543.074102410161	63.729239	1.4017350000000022	0.0	51.728421217727	
3213.8731897244575	750.0	8.384556147389306	0.0	393804.0	5258.379195820007	62.845425	0.0	0.883814000000001	49.62451534898482	
3218.914829871958	1200.0	7.342915999889207	0.0	538612.0	5041.6401475001	74.51099	11.665565000000008	0.0	63.91782743622792	
3225.237727267934	1200.0	5.02001860391294	0.0	550906.0	6322.897395976266	86.366143	11.855152999999987	0.0	74.01446138471348	
