19867.2043071261	750.0	4.0	8.793419615156727	450283.0	8793.419615156727	64.858346	0.0	0.0	-200.9475644179999	
19870.204668433358	300.0	4.999638692742964	0.0	155580.0	3000.361307257036	18.412623	0.0	46.445723	-36.3468075049402	
19872.833405064408	300.0	6.370902061693952	0.0	139857.0	2628.7366310490115	17.596212	0.0	0.8164109999999987	11.374421591985136	
19875.31266602886	300.0	7.89164109724028	0.0	155432.0	2479.2609644536724	19.997309	2.401097	0.0	14.989583049748727	
19877.722652744236	300.0	9.481654381865631	0.0	163442.0	2409.9867153746472	16.877619	0.0	3.119690000000002	8.322067973538104	
19879.71813821082	300.0	11.486168915281535	0.0	126289.0	1995.4854665840983	18.579568	1.701948999999999	0.0	13.580570417102745	
19881.99446380001	300.0	13.209843326092562	0.0	153295.0	2276.3255891889726	42.291519	23.711951000000003	0.0	40.220602433691965	
19884.537119039862	300.0	14.667188086239829	0.0	173849.0	2542.655239852732	35.451274	0.0	6.840245000000003	20.10461217328575	
19886.760246434453	300.0	16.44406069165086	0.0	150710.0	2223.1273945889648	28.497356	0.0	6.953917999999998	14.094724445226447	
19891.719522691033	750.0	15.484784435072328	0.0	362795.0	4959.276256578534	64.786022	36.288666000000006	0.0	63.01872515657066	
19896.881079136343	750.0	14.323227989765073	0.0	353220.0	5161.556445307254	70.008689	5.222667000000001	0.0	58.18502339881593	
19903.492978024664	750.0	11.711329101442072	0.0	405134.0	6611.898888323002	59.00323	0.0	11.005459000000002	35.63150226952917	
19908.771984964827	750.0	10.432322161278766	0.0	386351.0	5279.006940163306	59.358241	0.3550109999999975	0.0	47.71472422025977	
19911.323877976214	300.0	11.880429149896875	0.0	179801.0	2551.893011381891	23.726678	0.0	35.631563	-20.372516939980503	
19913.69489684461	300.0	13.509410281502252	0.0	140051.0	2371.0188683946217	21.119447	0.0	2.6072309999999987	12.458195192670239	
19916.438316897384	300.0	14.765990228724231	0.0	138313.0	2743.4200527780213	19.984984	0.0	1.1344630000000002	13.060022413833098	
19919.162197359557	300.0	16.042109766551633	0.0	143509.0	2723.880462172598	18.452936	0.0	1.5320479999999996	11.340692041651348	
19921.541652949927	300.0	17.662654176183242	0.0	150616.0	2379.4555903683945	35.116669	16.663733	0.0	32.04404556367689	
19927.149382830954	750.0	16.054924295152304	0.0	405596.0	5607.729881030938	60.564875	25.448206	0.0	56.21368234169137	
19932.437827760183	750.0	14.76647936592362	0.0	350713.0	5288.444929228684	67.172129	6.6072539999999975	0.0	56.195305162945644	
19938.515846559727	750.0	12.688460566379339	0.0	386472.0	6078.018799544281	62.777649	0.0	4.3944800000000015	45.8423031210838	
19944.991226057926	750.0	10.213081068181117	0.0	399894.0	6475.379498198224	55.443233	0.0	7.334415999999997	36.51150936895389	
19951.4750328858	750.0	7.729274240309534	0.0	401853.0	6483.806827871582	47.960406	0.0	7.482827	30.016831048248612	
19956.86118725922	750.0	6.343119866888142	0.0	343800.0	5386.154373421392	55.451197	7.4907910000000015	0.0	46.53210385732817	
19962.005904950962	750.0	5.198402175147724	0.0	359903.0	5144.717691740419	66.786337	11.335140000000003	0.0	57.277353060696605	
19966.162699371114	750.0	5.041607754995905	0.0	379700.0	4156.794420151819	66.676537	0.0	0.109800000000007	53.69031629537219	
19967.917079962484	300.0	7.287227163625724	0.0	181901.0	1754.3805913701794	27.469573	0.0	39.206964	-20.996151468092872	
19970.603693128014	750.0	8.600613998095207	0.0	277716.0	2686.6131655305176	68.231907	40.76233400000001	0.0	67.27007478642625	
19974.990740339166	750.0	8.213566786942556	0.0	400396.0	4387.047211152651	69.601487	1.3695799999999991	0.0	56.69205323288801	
19979.627412968148	750.0	7.576894157963166	0.0	400508.0	4636.67262897939	67.821489	0.0	1.7799980000000062	52.88789921294314	
19983.943488714784	750.0	7.260818411326034	0.0	358218.0	4316.075746637132	64.789531	0.0	3.031958000000003	48.99180250230414	
19989.28457733691	750.0	5.919729789198456	0.0	400322.0	5341.088622127578	60.651768	0.0	4.137763	44.31426861062449	
19996.145520767583	750.0	4.0	0.9412136414732204	369834.0	6860.943430671677	68.369339	7.7175709999999995	0.0	30.43695993140257	
19998.172523256493	300.0	5.972997511091511	0.0	163444.0	2027.0024889084893	17.178658	0.0	51.190681	-42.426248896999155	
20000.51213551035	300.0	7.633385257231021	0.0	179328.0	2339.612253860491	28.893466	11.714808000000001	0.0	25.298969194880584	
20004.891562412075	750.0	7.253958355506003	0.0	365161.0	4379.426901725017	60.276519	31.383053	0.0	57.73788894705108	
20009.240202834608	750.0	6.905317932976178	0.0	321064.0	4348.640422529826	67.040505	6.763985999999996	0.0	56.13053433110116	
20013.33686580372	750.0	6.8086549638599685	0.0	361565.0	4096.66296911621	66.788635	0.0	0.2518699999999967	53.6345161054191	
20017.460098415897	750.0	6.685422351684352	0.0	378327.0	4123.232612175616	62.32333	0.0	4.465305000000001	45.38239461526515	
20022.045261846793	750.0	6.100258920787137	0.0	390680.0	4585.163430897215	61.525566	0.0	0.7977640000000008	48.59802426280343	
20026.5400372735	750.0	5.605483494077171	0.0	345516.0	4494.775426709966	79.583372	18.057806	0.0	70.11833935431406	
20031.31463064416	750.0	4.830890123415797	0.0	384505.0	4774.593370661374	64.443828	0.0	15.139544	35.852891186903015	
20035.959533306373	750.0	4.1859874612028465	0.0	372093.0	4644.90266221295	58.879512	0.0	5.564315999999998	41.299771933747785	
20038.023105273787	300.0	6.122415493791707	0.0	172312.0	2063.5719674111388	26.146503	0.0	32.733008999999996	-15.247801967039017	
20042.819519810866	750.0	5.326000956711207	0.0	398987.0	4796.414537080501	63.729239	37.582736	0.0	62.50933052805856	
20047.79194215694	750.0	4.353578610641963	0.0	393804.0	4972.422346069243	62.845425	0.0	0.883814000000001	49.62451534898482	
20051.435044904363	750.0	4.7104758632160335	0.0	331053.0	3643.1027474259295	60.678126	0.0	2.167299	46.42725130719397	
20054.49089145897	750.0	5.654629308610349	0.0	314107.0	3055.8465546056855	75.210559	14.532433000000005	0.0	65.36453832212788	
