16772.005027214713	750.0	4.0	5.127185897414645	450283.0	5127.185897414644	64.858346	0.0	0.0	-95.37501548444015	
16776.595643284672	750.0	4.0	0.5906160699597803	398865.0	4590.61606995978	57.017244	0.0	7.841101999999999	20.299618492361702	
16780.45947986462	750.0	4.136163420050009	0.0	350812.0	3863.8365799499916	60.430767	3.413523000000005	0.0	49.53439726135709	
16782.458743984564	300.0	6.136899300105023	0.0	155432.0	1999.2641199449856	19.997309	0.0	40.433458	-28.62572881724505	
16787.407953990194	750.0	5.187689294476475	0.0	411561.0	4949.210005628548	51.003805	31.006496	0.0	49.772613983746766	
16790.208041859267	750.0	6.387601425405287	0.0	318564.0	2800.087869071188	62.986308	11.982503000000001	0.0	54.252000083560986	
16793.852895798762	750.0	6.7427474859075085	0.0	352642.0	3644.853939497779	81.00828	18.021971999999998	0.0	71.31441799403183	
16798.619490236346	750.0	5.976153048322879	0.0	437162.0	4766.594437584629	69.475262	0.0	11.533017999999998	43.94053818670605	
16803.118544181787	750.0	5.477099102881237	0.0	374758.0	4499.053945441642	70.789292	1.3140300000000025	0.0	57.681454273815504	
16808.024926714847	750.0	4.570716569824151	0.0	362795.0	4906.382533057085	64.786022	0.0	6.0032700000000006	45.836272051926805	
16811.966837207125	750.0	4.628806077546105	0.0	353220.0	3941.910492278047	70.008689	5.222667000000001	0.0	58.18502339881593	
16816.48348395136	1200.0	4.112159333308968	0.0	594078.0	4516.646744237137	70.906301	0.8976119999999952	0.0	57.65646860355332	
16818.985217815378	750.0	5.610425469291964	0.0	386351.0	2501.733864017004	59.358241	0.0	11.54806	35.356462428080405	
16822.288456328228	750.0	6.307186956441812	0.0	434409.0	3303.2385128501523	56.692976	0.0	2.665264999999998	42.523882025230556	
16824.77622754504	750.0	7.819415739629309	0.0	337059.0	2487.7712168125026	54.76216	0.0	1.930816	41.66792139000558	
16827.58528625138	750.0	9.010357033294294	0.0	366214.0	2809.058706335015	58.858709	4.096548999999996	0.0	48.406541934633836	
16830.715109343586	750.0	9.880533941087425	0.0	360831.0	3129.82309220687	60.531124	1.6724150000000009	0.0	49.100589048161304	
16832.114045050967	300.0	12.481598233705947	0.0	150616.0	1398.9357073814776	35.116669	0.0	25.414454999999997	0.11401900957756439	
16833.398550320657	300.0	15.197092964017134	0.0	165384.0	1284.5052696888115	26.310814	0.0	8.805855000000001	10.278036555919055	
16834.507884031842	300.0	18.08775925282896	0.0	140881.0	1109.333711188174	26.782579	0.47176499999999777	0.0	20.161149610747803	
16835.899822421463	300.0	20.695820863210287	0.0	157671.0	1391.9383896186748	28.807059	2.0244800000000005	0.0	22.338348860461206	
16840.481003883797	750.0	20.11463940087524	0.0	399894.0	4581.181462335047	55.443233	26.636174	0.0	52.23013877627525	
16843.214947543966	300.0	21.380695740710625	0.0	163927.0	2733.943660164615	16.837774	0.0	38.605458999999996	-29.36203761087242	
16849.195883203123	750.0	19.399760081552852	0.0	343800.0	5980.935659157771	55.451197	38.613423	0.0	55.805763065674086	
16855.8722627759	750.0	16.723380508772063	0.0	359903.0	6676.379572780788	66.786337	11.335140000000003	0.0	57.277353060696605	
16863.69045826369	750.0	12.905185020985224	0.0	379700.0	7818.195487786841	66.676537	0.0	0.109800000000007	53.69031629537219	
16871.594429749683	750.0	9.001213534990775	0.0	425781.0	7903.971485994449	65.665965	0.0	1.0105719999999963	51.87874368281537	
16876.51196477788	750.0	8.083678506792566	0.0	277716.0	4917.535028198208	68.231907	2.565942000000007	0.0	55.88863627581473	
16878.80849518836	300.0	9.787148096310174	0.0	153605.0	2296.5304104823917	28.256686	0.0	39.975221000000005	-21.14466441143817	
16881.64250588554	300.0	10.953137399135063	0.0	149029.0	2834.010697175113	23.365013	0.0	4.891672999999997	11.9361771276123	
16885.537518285804	300.0	11.05812499886802	0.0	157421.0	3895.012400267041	25.589487	2.224473999999997	0.0	19.672976118502646	
16890.526789885214	300.0	10.06885339945723	0.0	157488.0	4989.271599410791	17.795984	0.0	7.793502999999998	4.1409219906483	
16895.539726089704	300.0	9.055917194968021	0.0	143881.0	5012.936204489208	25.091594	7.29561	0.0	20.762364294012507	
16900.069744368087	300.0	8.525898916585508	0.0	163444.0	4530.018278382515	17.178658	0.0	7.912936000000002	3.491389644148983	
16904.203428808687	300.0	8.392214475988414	0.0	179328.0	4133.684440597093	28.893466	11.714808000000001	0.0	25.298969194880584	
16907.11525978689	300.0	9.480383497783402	0.0	159914.0	2911.8309782050123	21.738399	0.0	7.155066999999999	8.157137465372118	
16909.049251403198	300.0	11.546391881474953	0.0	131610.0	1933.9916163084467	28.4111	6.672701	0.0	23.388048410401066	
16913.980255735787	750.0	10.615387548883769	0.0	361565.0	4931.004332591184	66.788635	38.377534999999995	0.0	65.3371638637106	
16919.914184219535	750.0	8.681459065136648	0.0	378327.0	5933.92848374712	62.32333	0.0	4.465305000000001	45.38239461526515	
16928.257703984214	750.0	4.33793930045794	0.0	390680.0	8343.51976467871	61.525566	0.0	0.7977640000000008	48.59802426280343	
16933.572097403878	750.0	4.0	0.9764541192027009	345516.0	5314.393419660641	79.583372	18.057806	0.0	42.000451020563474	
16937.521890861128	750.0	4.050206542748037	0.0	384505.0	3949.793457251963	64.443828	0.0	15.139544	35.852891186903015	
16940.961252188314	750.0	4.610845215561114	0.0	372093.0	3439.361327186923	58.879512	0.0	5.564315999999998	41.299771933747785	
16942.88750940947	300.0	6.684587994405063	0.0	172312.0	1926.2572211560512	26.146503	0.0	32.733008999999996	-15.247801967039017	
16944.86465810011	300.0	8.707439303763872	0.0	167025.0	1977.1486906411922	26.908827	0.7623239999999996	0.0	20.354647499322645	
16946.820392440986	300.0	10.751704962888518	0.0	160064.0	1955.734340875352	27.591437	0.6826100000000004	0.0	20.908998154259805	
16952.535346646266	750.0	9.036750757608354	0.0	331053.0	5714.954205280164	60.678126	33.086689	0.0	58.585645433710944	
16959.30056905301	750.0	6.271528350860986	0.0	314107.0	6765.222406747368	75.210559	14.532433000000005	0.0	65.36453832212788	
