2659.23465865155	750.0	4.0	2.7931852023610926	450283.0	2793.1852023610927	64.858346	0.0	0.0	-28.16533340741821	
2661.453097397197	1200.0	5.7815612543528205	0.0	611087.0	2218.4387456471795	69.839987	4.981640999999996	0.0	57.97033059622316	
2663.2482980502805	1200.0	7.986360601269	0.0	571051.0	1795.2006530838196	73.587374	3.7473870000000034	0.0	60.77622417883262	
2666.9460941521857	1850.0	8.288564499363869	0.0	933276.0	3697.7961019051318	78.955826	5.368452000000005	0.0	65.80580334984123	
2671.348663545979	1850.0	7.885995105570239	0.0	996749.0	4402.569393793629	75.455188	0.0	3.500637999999995	57.52729019743525	
2673.5184625903134	1200.0	9.716196061235808	0.0	520315.0	2169.7990443344324	75.14582	0.0	0.3093680000000063	60.65121996179534	
2674.9687362285804	750.0	12.265922422968917	0.0	352642.0	1450.2736382668902	81.00828	5.862459999999999	0.0	67.6912292345531	
2679.550568596725	1200.0	11.684090054824821	0.0	709534.0	4581.832368144096	82.426144	1.4178639999999945	0.0	67.56765661211375	
2686.4194678498097	1200.0	8.815190801739943	0.0	584846.0	6868.899253084877	82.430225	0.004080999999999335	0.0	67.14984568949134	
2695.0598881392043	1200.0	4.1747705123452965	0.0	560821.0	8640.420289394648	76.960357	0.0	5.469867999999991	56.71266867445105	
2697.9780890639163	750.0	5.256569587633009	0.0	353220.0	2918.200924712287	70.008689	0.0	6.951667999999998	49.25310527285025	
2701.6340016343615	1200.0	5.600657017187732	0.0	594078.0	3655.9125704452767	70.906301	0.8976119999999952	0.0	57.65646860355332	
2704.811177608368	1200.0	6.423481043181504	0.0	624282.0	3177.175974006228	73.534048	2.6277469999999994	0.0	60.397441453335624	
2711.182382845288	1850.0	4.052275806261402	0.0	1036454.0	6371.205236920102	80.875505	7.3414570000000055	0.0	68.01948098432592	
2714.363507495686	1850.0	4.871151155863516	0.0	821631.0	3181.1246503978864	78.494849	0.0	2.380656000000002	61.28988207838268	
2718.184974692219	1850.0	5.04968395933074	0.0	923170.0	3821.4671965327752	83.7301	5.235250999999991	0.0	69.80945114237906	
2721.0108937626674	1850.0	6.223764888882401	0.0	966699.0	2825.9190704483394	86.226021	2.49592100000001	0.0	71.10700694933738	
2723.62070353805	1850.0	7.613955113499425	0.0	885714.0	2609.809775382976	85.258591	0.0	0.9674300000000073	68.51753380735349	
2727.0150710270445	1850.0	8.219587624504781	0.0	987708.0	3394.367488994644	79.995224	0.0	5.263367000000002	59.5019982027586	
2729.0347427526913	1200.0	10.199915898858334	0.0	586839.0	2019.6717256464449	79.134663	0.0	0.8605609999999899	63.444560336070744	
2731.9667787739154	1850.0	11.267879877634332	0.0	891604.0	2932.0360212240025	81.773294	2.6386310000000037	0.0	67.37851107636527	
2737.665803948809	2850.0	9.56885470274092	0.0	1468126.0	5699.0251748934115	89.398189	7.624894999999995	0.0	75.3218079019016	
2744.641084589152	2850.0	6.593574062397992	0.0	1505760.0	6975.280640342929	85.954529	0.0	3.4436600000000084	66.4796472332252	
2749.8474595383805	2850.0	5.387199113168981	0.0	1323990.0	5206.374949229011	89.320458	3.3659290000000084	0.0	73.98692668949053	
2753.7361030343773	1850.0	5.498555617172404	0.0	897976.0	3888.6434959965763	86.994267	0.0	2.3261910000000086	68.54583583539701	
2757.320819915324	1850.0	5.913838736225698	0.0	905935.0	3584.7168809467066	89.133614	2.1393470000000008	0.0	73.46320174835421	
2761.7275226856664	1850.0	5.507135965882998	0.0	1076599.0	4406.702770342699	90.791041	1.6574270000000126	0.0	74.72328004362873	
2763.5035953577217	1200.0	7.731063293827757	0.0	487160.0	1776.0726720552423	80.893459	0.0	9.897582000000014	55.345817533980046	
2766.116131716474	1200.0	9.118526935075671	0.0	622896.0	2612.5363587520856	80.053124	0.0	0.8403349999999961	64.24386573042244	
2770.1849806396276	1850.0	9.049678011922119	0.0	975811.0	4068.8489231535536	89.334885	9.281761000000003	0.0	75.76189462139817	
2773.5659659270996	1850.0	9.668692724450608	0.0	873429.0	3380.9852874715098	87.120667	0.0	2.2142180000000025	68.77168736090755	
2777.22453026282	1850.0	10.010128388730177	0.0	954453.0	3658.564335720432	83.67714	0.0	3.443527000000003	64.551065096847	
2780.1340124941335	1200.0	11.100646157416726	0.0	584349.0	2909.482231313449	79.771897	0.0	3.9052429999999987	60.75383035011878	
2789.8916504922636	4300.0	5.343008159286568	0.0	2286761.0	9757.637998130158	99.974277	20.202380000000005	0.0	88.02644128912502	
2793.2004511118844	1850.0	6.034207539665856	0.0	1026056.0	3308.800619620712	97.037422	0.0	2.936854999999994	76.40348103841788	
2796.588615805333	1850.0	6.6460428462173295	0.0	943942.0	3388.1646934485275	90.168439	0.0	6.868983	66.4141484151412	
2798.773714027699	1850.0	8.460944623851125	0.0	728962.0	2185.098222366205	86.066994	0.0	4.101445000000012	65.87698482373372	
2801.388590494225	1850.0	9.846068157325572	0.0	938587.0	2614.8764665255526	86.593761	0.5267670000000066	0.0	70.83169447059112	
2804.243840580713	1850.0	10.990818070837504	0.0	908665.0	2855.2500864880676	82.415248	0.0	4.178512999999995	62.70254805849999	
2810.1809722981066	1850.0	9.053686353443794	0.0	930577.0	5937.13171739371	83.556577	1.141328999999999	0.0	68.44262199794545	
2812.915378628271	1200.0	10.319280023279807	0.0	566904.0	2734.406330163987	86.974261	3.417683999999994	0.0	72.01535138746164	
2819.0684409817145	1850.0	8.166217669836037	0.0	1025005.0	6153.06235344377	85.276808	0.0	1.6974529999999959	67.7584082266182	
2824.602326528865	2850.0	6.632332122685465	0.0	1343002.0	5533.885547150572	87.659279	2.3824709999999953	0.0	72.28702985263917	
2827.279864081801	1850.0	7.954794569749398	0.0	973972.0	2677.5375529360667	84.84845	0.0	2.8108289999999982	66.21434068733927	
2830.4244514244915	1850.0	8.810207227058763	0.0	958994.0	3144.5873426906337	87.119023	2.270572999999999	0.0	71.79614403033668	
2833.9026523108328	1850.0	9.33200634071747	0.0	982064.0	3478.2008863412934	86.680563	0.0	0.4384599999999921	70.28304003058662	
2837.835724111946	1850.0	9.398934539604182	0.0	830730.0	3933.071801113286	84.040637	0.0	2.6399260000000027	65.71153085892459	
2846.2442247087943	1850.0	4.990433942756478	0.0	846370.0	8408.500596847705	92.020773	7.980136000000002	0.0	77.64872889128998	
