25462.84289173014	750.0	4.0	6.6911010369313795	450283.0	6691.10103693138	64.858346	0.0	0.0	-140.40938053202618	
25466.757058869098	750.0	4.085832861040732	0.0	398865.0	3914.167138959268	57.017244	0.0	7.841101999999999	37.30694774282116	
25469.29593093603	750.0	5.54696079410789	0.0	350812.0	2538.8720669328413	60.430767	3.413523000000005	0.0	49.53439726135709	
25471.0144810282	300.0	7.828410701939664	0.0	155432.0	1718.5500921682267	19.997309	0.0	40.433458	-28.62572881724505	
25473.077317468556	300.0	9.765574261581596	0.0	163442.0	2062.8364403580667	16.877619	0.0	3.119690000000002	8.322067973538104	
25474.263500096287	300.0	12.579391633851749	0.0	126289.0	1186.1826277298485	18.579568	1.701948999999999	0.0	13.580570417102745	
25476.33210644956	300.0	14.510785280577851	0.0	153295.0	2068.6063532738967	42.291519	23.711951000000003	0.0	40.220602433691965	
25479.527471318692	300.0	15.31542041144956	0.0	173849.0	3195.36486912829	35.451274	0.0	6.840245000000003	20.10461217328575	
25483.63244270353	300.0	15.210449026610823	0.0	150710.0	4104.971384838738	28.497356	0.0	6.953917999999998	14.094724445226447	
25487.370291994197	300.0	15.472599735945495	0.0	139105.0	3737.849290665327	21.660501	0.0	6.836855	8.428788135904757	
25490.57436646867	300.0	16.268525261468724	0.0	141840.0	3204.0744744767717	2.177717	0.0	19.482784	-21.48851944385787	
25495.927401588633	300.0	14.915490141506062	0.0	156148.0	5353.035119962662	19.431299	17.253581999999998	0.0	18.935846683464327	
25501.528447613637	300.0	13.314444116503536	0.0	160746.0	5601.046025002526	21.445722	2.0144230000000007	0.0	16.101027757711584	
25506.350857152218	300.0	12.492034577923837	0.0	179801.0	4822.409538579697	23.726678	2.2809559999999998	0.0	18.112191156964666	
25510.368081282108	300.0	12.474810448030494	0.0	140051.0	4017.224129893345	21.119447	0.0	2.6072309999999987	12.458195192670239	
25517.618625475836	750.0	9.224266254305592	0.0	366214.0	7250.544193724902	58.858709	37.739262	0.0	58.43111360987612	
25524.101162428473	750.0	6.741729301667332	0.0	360831.0	6482.53695263826	60.531124	1.6724150000000009	0.0	49.100589048161304	
25531.449124171755	750.0	4.0	0.6062324416168722	372963.0	7347.961743284204	69.564049	9.032924999999999	0.0	41.4867888764058	
25535.60585575317	1200.0	4.0	0.15673158141135626	639204.0	4156.731581411356	72.000653	2.4366040000000027	0.0	54.52862330530305	
25539.20282711951	1200.0	4.403028633660849	0.0	586839.0	3596.9713663391512	79.134663	7.1340100000000035	0.0	66.48334667339239	
25543.193091351724	1200.0	4.412764401443422	0.0	601738.0	3990.264232217427	74.235946	0.0	4.898717000000005	55.01135256729831	
25547.423455259344	1200.0	4.182400493821809	0.0	616206.0	4230.363907621613	68.532883	0.0	5.703063	49.32801204213999	
25551.558926067424	1200.0	4.046929685745696	0.0	656471.0	4135.470808076112	63.455907	0.0	5.076975999999995	45.69259308258809	
25554.55253779438	1200.0	5.053317958788472	0.0	536667.0	2993.6117269572246	68.420849	4.964942000000001	0.0	56.763485235890926	
25558.213655938158	1200.0	5.392199815010017	0.0	587236.0	3661.118143778455	78.698824	10.277974999999998	0.0	67.05104630050491	
25561.36960941737	1200.0	6.236246335801504	0.0	590335.0	3155.9534792085124	79.644231	0.945407000000003	0.0	65.07087268298653	
25564.877026137765	1200.0	6.728829615404444	0.0	696376.0	3507.4167203970615	80.745588	1.101356999999993	0.0	66.05008180256124	
25567.381975619308	1200.0	8.223880133859979	0.0	487160.0	2504.9494815444646	80.893459	0.14787099999999498	0.0	65.89120220426116	
25570.98934671608	1200.0	8.61650903708993	0.0	622896.0	3607.3710967700486	80.053124	0.0	0.8403349999999961	64.24386573042244	
25575.633256709727	1200.0	7.9725990434427425	0.0	641447.0	4643.9099936471885	80.154442	0.10131800000000624	0.0	65.2514564240098	
25580.4567903991	1200.0	7.149065354069081	0.0	570392.0	4823.533689373661	78.009495	0.0	2.144947000000002	61.12892222454211	
25584.992463633826	1200.0	6.613392119344083	0.0	620283.0	4535.673234724998	72.909556	0.0	5.099939000000006	53.67453510265016	
25588.35348707154	1200.0	7.252368681627928	0.0	584349.0	3361.0234377161555	79.771897	6.862341000000001	0.0	66.94207121321617	
25594.13496665844	1850.0	5.470889094727695	0.0	1035329.0	5781.479586900233	71.430146	0.0	8.341751000000002	48.982062277546724	
25597.305950695554	750.0	6.299905057612632	0.0	401088.0	3170.9840371150626	69.915275	0.0	1.5148709999999994	54.942428326914225	
25601.45815461865	1200.0	6.147701134519446	0.0	598727.0	4152.203923093186	77.763467	7.848192000000012	0.0	65.53488519734074	
25604.02402480368	1200.0	7.581830949489751	0.0	487812.0	2565.8701850296943	77.846693	0.08322599999999625	0.0	63.29163035592236	
25607.082161012946	1200.0	8.523694740220447	0.0	575591.0	3058.136209269303	77.292461	0.0	0.554231999999999	62.20941215869677	
25611.22930849191	1200.0	8.376547261255594	0.0	605884.0	4147.147478964854	74.001829	0.0	3.290632000000002	56.519254990333565	
25615.235189854622	1200.0	8.370665898545989	0.0	587506.0	4005.881362709604	72.886388	0.0	1.1154410000000041	57.88246197348263	
25617.35673949299	750.0	10.249116260177598	0.0	345516.0	2121.5496383683917	79.583372	6.6969840000000005	0.0	66.73313750009174	
25620.803809487476	1200.0	10.80204626569117	0.0	641452.0	3447.069994486429	75.706383	0.0	3.8769889999999947	57.34071953352638	
25624.771527248315	1200.0	10.834328504853472	0.0	599477.0	3967.7177608376974	71.343181	0.0	4.363202000000001	53.129647516624864	
25630.223378980736	1200.0	9.382476772431982	0.0	634861.0	5451.851732421491	75.003938	3.660757000000004	0.0	61.95010051241022	
25635.050112352026	1200.0	8.555743401143928	0.0	630203.0	4826.733371288053	77.745919	2.7419809999999956	0.0	63.99851811947875	
25639.0508696162	1200.0	8.554986136970369	0.0	638661.0	4000.757264173561	77.309224	0.0	0.4366950000000003	62.348315386019244	
25645.20214347826	1850.0	6.40371227490923	0.0	830730.0	6151.273862061138	84.040637	6.731413000000003	0.0	70.51825899442247	
25649.68410136013	1200.0	5.921754393035846	0.0	550906.0	4481.957881873385	86.366143	2.32550599999999	0.0	71.17489760187416	
