1898.2206435807718	750.0	4.0	1.5754002818435975	450283.0	1575.4002818435974	64.858346	0.0	0.0	6.901895801052248	
1900.657091599831	1200.0	5.563551980940861	0.0	611087.0	2436.448019059139	69.839987	4.981640999999996	0.0	57.97033059622316	
1902.6441286526426	1200.0	7.5765149281290824	0.0	571051.0	1987.037052811779	73.587374	3.7473870000000034	0.0	60.77622417883262	
1905.6276322001956	1200.0	8.593011380576034	0.0	617681.0	2983.5035475530485	69.474665	0.0	4.112708999999995	51.81297205080018	
1912.6778379021273	1850.0	5.542805678644449	0.0	996749.0	7050.205701931585	75.455188	5.980523000000005	0.0	63.023488927640194	
1917.2542454432878	1200.0	4.966398137483938	0.0	520315.0	4576.407541160511	75.14582	0.0	0.3093680000000063	60.65121996179534	
1919.139463639493	750.0	7.081179941278533	0.0	352642.0	1885.2181962054042	81.00828	5.862459999999999	0.0	67.6912292345531	
1922.4221510840873	1200.0	7.798492496684305	0.0	709534.0	3282.687444594228	82.426144	1.4178639999999945	0.0	67.56765661211375	
1925.741069524622	1200.0	8.479574056149868	0.0	584846.0	3318.918440534437	82.430225	0.004080999999999335	0.0	67.14984568949134	
1928.3066603587288	1200.0	9.913983222042754	0.0	560821.0	2565.590834107114	76.960357	0.0	5.469867999999991	56.71266867445105	
1931.2437091136699	1200.0	10.97693446710183	0.0	607410.0	2937.048754940924	82.096766	5.1364090000000004	0.0	68.39672667617816	
1936.1884743667804	1850.0	10.032169213991352	0.0	917428.0	4944.765253110478	82.202545	0.10577899999999829	0.0	66.98732635875223	
1940.824118464325	1850.0	9.396525116446544	0.0	946851.0	4635.644097544809	83.629776	1.4272310000000061	0.0	68.58980497651146	
1946.3738974595178	1850.0	7.846746121253694	0.0	1036454.0	5549.778995192851	80.875505	0.0	2.754271000000003	62.909657170689236	
1951.0879019093481	1850.0	7.132741671423525	0.0	821631.0	4714.004449830169	78.494849	0.0	2.380656000000002	61.28988207838268	
1955.4501945236402	1850.0	6.770449057131461	0.0	923170.0	4362.292614292064	83.7301	5.235250999999991	0.0	69.80945114237906	
1958.4017925756289	1200.0	7.818851005142742	0.0	617242.0	2951.5980519887194	75.662786	0.0	8.067313999999996	52.857867096336925	
1961.5406405736635	1200.0	8.68000300710837	0.0	581493.0	3138.8479980343727	79.137254	3.4744680000000017	0.0	65.39510155551699	
1966.2259126530025	1850.0	7.994730927769441	0.0	987708.0	4685.272079338928	79.995224	0.8579699999999946	0.0	65.34207530148709	
1968.636909273587	1200.0	9.58373430718484	0.0	586839.0	2410.9966205846013	79.134663	0.0	0.8605609999999899	63.444560336070744	
1971.6221825302412	1200.0	10.598461050530725	0.0	601738.0	2985.2732566541167	74.235946	0.0	4.898717000000005	55.01135256729831	
1976.2503118954044	1850.0	9.970331685367427	0.0	955231.0	4628.129365163299	79.031768	4.795822000000001	0.0	65.69949125877463	
1981.6121211841169	1850.0	8.608522396654957	0.0	968026.0	5361.80928871247	73.123347	0.0	5.908421000000004	52.99779644730492	
1986.5792882180117	1850.0	7.641355362760339	0.0	874175.0	4967.167033894618	80.700778	7.577431000000004	0.0	67.94181803672566	
1990.3825226422075	1850.0	7.838120938564405	0.0	897976.0	3803.234424195934	86.994267	6.293488999999994	0.0	72.88920259297404	
1993.5084683983266	1850.0	8.712175182445405	0.0	905935.0	3125.9457561190006	89.133614	2.1393470000000008	0.0	73.46320174835421	
1996.7758605739537	1200.0	9.444783006818296	0.0	696376.0	3267.3921756271075	80.745588	0.0	8.388025999999996	56.822222631623696	
1999.3337420397277	1200.0	10.88690154104434	0.0	487160.0	2557.8814657739545	80.893459	0.14787099999999498	0.0	65.89120220426116	
2002.398783384746	1200.0	11.821860196026034	0.0	622896.0	3065.0413450183073	80.053124	0.0	0.8403349999999961	64.24386573042244	
2009.7402533489292	1850.0	8.48039023184288	0.0	975811.0	7341.469964183153	89.334885	9.281761000000003	0.0	75.76189462139817	
2012.941934512439	1850.0	9.278709068333036	0.0	873429.0	3201.6811635098434	87.120667	0.0	2.2142180000000025	68.77168736090755	
2018.157529014975	1850.0	8.063114565797193	0.0	954453.0	5215.594502535845	83.67714	0.0	3.443527000000003	64.551065096847	
2021.160371144803	1200.0	9.060272435968928	0.0	584349.0	3002.8421298282638	79.771897	0.0	3.9052429999999987	60.75383035011878	
2026.9066168673087	1850.0	7.314026713463313	0.0	1035329.0	5746.245722505615	71.430146	0.0	8.341751000000002	48.982062277546724	
2029.6319599710698	1200.0	8.58868360970231	0.0	690253.0	2725.343103761003	87.732581	16.302435000000003	0.0	76.4968627852952	
2033.7212386503916	1850.0	8.499404930380447	0.0	943942.0	4089.2786793218647	90.168439	2.4358580000000103	0.0	74.42794802438888	
2036.355018921678	1200.0	9.86562465909398	0.0	487812.0	2633.780271286467	77.846693	0.0	12.321746000000005	50.193472792442776	
2041.8229318546787	1200.0	8.397711726093249	0.0	575591.0	5467.912933000731	77.292461	0.0	0.554231999999999	62.20941215869677	
2046.831069808021	1850.0	7.3895737727508255	0.0	908665.0	5008.137953342422	82.415248	5.122787000000002	0.0	68.66239046371803	
2052.3393322603206	1850.0	5.881311320451679	0.0	930577.0	5508.262452299147	83.556577	1.141328999999999	0.0	68.44262199794545	
2053.848768254702	750.0	8.371875326069976	0.0	345516.0	1509.4359943817021	79.583372	0.0	3.973205000000007	60.52206071503834	
2056.362218324355	1200.0	9.8584252564171	0.0	641452.0	2513.4500696528767	75.706383	0.0	3.8769889999999947	57.34071953352638	
2062.536068693052	1850.0	7.684574887720062	0.0	886255.0	6173.850368697038	78.86339	3.157006999999993	0.0	65.06857148325741	
2067.0306938233093	1850.0	7.189949757462797	0.0	973972.0	4494.6251302572655	84.84845	5.985060000000004	0.0	70.98000474499611	
2071.7356834681673	1850.0	6.484960112604655	0.0	958994.0	4704.989644858141	87.119023	2.270572999999999	0.0	71.79614403033668	
2076.1888740273357	1850.0	6.031769553436479	0.0	982064.0	4453.190559168177	86.680563	0.0	0.4384599999999921	70.28304003058662	
2080.9210414085737	1850.0	5.299602172198309	0.0	830730.0	4732.16738123817	84.040637	0.0	2.6399260000000027	65.71153085892459	
2085.4222495219897	1200.0	4.798394058782228	0.0	550906.0	4501.208113416081	86.366143	2.32550599999999	0.0	71.17489760187416	
