18703.089422981233	750.0	4.0	5.460500454044817	450283.0	5460.500454044817	64.858346	0.0	0.0	-104.97311261878718	
18706.205466052386	750.0	4.883956928846321	0.0	398865.0	3116.0430711536796	57.017244	0.0	7.841101999999999	37.30694774282116	
18708.593920863812	750.0	6.495502117420821	0.0	350812.0	2388.4548114255003	60.430767	3.413523000000005	0.0	49.53439726135709	
18711.779806444043	750.0	7.309616537191745	0.0	382355.0	3185.8855802290755	55.551349	0.0	4.879418000000001	39.207823032133746	
18714.578566443644	750.0	8.510856537588843	0.0	411561.0	2798.7599996029026	51.003805	0.0	4.547544000000002	35.708620955217725	
18718.449206747042	1200.0	8.640216234192124	0.0	520315.0	3870.640303396718	75.14582	24.142015	0.0	68.1730929313029	
18721.529764928833	750.0	9.559658052400511	0.0	352642.0	3080.5581817916127	81.00828	5.862459999999999	0.0	67.6912292345531	
18724.651388391692	750.0	10.438034589539571	0.0	437162.0	3121.6234628609395	69.475262	0.0	11.533017999999998	43.94053818670605	
18728.32884591411	750.0	10.760577067120902	0.0	374758.0	3677.457522418669	70.789292	1.3140300000000025	0.0	57.681454273815504	
18733.16452103988	750.0	9.92490194135464	0.0	362795.0	4835.675125766261	64.786022	0.0	6.0032700000000006	45.836272051926805	
18738.366838676964	750.0	8.722584304267832	0.0	353220.0	5202.31763708681	70.008689	5.222667000000001	0.0	58.18502339881593	
18743.737232943895	750.0	7.352190037334285	0.0	405134.0	5370.3942669335465	59.00323	0.0	11.005459000000002	35.63150226952917	
18747.022744488255	750.0	8.066678492974754	0.0	386351.0	3285.5115443595305	59.358241	0.3550109999999975	0.0	47.71472422025977	
18752.690882065206	750.0	6.398540916023154	0.0	434409.0	5668.137576951601	56.692976	0.0	2.665264999999998	42.523882025230556	
18756.562117717087	750.0	6.527305264141956	0.0	337059.0	3871.2356518811976	54.76216	0.0	1.930816	41.66792139000558	
18761.369888060322	750.0	5.719534920906539	0.0	366214.0	4807.770343235417	58.858709	4.096548999999996	0.0	48.406541934633836	
18764.163154625912	750.0	6.926268355320806	0.0	360831.0	2793.266565585733	60.531124	1.6724150000000009	0.0	49.100589048161304	
18768.173173282765	750.0	6.916249698465395	0.0	372963.0	4010.0186568554113	69.564049	9.032924999999999	0.0	58.9438058139744	
18775.585250250035	750.0	4.0	0.49582726880309475	405596.0	7412.07696726849	60.564875	0.0	8.999173999999996	24.804928122258012	
18779.036963955845	750.0	4.548286294186538	0.0	350713.0	3451.7137058134617	67.172129	6.6072539999999975	0.0	56.195305162945644	
18782.82533543324	750.0	4.759914816791248	0.0	386472.0	3788.371477395291	62.777649	0.0	4.3944800000000015	45.8423031210838	
18787.266336416567	750.0	4.318913833464358	0.0	399894.0	4441.00098332689	55.443233	0.0	7.334415999999997	36.51150936895389	
18791.697569777367	1200.0	4.0	0.112319527333927	656471.0	4431.2333607982855	63.455907	8.012674000000004	0.0	50.23246446193439	
18795.023544130443	1200.0	4.674025646921443	0.0	536667.0	3325.974353078557	68.420849	4.964942000000001	0.0	56.763485235890926	
18797.315963628593	750.0	6.3816061487732325	0.0	359903.0	2292.4194981482106	66.786337	0.0	1.6345120000000009	52.16558832707676	
18801.29576669458	1200.0	6.40180308278713	0.0	590335.0	3979.803065986103	79.644231	12.857894000000002	0.0	68.62045501785624	
18805.722466887924	1200.0	5.975102889440977	0.0	696376.0	4426.700193346153	80.745588	1.101356999999993	0.0	66.05008180256124	
18808.651502584406	1200.0	7.046067192961043	0.0	487160.0	2929.035696479934	80.893459	0.14787099999999498	0.0	65.89120220426116	
18813.150605578106	1200.0	6.546964199258948	0.0	622896.0	4499.102993702095	80.053124	0.0	0.8403349999999961	64.24386573042244	
18816.624680907476	1200.0	7.072888869889	0.0	641447.0	3474.075329369948	80.154442	0.10131800000000624	0.0	65.2514564240098	
18821.042933749337	1200.0	6.654636028028361	0.0	570392.0	4418.252841860639	78.009495	0.0	2.144947000000002	61.12892222454211	
18825.23742233344	1200.0	6.460147443923746	0.0	620283.0	4194.488584104615	72.909556	0.0	5.099939000000006	53.67453510265016	
18827.29651262611	750.0	8.401057151255019	0.0	369834.0	2059.090292668725	68.369339	0.0	4.540216999999998	50.42328474062561	
18831.039125696345	1200.0	8.658444081021575	0.0	670129.0	3742.6130702334444	62.28877	0.0	6.080568999999997	43.639332434497476	
18833.529137388716	750.0	10.168432388648693	0.0	401088.0	2490.0116923728824	69.915275	7.6265049999999945	0.0	58.822186338307795	
18837.133723951494	1200.0	10.563845825875003	0.0	598727.0	3604.5865627736894	77.763467	7.848192000000012	0.0	65.53488519734074	
18840.241274500826	1200.0	11.45629527654383	0.0	487812.0	3107.5505493311716	77.846693	0.08322599999999625	0.0	63.29163035592236	
18844.546804620404	1200.0	11.15076515696387	0.0	575591.0	4305.530119579962	77.292461	0.0	0.554231999999999	62.20941215869677	
18851.099661616216	1200.0	8.597908161149237	0.0	605884.0	6552.856995814633	74.001829	0.0	3.290632000000002	56.519254990333565	
18856.764754644148	1200.0	6.932815133217191	0.0	587506.0	5665.0930279320455	72.886388	0.0	1.1154410000000041	57.88246197348263	
18859.996055404652	750.0	7.701514372712325	0.0	345516.0	3231.3007605048656	79.583372	6.6969840000000005	0.0	66.73313750009174	
18865.760127697788	1200.0	5.937442079575437	0.0	641452.0	5764.072293136888	75.706383	0.0	3.8769889999999947	57.34071953352638	
18869.624136027815	1200.0	6.073433749549198	0.0	599477.0	3864.008330026238	71.343181	0.0	4.363202000000001	53.129647516624864	
18873.47320094855	1200.0	6.224368828813634	0.0	634861.0	3849.0649207355646	75.003938	3.660757000000004	0.0	61.95010051241022	
18877.537764158395	1200.0	6.159805618968285	0.0	630203.0	4064.5632098453493	77.745919	2.7419809999999956	0.0	63.99851811947875	
18881.23634974684	1200.0	6.461220030525387	0.0	638661.0	3698.585588442899	77.309224	0.0	0.4366950000000003	62.348315386019244	
18887.129070401937	1850.0	4.5684993754271295	0.0	830730.0	5892.720655098257	84.040637	6.731413000000003	0.0	70.51825899442247	
18890.97433096336	1200.0	4.723238814006997	0.0	550906.0	3845.260561420132	86.366143	2.32550599999999	0.0	71.17489760187416	
