24882.032323208212	750.0	4.0	3.445995646227827	450283.0	3445.9956462278274	64.858346	0.0	0.0	-46.9636064678451	
24883.102211050646	300.0	6.930112157568032	0.0	155580.0	1069.8878424319682	18.412623	0.0	46.445723	-36.3468075049402	
24884.03726749071	300.0	9.995055717503444	0.0	139857.0	935.0564400645883	17.596212	0.0	0.8164109999999987	11.374421591985136	
24885.135860657214	300.0	12.896462550995453	0.0	155432.0	1098.5931665079925	19.997309	2.401097	0.0	14.989583049748727	
24886.39951880721	300.0	15.632804400999138	0.0	163442.0	1263.6581499963152	16.877619	0.0	3.119690000000002	8.322067973538104	
24887.68107962646	300.0	18.35124358174715	0.0	126289.0	1281.5608192519874	18.579568	1.701948999999999	0.0	13.580570417102745	
24890.510785068273	300.0	19.52153813993779	0.0	153295.0	2829.7054418093594	42.291519	23.711951000000003	0.0	40.220602433691965	
24895.066212894577	300.0	18.96611031363563	0.0	173849.0	4555.427826302155	35.451274	0.0	6.840245000000003	20.10461217328575	
24898.940881355873	300.0	19.091441852337965	0.0	150710.0	3874.668461297667	28.497356	0.0	6.953917999999998	14.094724445226447	
24902.55770339786	300.0	19.47461981035479	0.0	139105.0	3616.822041983178	21.660501	0.0	6.836855	8.428788135904757	
24909.4799740295	750.0	16.552349178713143	0.0	353220.0	6922.270631641646	70.008689	48.34818800000001	0.0	71.03520216699869	
24916.901248579794	750.0	13.131074628419872	0.0	405134.0	7421.27455029327	59.00323	0.0	11.005459000000002	35.63150226952917	
24923.78149796633	750.0	10.250825241882447	0.0	386351.0	6880.249386537425	59.358241	0.3550109999999975	0.0	47.71472422025977	
24932.65641799277	750.0	5.375905215442519	0.0	434409.0	8874.920026439928	56.692976	0.0	2.665264999999998	42.523882025230556	
24936.336854793386	750.0	5.69546841483038	0.0	337059.0	3680.4368006121395	54.76216	0.0	1.930816	41.66792139000558	
24941.791912551595	750.0	4.240410656620727	0.0	366214.0	5455.057758209652	58.858709	4.096548999999996	0.0	48.406541934633836	
24947.263602161478	750.0	4.0	1.2312789532656425	360831.0	5471.68960988637	60.531124	1.6724150000000009	0.0	13.644786840178899	
24951.258677198482	750.0	4.004924962998116	0.0	372963.0	3995.075037001884	69.564049	9.032924999999999	0.0	58.9438058139744	
24955.04699547777	750.0	4.216606683707934	0.0	405596.0	3788.3182792901816	60.564875	0.0	8.999173999999996	39.08272725573663	
24958.626558721295	750.0	4.637043440181004	0.0	350713.0	3579.5632435269313	67.172129	6.6072539999999975	0.0	56.195305162945644	
24963.061363301593	750.0	4.202238859882238	0.0	386472.0	4434.804580298765	62.777649	0.0	4.3944800000000015	45.8423031210838	
24968.041451685436	750.0	4.0	0.7778495239613658	399894.0	4980.088383843604	55.443233	0.0	7.334415999999997	14.112621776503211	
24972.067109216772	750.0	4.0	0.025657531337416457	401853.0	4025.6575313374165	47.960406	0.0	7.482827	29.277998995745985	
24975.317111906537	750.0	4.749997310234799	0.0	343800.0	3250.0026897652006	55.451197	7.4907910000000015	0.0	46.53210385732817	
24978.753283455826	750.0	5.31382576094327	0.0	359903.0	3436.1715492915305	66.786337	11.335140000000003	0.0	57.277353060696605	
24982.507997189223	750.0	5.559112027547062	0.0	379700.0	3754.713733396207	66.676537	0.0	0.109800000000007	53.69031629537219	
24984.299092413417	300.0	7.768016803352521	0.0	181901.0	1791.095224194542	27.469573	0.0	39.206964	-20.996151468092872	
24987.075643320375	750.0	8.991465896395981	0.0	277716.0	2776.5509069565387	68.231907	40.76233400000001	0.0	67.27007478642625	
24991.37177038203	750.0	8.695338834743543	0.0	400396.0	4296.127061652439	69.601487	1.3695799999999991	0.0	56.69205323288801	
24995.43375418522	750.0	8.633355031552437	0.0	400508.0	4061.9838031911063	67.821489	0.0	1.7799980000000062	52.88789921294314	
24999.204931866545	750.0	8.862177350226055	0.0	358218.0	3771.1776813263828	64.789531	0.0	3.031958000000003	48.99180250230414	
25005.16284221887	750.0	6.904266997902131	0.0	400322.0	5957.910352323924	60.651768	0.0	4.137763	44.31426861062449	
25011.993574425745	750.0	4.073534791025739	0.0	369834.0	6830.732206876392	68.369339	7.7175709999999995	0.0	57.54006651746116	
25014.780284593555	300.0	5.286824623215276	0.0	163444.0	2786.7101678104627	17.178658	0.0	51.190681	-42.426248896999155	
25020.895994820876	750.0	4.0	0.8288856041012823	401088.0	6115.710227316558	69.915275	52.736616999999995	0.0	48.395198642204456	
25024.359723286358	750.0	4.536271534516545	0.0	365161.0	3463.7284654834543	60.276519	0.0	9.638755999999994	38.15992246287269	
25027.014984680813	750.0	5.881010140060849	0.0	321064.0	2655.261394455696	67.040505	6.763985999999996	0.0	56.13053433110116	
25030.116549074588	750.0	6.779445746287205	0.0	361565.0	3101.5643937736436	66.788635	0.0	0.2518699999999967	53.6345161054191	
25033.508546009918	750.0	7.387448810956595	0.0	378327.0	3391.996935330609	62.32333	0.0	4.465305000000001	45.38239461526515	
25037.18015482721	750.0	7.715839993664983	0.0	390680.0	3671.6088172916125	61.525566	0.0	0.7977640000000008	48.59802426280343	
25041.566619164743	750.0	7.3293756561285015	0.0	345516.0	4386.464337536481	79.583372	18.057806	0.0	70.11833935431406	
25044.710466302502	750.0	8.185528518369146	0.0	384505.0	3143.8471377593555	64.443828	0.0	15.139544	35.852891186903015	
25047.931495046578	750.0	8.9644997742945	0.0	372093.0	3221.028744074647	58.879512	0.0	5.564315999999998	41.299771933747785	
25053.448808107674	750.0	7.447186713199075	0.0	438281.0	5517.313061095425	62.327504	3.4479919999999993	0.0	51.15101669476942	
25056.93251314231	750.0	7.963481678564312	0.0	398987.0	3483.7050346347623	63.729239	1.4017350000000022	0.0	51.728421217727	
25062.48612015362	1200.0	6.409874667258615	0.0	638661.0	5553.607011305698	77.309224	13.579985	0.0	66.8580976027805	
25068.48948273562	1200.0	4.40651208525755	0.0	538612.0	6003.362582001065	74.51099	0.0	2.7982339999999937	57.47289772290094	
25072.969712429873	1200.0	4.0	0.07371760899684524	550906.0	4480.229694254395	86.366143	11.855152999999987	0.0	71.89169549408786	
