24690.621656211908	750.0	4.0	5.84241140162946	450283.0	5842.41140162946	64.858346	0.0	0.0	-115.97058722249935	
24694.288555750347	750.0	4.333100461561687	0.0	398865.0	3666.8995384383134	57.017244	0.0	7.841101999999999	37.30694774282116	
24697.03111983514	750.0	5.590536376766824	0.0	350812.0	2742.5640847948625	60.430767	3.413523000000005	0.0	49.53439726135709	
24701.24705158192	1200.0	5.374604629990803	0.0	617681.0	4215.931746776021	69.474665	9.043897999999999	0.0	58.87137604797988	
24705.527972796586	1200.0	5.093683415324873	0.0	652874.0	4280.92121466593	64.23322	0.0	5.241444999999999	46.176398894182356	
24708.63066752945	1200.0	5.990988682459264	0.0	520315.0	3102.694732865609	75.14582	10.912599999999998	0.0	64.23110350586552	
24710.799130220537	750.0	7.822525991375499	0.0	352642.0	2168.462691083765	81.00828	5.862459999999999	0.0	67.6912292345531	
24713.708494293303	750.0	8.913161918607988	0.0	437162.0	2909.3640727675115	69.475262	0.0	11.533017999999998	43.94053818670605	
24715.95677466192	750.0	10.664881549990312	0.0	374758.0	2248.280368617676	70.789292	1.3140300000000025	0.0	57.681454273815504	
24718.00559369736	750.0	12.616062514553311	0.0	362795.0	2048.819035436999	64.786022	0.0	6.0032700000000006	45.836272051926805	
24719.984079764385	750.0	14.637576447525676	0.0	353220.0	1978.4860670276364	70.008689	5.222667000000001	0.0	58.18502339881593	
24723.249023913555	750.0	15.372632298356478	0.0	405134.0	3264.944149169197	59.00323	0.0	11.005459000000002	35.63150226952917	
24728.19247805008	750.0	14.429178161827789	0.0	386351.0	4943.4541365286905	59.358241	0.3550109999999975	0.0	47.71472422025977	
24734.34016831293	750.0	12.281487898981537	0.0	434409.0	6147.690262846251	56.692976	0.0	2.665264999999998	42.523882025230556	
24739.51421665907	750.0	11.107439552842923	0.0	337059.0	5174.048346138614	54.76216	0.0	1.930816	41.66792139000558	
24746.336051102622	750.0	8.285605109288387	0.0	366214.0	6821.834443554536	58.858709	4.096548999999996	0.0	48.406541934633836	
24750.04556252909	750.0	8.576093682825144	0.0	360831.0	3709.5114264632434	60.531124	1.6724150000000009	0.0	49.100589048161304	
24756.006046215283	1200.0	6.615609996625904	0.0	581493.0	5960.48368619924	79.137254	18.60613	0.0	69.90390648704971	
24762.118429436694	1200.0	4.503226775215016	0.0	639204.0	6112.383221410887	72.000653	0.0	7.136600999999999	50.743888071584934	
24764.70747768518	750.0	5.914178526730835	0.0	350713.0	2589.048248484182	67.172129	0.0	4.828524000000002	49.10347287348152	
24768.45392655756	1200.0	6.1677296543494755	0.0	601738.0	3746.4488723813593	74.235946	7.063817	0.0	62.31370233979262	
24772.179145007438	1200.0	6.4425112044692305	0.0	616206.0	3725.2184498802453	68.532883	0.0	5.703063	49.32801204213999	
24776.709384022746	1200.0	5.912272189161803	0.0	656471.0	4530.2390153074275	63.455907	0.0	5.076975999999995	45.69259308258809	
24779.360084592514	1200.0	7.261571619394097	0.0	536667.0	2650.7005697677064	68.420849	4.964942000000001	0.0	56.763485235890926	
24782.608159494874	1200.0	8.013496717035707	0.0	587236.0	3248.0749023583903	78.698824	10.277974999999998	0.0	67.05104630050491	
24787.376472908272	1200.0	7.245183303636819	0.0	590335.0	4768.313413398888	79.644231	0.945407000000003	0.0	65.07087268298653	
24792.4773722574	1200.0	6.144283954511471	0.0	696376.0	5100.899349125348	80.745588	1.101356999999993	0.0	66.05008180256124	
24795.978604164833	1200.0	6.643052047081199	0.0	487160.0	3501.2319074302723	80.893459	0.14787099999999498	0.0	65.89120220426116	
24800.890314859444	1200.0	5.731341352470263	0.0	622896.0	4911.710694610936	80.053124	0.0	0.8403349999999961	64.24386573042244	
24806.471623998936	1200.0	4.15003221297619	0.0	641447.0	5581.309139494073	80.154442	0.10131800000000624	0.0	65.2514564240098	
24810.415405376865	1200.0	4.2062508350445444	0.0	570392.0	3943.7813779316457	78.009495	0.0	2.144947000000002	61.12892222454211	
24814.486134943487	1200.0	4.135521268425752	0.0	620283.0	4070.7295666187924	72.909556	0.0	5.099939000000006	53.67453510265016	
24817.322791667753	750.0	5.298864544159025	0.0	369834.0	2836.656724266726	68.369339	0.0	4.540216999999998	50.42328474062561	
24820.23231442376	750.0	6.389341788150624	0.0	412837.0	2909.5227560084013	49.996929	0.0	18.372409999999995	20.187729359352712	
24822.50510843965	750.0	8.116547772258418	0.0	401088.0	2272.794015892206	69.915275	19.918345999999993	0.0	62.48480537634975	
24827.14118615436	1200.0	7.48047005754533	0.0	598727.0	4636.077714713088	77.763467	7.848192000000012	0.0	65.53488519734074	
24831.848694203825	1200.0	6.7729620080834865	0.0	487812.0	4707.508049461843	77.846693	0.08322599999999625	0.0	63.29163035592236	
24838.807035219572	1200.0	4.0	0.1853790076643063	575591.0	6958.341015747793	77.292461	0.0	0.554231999999999	56.871254292987146	
24842.36727108336	1200.0	4.439764136215629	0.0	605884.0	3560.235863784371	74.001829	0.0	3.290632000000002	56.519254990333565	
24845.837241189565	1200.0	4.969794030007266	0.0	587506.0	3469.9701062083636	72.886388	0.0	1.1154410000000041	57.88246197348263	
24847.93033404429	750.0	6.876701175282962	0.0	345516.0	2093.092854724304	79.583372	6.6969840000000005	0.0	66.73313750009174	
24850.077762519042	750.0	8.72927270052822	0.0	384505.0	2147.4284747547426	64.443828	0.0	15.139544	35.852891186903015	
24853.486998857385	1200.0	9.320036362183385	0.0	599477.0	3409.236338344834	71.343181	6.899353000000005	0.0	59.81481088460728	
24857.488621629538	1200.0	9.318413590028449	0.0	634861.0	4001.6227721549367	75.003938	3.660757000000004	0.0	61.95010051241022	
24860.393680437905	750.0	10.413354781664925	0.0	398987.0	2905.0588083635243	63.729239	0.0	11.274699000000005	39.34830115448027	
24864.169548303253	750.0	10.637486916313417	0.0	393804.0	3775.8678653515076	62.845425	0.0	0.883814000000001	49.62451534898482	
24873.23941495429	1200.0	5.567620265278843	0.0	538612.0	9069.866651034574	74.51099	11.665565000000008	0.0	63.91782743622792	
24878.586327561985	750.0	4.220707657584064	0.0	314107.0	5346.91260769478	75.210559	0.6995689999999968	0.0	61.242738256780044	
