9695.422212389989	750.0	4.0	4.277909780182569	450283.0	4277.909780182569	64.858346	0.0	0.0	-70.919333891995	
9699.251459635425	750.0	4.170752754563993	0.0	398865.0	3829.2472454360072	57.017244	0.0	7.841101999999999	37.30694774282116	
9702.639759259511	750.0	4.782453130478489	0.0	350812.0	3388.2996240855045	60.430767	3.413523000000005	0.0	49.53439726135709	
9707.297625928855	1200.0	4.1245864611354	0.0	617681.0	4657.866669343089	69.474665	9.043897999999999	0.0	58.87137604797988	
9710.562011841015	1200.0	4.860200548974572	0.0	652874.0	3264.3859121608275	64.23322	0.0	5.241444999999999	46.176398894182356	
9713.960328186722	1850.0	5.461884203268795	0.0	801058.0	3398.3163457057776	86.249306	22.016086	0.0	76.94318105795827	
9716.146573278695	1200.0	7.275639111295725	0.0	561791.0	2186.245091973071	89.177904	2.928597999999994	0.0	73.73588534977478	
9721.5989579765	1850.0	5.823254413490748	0.0	1060487.0	5452.384697804977	90.155937	0.9780329999999964	0.0	73.98296967737969	
9725.2145386096	1850.0	6.207673780390532	0.0	852833.0	3615.5806331002154	90.218296	0.06235900000000072	0.0	73.76293677284315	
9729.06755132365	1850.0	6.354661066342393	0.0	913888.0	3853.0127140481395	86.733288	0.0	3.4850079999999934	67.09530890568334	
9731.923820333084	1200.0	7.498392056906655	0.0	607410.0	2856.2690094357376	82.096766	0.0	4.636521999999999	61.946878270919974	
9735.61497906802	1850.0	7.807233321971695	0.0	917428.0	3691.1587349349597	82.202545	0.10577899999999829	0.0	66.98732635875223	
9738.952364643805	1850.0	8.469847746186106	0.0	946851.0	3337.3855757855886	83.629776	1.4272310000000061	0.0	68.58980497651146	
9745.458436373383	2850.0	5.963776016608584	0.0	1578343.0	6506.071729577522	91.568178	7.938401999999996	0.0	77.25299014285042	
9750.278078523012	2850.0	5.144133866980254	0.0	1231445.0	4819.64214962833	88.830113	0.0	2.738065000000006	69.66361798364525	
9753.502469480722	1850.0	5.9197429092701475	0.0	923170.0	3224.3909577101053	83.7301	0.0	5.100013000000004	62.83838720493218	
9756.200731962148	1850.0	7.221480427843097	0.0	966699.0	2698.262481427051	86.226021	2.49592100000001	0.0	71.10700694933738	
9758.843423486054	1850.0	8.578788903937133	0.0	885714.0	2642.6915239059645	85.258591	0.0	0.9674300000000073	68.51753380735349	
9764.016445129404	2850.0	7.405767260587043	0.0	1537156.0	5173.02164335009	89.30989	4.051299	0.0	74.18219740674294	
9766.970202831832	1850.0	8.452009558160142	0.0	923755.0	2953.7577024269003	86.363677	0.0	2.946213	67.35394582937289	
9772.110328494362	2850.0	7.311883895628997	0.0	1415116.0	5140.125662531145	90.785318	4.421641000000008	0.0	75.54209038638726	
9776.203235086896	2850.0	7.218977303096064	0.0	1468126.0	4092.9065925329332	89.398189	0.0	1.3871290000000016	71.57806374237117	
9781.310601666102	2850.0	6.111610723890273	0.0	1505760.0	5107.36657920579	85.954529	0.0	3.4436600000000084	66.4796472332252	
9787.170173287752	2850.0	4.2520391022412865	0.0	1323990.0	5859.571621648986	89.320458	3.3659290000000084	0.0	73.98692668949053	
9790.545717142337	1850.0	4.876495247657127	0.0	897976.0	3375.54385458416	86.994267	0.0	2.3261910000000086	68.54583583539701	
9793.095559144676	1850.0	6.326653245316809	0.0	905935.0	2549.8420023403182	89.133614	2.1393470000000008	0.0	73.46320174835421	
9796.287195331444	1850.0	7.135017058547255	0.0	1076599.0	3191.6361867695546	90.791041	1.6574270000000126	0.0	74.72328004362873	
9799.259729465479	1850.0	8.162482924513835	0.0	758197.0	2972.5341340334194	87.50057	0.0	3.290471000000011	67.95152441266671	
9802.792639562243	1850.0	8.629572827749834	0.0	972798.0	3532.9100967640015	88.832031	1.3314610000000044	0.0	72.96706372219077	
9805.914407612552	1850.0	9.507804777439944	0.0	975811.0	3121.7680503098904	89.334885	0.5028539999999992	0.0	73.14603000751325	
9808.265081721982	1850.0	11.157130668009895	0.0	873429.0	2350.6741094300482	87.120667	0.0	2.2142180000000025	68.77168736090755	
9811.373970931336	1850.0	12.048241458655063	0.0	954453.0	3108.889209354831	83.67714	0.0	3.443527000000003	64.551065096847	
9814.690018042666	1850.0	12.732194347325775	0.0	885062.0	3316.0471113292906	87.533761	3.856621000000004	0.0	72.61998329554336	
9823.855121779177	4300.0	7.567090610814077	0.0	2286761.0	9165.103736511697	99.974277	12.440516000000002	0.0	85.71362656453715	
9827.426259848993	1850.0	7.995952540997447	0.0	1026056.0	3571.1380698166304	97.037422	0.0	2.936854999999994	76.40348103841788	
9830.57739211165	1850.0	8.844820278340055	0.0	943942.0	3151.1322626573906	90.168439	0.0	6.868983	66.4141484151412	
9835.85683744251	2850.0	7.565374947479861	0.0	1139291.0	5279.445330860194	93.825455	3.6570159999999987	0.0	77.88894925177297	
9841.517000538299	2850.0	5.9052118516913445	0.0	1499009.0	5660.163095788517	93.982147	0.1566919999999925	0.0	76.97865487614874	
9845.845593156972	2850.0	5.576619233019598	0.0	1427478.0	4328.592618671746	90.92969	0.0	3.052457000000004	71.10818249774292	
9850.683675258875	2850.0	4.738537131115602	0.0	1402287.0	4838.082101903996	91.34334	0.41365000000000407	0.0	74.82041250127551	
9852.8835155761	1200.0	6.538696813890892	0.0	566904.0	2199.8403172247104	86.974261	0.0	4.369078999999999	66.36139087245388	
9855.94635186309	1850.0	7.475860526900995	0.0	1025005.0	3062.8362869898974	85.276808	0.0	1.6974529999999959	67.7584082266182	
9859.921443000081	2850.0	7.500769389908515	0.0	1343002.0	3975.0911369924793	87.659279	2.3824709999999953	0.0	72.28702985263917	
9865.332210841547	2850.0	6.090001548441957	0.0	1587250.0	5410.767841466559	95.172719	7.513440000000003	0.0	80.1790532906648	
9869.937919475919	2850.0	5.484292914071272	0.0	1464921.0	4605.708634370684	96.481395	1.3086760000000055	0.0	79.43852922609656	
9873.701616558474	2850.0	5.720595831516011	0.0	1483527.0	3763.697082555261	95.602302	0.0	0.8790930000000117	77.37135948851477	
9876.95147297012	2850.0	6.470739419868183	0.0	1231456.0	3249.856411647828	92.485503	0.0	3.1167990000000003	72.35753544954366	
9881.659422892331	2850.0	5.762789497655822	0.0	1364537.0	4707.949922212361	97.895096	5.409593000000001	0.0	81.85775079398817	
