26041.48390756133	750.0	4.0	2.943433872988283	450283.0	2943.4338729882834	64.858346	0.0	0.0	-32.49188112728381	
26044.249556006438	1200.0	5.234351554893505	0.0	611087.0	2765.6484451064953	69.839987	4.981640999999996	0.0	57.97033059622316	
26047.294904501363	1200.0	6.18900305996846	0.0	571051.0	3045.3484949250446	73.587374	3.7473870000000034	0.0	60.77622417883262	
26052.165064053206	1850.0	5.318843508125239	0.0	933276.0	4870.1595518432205	78.955826	5.368452000000005	0.0	65.80580334984123	
26056.874316498695	1850.0	4.609591062635022	0.0	996749.0	4709.252445490218	75.455188	0.0	3.500637999999995	57.52729019743525	
26060.128012811685	1850.0	5.35589474964487	0.0	801058.0	3253.6963129901515	86.249306	10.794117999999997	0.0	73.59935374672818	
26062.68625125106	1200.0	6.797656310270131	0.0	561791.0	2558.2384393747393	89.177904	2.928597999999994	0.0	73.73588534977478	
26065.673205096977	1200.0	7.81070246435439	0.0	709534.0	2986.953845915741	82.426144	0.0	6.751760000000004	59.981563733654696	
26068.290534019277	1200.0	9.193373542054657	0.0	584846.0	2617.328922299733	82.430225	0.004080999999999335	0.0	67.14984568949134	
26072.53406123691	1850.0	8.94984632441902	0.0	913888.0	4243.527217635637	86.733288	4.303063000000009	0.0	72.0750888505126	
26074.953015503856	1200.0	10.530892057470417	0.0	607410.0	2418.9542669486045	82.096766	0.0	4.636521999999999	61.946878270919974	
26080.07862105473	1850.0	9.405286506595006	0.0	917428.0	5125.60555087541	82.202545	0.10577899999999829	0.0	66.98732635875223	
26085.89589171275	1850.0	7.588015848579887	0.0	946851.0	5817.27065801512	83.629776	1.4272310000000061	0.0	68.58980497651146	
26091.99182693141	1850.0	5.492080629918427	0.0	1036454.0	6095.93521866146	80.875505	0.0	2.754271000000003	62.909657170689236	
26095.594167583928	1850.0	5.889739977400309	0.0	821631.0	3602.340652518118	78.494849	0.0	2.380656000000002	61.28988207838268	
26099.467760151525	1850.0	6.01614740980253	0.0	923170.0	3873.592567597779	83.7301	5.235250999999991	0.0	69.80945114237906	
26103.794764028196	1850.0	5.689143533131651	0.0	966699.0	4327.0038766708785	86.226021	2.49592100000001	0.0	71.10700694933738	
26106.29274183796	1200.0	7.1911657233675195	0.0	581493.0	2497.9778097641315	79.137254	0.0	7.088767000000004	56.83863512869361	
26110.522790604213	1850.0	6.9611169571147276	0.0	987708.0	4230.048766252792	79.995224	0.8579699999999946	0.0	65.34207530148709	
26113.02680857619	1200.0	8.457098985137916	0.0	586839.0	2504.0179719768116	79.134663	0.0	0.8605609999999899	63.444560336070744	
26115.702999704772	1200.0	9.780907856556565	0.0	601738.0	2676.1911285813517	74.235946	0.0	4.898717000000005	55.01135256729831	
26119.92638541833	1850.0	9.557522142999355	0.0	955231.0	4223.385713557211	79.031768	4.795822000000001	0.0	65.69949125877463	
26124.82938805486	1850.0	8.654519506471548	0.0	968026.0	4903.002636527806	73.123347	0.0	5.908421000000004	52.99779644730492	
26129.045091201668	1850.0	8.438816359663608	0.0	874175.0	4215.703146807939	80.700778	7.577431000000004	0.0	67.94181803672566	
26132.127564136237	1200.0	9.356343425092168	0.0	587236.0	3082.4729345714386	78.698824	0.0	2.001953999999998	61.86443112432193	
26135.270336963284	1200.0	10.213570598042514	0.0	590335.0	3142.7728270496555	79.644231	0.945407000000003	0.0	65.07087268298653	
26139.759368376923	1200.0	9.724539184406716	0.0	696376.0	4489.0314136357965	80.745588	1.101356999999993	0.0	66.05008180256124	
26144.361367332396	1200.0	9.122540228933154	0.0	487160.0	4601.998955473562	80.893459	0.14787099999999498	0.0	65.89120220426116	
26146.799067526197	750.0	10.684840035130566	0.0	400396.0	2437.7001938025874	69.601487	0.0	11.291971999999987	44.303187811671584	
26149.64571252953	750.0	11.838195031795536	0.0	400508.0	2846.6450033350297	67.821489	0.0	1.7799980000000062	52.88789921294314	
26152.502456776776	750.0	12.981450784553743	0.0	358218.0	2856.7442472417933	64.789531	0.0	3.031958000000003	48.99180250230414	
26156.12544611858	750.0	13.358461442748233	0.0	400322.0	3622.9893418055103	60.651768	0.0	4.137763	44.31426861062449	
26160.71238156191	750.0	12.77152599942073	0.0	369834.0	4586.935443327503	68.369339	7.7175709999999995	0.0	57.54006651746116	
26164.843767609782	750.0	12.640139951546917	0.0	412837.0	4131.3860478738125	49.996929	0.0	18.372409999999995	20.187729359352712	
26168.632089765597	750.0	12.851817795730694	0.0	401088.0	3788.3221558162227	69.915275	19.918345999999993	0.0	62.48480537634975	
26171.405012284114	750.0	14.078895277212656	0.0	365161.0	2772.922518518039	60.276519	0.0	9.638755999999994	38.15992246287269	
26172.748739486535	300.0	16.735168074794508	0.0	131610.0	1343.727202418147	28.4111	0.0	31.865419	-12.40940026705902	
26174.628129052257	300.0	18.855778509071747	0.0	124011.0	1879.3895657227588	21.943337	0.0	6.4677630000000015	9.059928450350393	
26180.46579722677	750.0	17.018110334555587	0.0	378327.0	5837.668174516161	62.32333	40.379993	0.0	62.152167681469585	
26188.337110021304	750.0	13.146797540024066	0.0	390680.0	7871.312794531519	61.525566	0.0	0.7977640000000008	48.59802426280343	
26195.607627679918	750.0	9.876279881411659	0.0	345516.0	7270.51765861241	79.583372	18.057806	0.0	70.11833935431406	
26201.735412685684	750.0	7.748494875643622	0.0	384505.0	6127.785005768036	64.443828	0.0	15.139544	35.852891186903015	
26209.409700896926	750.0	4.074206664403149	0.0	372093.0	7674.288211240473	58.879512	0.0	5.564315999999998	41.299771933747785	
26214.487290147277	750.0	4.0	1.0033825859487169	438281.0	5077.589250351865	62.327504	3.4479919999999993	0.0	22.257698562451502	
26216.635703800643	750.0	5.851586346636543	0.0	398987.0	2148.4136533634573	63.729239	1.4017350000000022	0.0	51.728421217727	
26219.320668109314	750.0	7.166622037965897	0.0	393804.0	2684.964308670646	62.845425	0.0	0.883814000000001	49.62451534898482	
26224.529115410973	750.0	5.958174736305281	0.0	331053.0	5208.447301660616	60.678126	0.0	2.167299	46.42725130719397	
26228.699035133464	750.0	5.788255013809784	0.0	314107.0	4169.919722495497	75.210559	14.532433000000005	0.0	65.36453832212788	
