8930.979555429705	750.0	4.0	4.236019030700693	450283.0	4236.019030700693	64.858346	0.0	0.0	-69.71305149430253	
8934.674556476144	750.0	4.304998953559976	0.0	398865.0	3695.0010464400243	57.017244	0.0	7.841101999999999	37.30694774282116	
8937.394161239581	750.0	5.585394190123551	0.0	350812.0	2719.6047634364254	60.430767	3.413523000000005	0.0	49.53439726135709	
8940.200932774176	750.0	6.7786226555277445	0.0	382355.0	2806.771534595806	55.551349	0.0	4.879418000000001	39.207823032133746	
8945.943213207995	750.0	5.036342221708823	0.0	411561.0	5742.280433818922	51.003805	0.0	4.547544000000002	35.708620955217725	
8950.821623057222	750.0	4.15793237248187	0.0	318564.0	4878.409849226953	62.986308	11.982503000000001	0.0	54.252000083560986	
8953.949888291836	300.0	5.029667137867774	0.0	153295.0	3128.265234614096	42.291519	0.0	20.694789	11.19796765968998	
8957.709907703678	300.0	5.269647726024695	0.0	173849.0	3760.019411843079	35.451274	0.0	6.840245000000003	20.10461217328575	
8959.652193490754	300.0	7.327361938949473	0.0	150710.0	1942.2857870752223	28.497356	0.0	6.953917999999998	14.094724445226447	
8965.997522203352	750.0	4.982033226352879	0.0	362795.0	6345.3287125965935	64.786022	36.288666000000006	0.0	63.01872515657066	
8972.125174922683	750.0	4.0	1.1456194929762795	353220.0	6127.652719329159	70.008689	5.222667000000001	0.0	25.19586359806951	
8975.067477970233	750.0	5.057696952449225	0.0	405134.0	2942.303047550775	59.00323	0.0	11.005459000000002	35.63150226952917	
8977.761868897464	750.0	6.363306025217489	0.0	386351.0	2694.390927231736	59.358241	0.3550109999999975	0.0	47.71472422025977	
8980.492619277276	750.0	7.632555645405108	0.0	434409.0	2730.7503798123807	56.692976	0.0	2.665264999999998	42.523882025230556	
8982.827906560355	1200.0	9.297268362326587	0.0	526950.0	2335.28728307852	67.735752	11.042776000000003	0.0	57.99429751138527	
8986.378072634168	1200.0	9.747102288512455	0.0	587876.0	3550.1660738141327	72.569044	4.833292	0.0	60.237368188531434	
8993.169450122106	1200.0	6.955724800574414	0.0	617242.0	6791.377487938041	75.662786	3.0937419999999918	0.0	62.339125264249624	
8996.022335575059	750.0	8.102839347621483	0.0	372963.0	2852.885452952932	69.564049	0.0	6.098737	49.78149799493421	
9001.571340417035	1200.0	6.553834505646068	0.0	639204.0	5549.004841975414	72.000653	2.4366040000000027	0.0	59.041852363208044	
9004.64053366321	750.0	7.4846412594695355	0.0	350713.0	3069.193246176533	67.172129	0.0	4.828524000000002	49.10347287348152	
9009.727687204979	750.0	6.397487717701854	0.0	386472.0	5087.153541767681	62.777649	0.0	4.3944800000000015	45.8423031210838	
9014.094026098894	1200.0	6.03114882378749	0.0	616206.0	4366.338893914364	68.532883	5.7552340000000015	0.0	57.09385149382384	
9016.921562744212	1200.0	7.2036121784702765	0.0	656471.0	2827.5366453172137	63.455907	0.0	5.076975999999995	45.69259308258809	
9019.183850696658	1200.0	8.941324226022124	0.0	536667.0	2262.2879524481527	68.420849	4.964942000000001	0.0	56.763485235890926	
9021.003664461965	750.0	11.12151046071582	0.0	359903.0	1819.813765306304	66.786337	0.0	1.6345120000000009	52.16558832707676	
9023.442525394423	750.0	12.682649528256793	0.0	379700.0	2438.8609324590275	66.676537	0.0	0.109800000000007	53.69031629537219	
9026.258976859664	750.0	13.866198063015494	0.0	425781.0	2816.451465241298	65.665965	0.0	1.0105719999999963	51.87874368281537	
9028.44697496886	750.0	15.678199953820112	0.0	277716.0	2187.998109195381	68.231907	2.565942000000007	0.0	55.88863627581473	
9032.051425057618	750.0	16.0737498650629	0.0	400396.0	3604.450088757211	69.601487	1.3695799999999991	0.0	56.69205323288801	
9035.636940577224	750.0	16.488234345457087	0.0	400508.0	3585.5155196058145	67.821489	0.0	1.7799980000000062	52.88789921294314	
9039.061637110715	750.0	17.06353781196489	0.0	358218.0	3424.6965334921974	64.789531	0.0	3.031958000000003	48.99180250230414	
9042.190583645443	750.0	17.934591277238184	0.0	400322.0	3128.9465347267046	60.651768	0.0	4.137763	44.31426861062449	
9043.882108068712	300.0	20.24306685396848	0.0	143881.0	1691.5244232697055	25.091594	0.0	35.560173999999996	-19.140824429842464	
9045.782735105002	300.0	22.342439817679047	0.0	163444.0	1900.6270362894331	17.178658	0.0	7.912936000000002	3.491389644148983	
9047.51903188983	300.0	24.60614303285228	0.0	179328.0	1736.2967848267665	28.893466	11.714808000000001	0.0	25.298969194880584	
9048.885468547902	300.0	27.2397063747812	0.0	159914.0	1366.4366580710794	21.738399	0.0	7.155066999999999	8.157137465372118	
9050.53364176866	300.0	29.5915331540233	0.0	131610.0	1648.1732207579003	28.4111	6.672701	0.0	23.388048410401066	
9053.367949538304	300.0	30.757225384379044	0.0	124011.0	2834.307769644251	21.943337	0.0	6.4677630000000015	9.059928450350393	
9064.61120273366	750.0	23.513972189022052	0.0	378327.0	11243.253195356994	62.32333	40.379993	0.0	62.152167681469585	
9076.947618924121	750.0	15.177555998560852	0.0	390680.0	12336.416190461201	61.525566	0.0	0.7977640000000008	48.59802426280343	
9087.683813297188	750.0	8.4413616254937	0.0	345516.0	10736.194373067152	79.583372	18.057806	0.0	70.11833935431406	
9092.38379780399	300.0	7.741377118691905	0.0	161857.0	4699.984506801796	26.901789	0.0	52.681582999999996	-35.7735638949358	
9096.658263060875	300.0	7.46691186180722	0.0	145210.0	4274.465256884685	23.926655	0.0	2.9751340000000006	14.445278068529426	
9101.569125178163	300.0	6.556049744521256	0.0	172312.0	4910.862117285964	26.146503	2.219847999999999	0.0	20.143335165183682	
9106.411481763085	300.0	5.7136931595979075	0.0	167025.0	4842.356584923348	26.908827	0.7623239999999996	0.0	20.354647499322645	
9111.111027691997	300.0	5.014147230685767	0.0	160064.0	4699.545928912141	27.591437	0.6826100000000004	0.0	20.908998154259805	
9114.948480278903	300.0	5.176694643779118	0.0	137507.0	3837.4525869066483	25.36694	0.0	2.2244969999999995	16.461482028123115	
9120.096102297928	1200.0	4.0290726247542885	0.0	550906.0	5147.62201902483	86.366143	60.999202999999994	0.0	88.65799062793147	
