19091.927040386534	750.0	4.0	7.947206251782381	450283.0	7947.2062517823815	64.858346	0.0	0.0	-176.58007762065245	
19094.685432910705	300.0	5.241607475832228	0.0	155580.0	2758.392524167771	18.412623	0.0	46.445723	-36.3468075049402	
19097.852481552687	300.0	6.07455883384848	0.0	139857.0	3167.048641983749	17.596212	0.0	0.8164109999999987	11.374421591985136	
19102.378360545168	300.0	5.548679841364558	0.0	155432.0	4525.878992483921	19.997309	2.401097	0.0	14.989583049748727	
19105.092800564482	300.0	6.834239822051922	0.0	163442.0	2714.4400193126367	16.877619	0.0	3.119690000000002	8.322067973538104	
19107.634028972945	300.0	8.293011413587552	0.0	126289.0	2541.2284084643697	18.579568	1.701948999999999	0.0	13.580570417102745	
19110.87525041651	300.0	9.051789970024087	0.0	153295.0	3241.2214435634646	42.291519	23.711951000000003	0.0	40.220602433691965	
19114.259632560632	300.0	9.667407825900725	0.0	173849.0	3384.3821441233636	35.451274	0.0	6.840245000000003	20.10461217328575	
19117.042113864933	300.0	10.88492652160276	0.0	150710.0	2782.481304297964	28.497356	0.0	6.953917999999998	14.094724445226447	
19120.457507083782	300.0	11.469533302755298	0.0	139105.0	3415.39321884746	21.660501	0.0	6.836855	8.428788135904757	
19125.04336982051	300.0	10.883670566026595	0.0	141840.0	4585.862736728704	2.177717	0.0	19.482784	-21.48851944385787	
19129.32674114129	300.0	10.600299245246603	0.0	156148.0	4283.371320779992	19.431299	17.253581999999998	0.0	18.935846683464327	
19134.446942788036	300.0	9.48009759850249	0.0	160746.0	5120.2016467441135	21.445722	2.0144230000000007	0.0	16.101027757711584	
19139.442392828	300.0	8.484647558536341	0.0	179801.0	4995.4500399661465	23.726678	2.2809559999999998	0.0	18.112191156964666	
19142.6522997986	300.0	9.274740587940252	0.0	140051.0	3209.9069705960896	21.119447	0.0	2.6072309999999987	12.458195192670239	
19144.944337699515	300.0	10.982702687027935	0.0	138313.0	2292.037900912317	19.984984	0.0	1.1344630000000002	13.060022413833098	
19149.570583073262	750.0	10.356457313280341	0.0	360831.0	4626.2453737475935	60.531124	40.546139999999994	0.0	60.6838535294223	
19157.1133089403	750.0	6.813731446240124	0.0	372963.0	7542.725867040218	69.564049	9.032924999999999	0.0	58.9438058139744	
19163.952144254174	750.0	4.0	0.025103867632890797	405596.0	6838.8353138730145	60.564875	0.0	8.999173999999996	38.359838455366535	
19167.498331039435	750.0	4.453813214739023	0.0	350713.0	3546.1867852609766	67.172129	6.6072539999999975	0.0	56.195305162945644	
19168.988187266626	300.0	6.9639569875485465	0.0	157671.0	1489.8562271904766	28.807059	0.0	38.36507	-18.970184520798494	
19170.50872337915	300.0	9.443420875024742	0.0	157812.0	1520.5361125238044	21.07483	0.0	7.732229	6.982791919539274	
19174.281862009597	750.0	9.670282244577479	0.0	401853.0	3773.138630447264	47.960406	26.885576	0.0	45.96723906187267	
19177.86574398823	750.0	10.08640026594157	0.0	343800.0	3583.8819786359068	55.451197	7.4907910000000015	0.0	46.53210385732817	
19182.821341949602	750.0	9.13080230457213	0.0	359903.0	4955.59796136944	66.786337	11.335140000000003	0.0	57.277353060696605	
19186.911988135995	750.0	9.040156118180525	0.0	379700.0	4090.6461863916065	66.676537	0.0	0.109800000000007	53.69031629537219	
19195.079968336544	750.0	4.872175917628901	0.0	425781.0	8167.980200551623	65.665965	0.0	1.0105719999999963	51.87874368281537	
19198.1444441498	750.0	5.807700104375115	0.0	277716.0	3064.475813253786	68.231907	2.565942000000007	0.0	55.88863627581473	
19202.50968624027	750.0	5.442458013904112	0.0	400396.0	4365.242090471003	69.601487	1.3695799999999991	0.0	56.69205323288801	
19205.720522731448	750.0	6.231621522725869	0.0	400508.0	3210.8364911782433	67.821489	0.0	1.7799980000000062	52.88789921294314	
19209.051528848006	750.0	6.900615406169096	0.0	358218.0	3331.006116556773	64.789531	0.0	3.031958000000003	48.99180250230414	
19216.47363784323	750.0	4.0	0.5214935890548477	400322.0	7422.108995223944	60.651768	0.0	4.137763	29.297384339826426	
19218.05207549861	300.0	6.421562344621172	0.0	143881.0	1578.4376553788284	25.091594	0.0	35.560173999999996	-19.140824429842464	
19223.28861021184	750.0	5.18502763139341	0.0	412837.0	5236.534713227762	49.996929	24.905335	0.0	47.10191713080201	
19225.40804780946	300.0	7.065590033770914	0.0	179328.0	2119.4375976224956	28.893466	0.0	21.103463	-0.5824608160667033	
19226.903648792075	300.0	9.569989051156583	0.0	159914.0	1495.6009826143325	21.738399	0.0	7.155066999999999	8.157137465372118	
19230.122252429093	750.0	10.351385414135201	0.0	321064.0	3218.603637021381	67.040505	45.302105999999995	0.0	67.61379806696837	
19232.93006381829	750.0	11.543574024940108	0.0	361565.0	2807.8113891950948	66.788635	0.0	0.2518699999999967	53.6345161054191	
19235.508801133845	750.0	12.964836709387603	0.0	378327.0	2578.737315552506	62.32333	0.0	4.465305000000001	45.38239461526515	
19239.724646106064	750.0	12.748991737168021	0.0	390680.0	4215.844972219583	61.525566	0.0	0.7977640000000008	48.59802426280343	
19245.64980413566	750.0	10.823833707569603	0.0	345516.0	5925.158029598416	79.583372	18.057806	0.0	70.11833935431406	
19254.382673966476	750.0	6.090963876756121	0.0	384505.0	8732.869830813483	64.443828	0.0	15.139544	35.852891186903015	
19257.259965819674	300.0	7.213672023555922	0.0	145210.0	2877.2918532001986	23.926655	0.0	40.517173	-25.3867828879665	
19260.503788150716	300.0	7.969849692515407	0.0	172312.0	3243.822331040515	26.146503	2.219847999999999	0.0	20.143335165183682	
19264.027015989603	300.0	8.446621853629065	0.0	167025.0	3523.2278388863424	26.908827	0.7623239999999996	0.0	20.354647499322645	
19267.181107714707	300.0	9.292530128523902	0.0	160064.0	3154.0917251051637	27.591437	0.6826100000000004	0.0	20.908998154259805	
19269.563144088923	300.0	10.910493754303587	0.0	137507.0	2382.0363742203153	25.36694	0.0	2.2244969999999995	16.461482028123115	
19278.35803999461	750.0	6.115597848616352	0.0	314107.0	8794.895905687235	75.210559	49.843619000000004	0.0	75.88626749999804	
