4178.2923096077875	750.0	4.0	1.1482833162359447	450283.0	1148.2833162359448	64.858346	0.0	0.0	19.201118988530354	
4179.864773254352	1200.0	6.427536353434235	0.0	611087.0	1572.4636465657652	69.839987	4.981640999999996	0.0	57.97033059622316	
4181.853572373682	1200.0	8.43873723410488	0.0	571051.0	1988.7991193293562	73.587374	3.7473870000000034	0.0	60.77622417883262	
4187.02771529347	1850.0	7.264594314317028	0.0	933276.0	5174.1429197878515	78.955826	5.368452000000005	0.0	65.80580334984123	
4193.080852579541	2850.0	5.211457028245805	0.0	1472558.0	6053.137286071223	85.928154	6.9723280000000045	0.0	72.18858503636858	
4196.975250814243	1850.0	5.317058793543239	0.0	801058.0	3894.3982347025662	86.249306	0.3211519999999979	0.0	70.47870772988122	
4198.823346040879	1200.0	7.468963566906712	0.0	561791.0	1848.0952266365273	89.177904	2.928597999999994	0.0	73.73588534977478	
4200.687606737433	1200.0	9.604702870353488	0.0	709534.0	1864.260696553223	82.426144	0.0	6.751760000000004	59.981563733654696	
4202.089389285723	1200.0	12.202920322063587	0.0	584846.0	1401.7825482899023	82.430225	0.004080999999999335	0.0	67.14984568949134	
4203.590561756439	1200.0	14.70174785134766	0.0	560821.0	1501.172470715927	76.960357	0.0	5.469867999999991	56.71266867445105	
4205.246878924107	1200.0	17.0454306836802	0.0	607410.0	1656.3171676674622	82.096766	5.1364090000000004	0.0	68.39672667617816	
4209.30603018003	1850.0	16.986279427757182	0.0	917428.0	4059.151255923019	82.202545	0.10577899999999829	0.0	66.98732635875223	
4215.4978361024805	1850.0	14.79447350530667	0.0	946851.0	6191.805922450513	83.629776	1.4272310000000061	0.0	68.58980497651146	
4227.127902354099	1850.0	7.164407253687461	0.0	1036454.0	11630.066251619208	80.875505	0.0	2.754271000000003	62.909657170689236	
4231.657327194869	1850.0	6.634982412916747	0.0	821631.0	4529.424840770714	78.494849	0.0	2.380656000000002	61.28988207838268	
4234.880376898565	1850.0	7.4119327092205385	0.0	923170.0	3223.0497036962083	83.7301	5.235250999999991	0.0	69.80945114237906	
4237.905871856144	1850.0	8.386437751642154	0.0	966699.0	3025.4949575783853	86.226021	2.49592100000001	0.0	71.10700694933738	
4240.789528620547	1850.0	9.502780987239259	0.0	885714.0	2883.656764402894	85.258591	0.0	0.9674300000000073	68.51753380735349	
4244.206886651513	1850.0	10.085422956272437	0.0	987708.0	3417.358030966823	79.995224	0.0	5.263367000000002	59.5019982027586	
4248.375923187758	2850.0	9.916386420026868	0.0	1336050.0	4169.036536245569	93.680429	13.68520500000001	0.0	80.7542416931492	
4252.888224067501	2850.0	9.404085540285166	0.0	1415116.0	4512.300879741701	90.785318	0.0	2.895111	71.15285762033272	
4258.290405240913	2850.0	8.001904366872614	0.0	1468126.0	5402.181173412553	89.398189	0.0	1.3871290000000016	71.57806374237117	
4264.695014160126	4300.0	5.597295447659428	0.0	2221506.0	6404.608919213186	99.974279	10.576089999999994	0.0	85.15808233461482	
4269.516936777521	4300.0	4.775372830264728	0.0	2044075.0	4821.9226173947	99.974278	0.0	9.999999974752427e-07	82.00670639071444	
4273.328904271958	2850.0	4.963405335826844	0.0	1383735.0	3811.967494437883	93.348429	0.0	6.625849000000002	69.36525034338877	
4277.583719890928	2850.0	4.708589716857606	0.0	1480464.0	4254.815618969239	97.271626	3.923197000000002	0.0	80.88682963027341	
4281.763862626601	2850.0	4.528446981184401	0.0	1547572.0	4180.142735673205	97.509012	0.23738600000000076	0.0	79.98960524126286	
4284.774774295717	2850.0	5.517535312067551	0.0	1141971.0	3010.91166911685	93.311238	0.0	4.1977739999999955	71.90993807585392	
4286.748635407326	1850.0	7.543674200459566	0.0	972798.0	1973.8611116079853	88.832031	0.0	4.479207000000002	67.81789264544551	
4289.311712869558	1850.0	8.980596738228186	0.0	975811.0	2563.077462231379	89.334885	0.5028539999999992	0.0	73.14603000751325	
4292.585729847405	2850.0	9.706579760380649	0.0	1341201.0	3274.0169778475374	94.816085	5.481200000000001	0.0	79.271469840673	
4296.87289508898	2850.0	9.419414518805757	0.0	1497683.0	4287.165241574892	92.910185	0.0	1.9059000000000026	74.001961573178	
4299.9489725432295	2850.0	10.343337064556309	0.0	1358081.0	3076.077454249449	95.193139	2.2829540000000037	0.0	78.63781093814865	
4307.190144800243	4300.0	7.102164807542824	0.0	2286761.0	7241.172257013484	99.974277	4.7811379999999986	0.0	83.43134975324747	
4309.900644589374	1850.0	8.391665018411704	0.0	1026056.0	2710.4997891311195	97.037422	0.0	2.936854999999994	76.40348103841788	
4316.1535859306005	2850.0	6.138723677185101	0.0	1439896.0	6252.941341226604	97.217465	0.18004299999999773	0.0	79.72560718309609	
4321.770897438748	2850.0	4.521412169038298	0.0	1139291.0	5617.311508146802	93.825455	0.0	3.392009999999999	73.2003437122793	
4324.91552442895	1850.0	5.376785178835214	0.0	938587.0	3144.626990203084	86.593761	0.0	7.2316940000000045	63.00191372365881	
4329.202754064455	2850.0	5.089555543331483	0.0	1427478.0	4287.2296355037315	90.92969	4.335928999999993	0.0	75.63881945364574	
4333.368229878436	2850.0	4.924079729350077	0.0	1402287.0	4165.475813981406	91.34334	0.41365000000000407	0.0	74.82041250127551	
4335.060334060248	1200.0	7.2319755475378305	0.0	566904.0	1692.104181812247	86.974261	0.0	4.369078999999999	66.36139087245388	
4338.376369636644	1850.0	7.9159399711423655	0.0	1025005.0	3316.035576395465	85.276808	0.0	1.6974529999999959	67.7584082266182	
4343.243497920502	2850.0	7.0488116872843705	0.0	1343002.0	4867.1282838579955	87.659279	2.3824709999999953	0.0	72.28702985263917	
4346.992813825028	1850.0	7.299495782758741	0.0	973972.0	3749.3159045256293	84.84845	0.0	2.8108289999999982	66.21434068733927	
4352.239551521241	2850.0	6.052758086545976	0.0	1464921.0	5246.737696212765	96.481395	11.632945000000007	0.0	82.51486776588621	
4356.391649409117	2850.0	5.900660198669469	0.0	1483527.0	4152.097887876507	95.602302	0.0	0.8790930000000117	77.37135948851477	
4359.47183769269	2850.0	6.820471915096327	0.0	1231456.0	3080.1882835731412	92.485503	0.0	3.1167990000000003	72.35753544954366	
4366.205886966434	2850.0	4.086422641351648	0.0	1364537.0	6734.049273744679	97.895096	5.409593000000001	0.0	81.85775079398817	
