19670.908977695522	750.0	4.0	4.39150033291431	450283.0	4391.50033291431	64.858346	0.0	0.0	-74.19027762060358	
19674.4502415134	750.0	4.458736182120474	0.0	398865.0	3541.2638178795255	57.017244	0.0	7.841101999999999	37.30694774282116	
19678.1261115721	1200.0	4.7828661234219725	0.0	571051.0	3675.8700586985015	73.587374	16.57013	0.0	64.59703691402169	
19682.094097121517	1200.0	4.814880574001405	0.0	617681.0	3967.985549420568	69.474665	0.0	4.112708999999995	51.81297205080018	
19686.591661532715	1200.0	4.317316162803461	0.0	652874.0	4497.564411197944	64.23322	0.0	5.241444999999999	46.176398894182356	
19690.231356549546	1200.0	4.677621145974136	0.0	520315.0	3639.695016829325	75.14582	10.912599999999998	0.0	64.23110350586552	
19692.74958829951	750.0	6.159389396011927	0.0	352642.0	2518.2317499622086	81.00828	5.862459999999999	0.0	67.6912292345531	
19697.14914279443	1200.0	5.759834901090685	0.0	709534.0	4399.554494921243	82.426144	1.4178639999999945	0.0	67.56765661211375	
19700.3455169479	1200.0	6.56346074762219	0.0	584846.0	3196.374153468495	82.430225	0.004080999999999335	0.0	67.14984568949134	
19704.034751878844	1200.0	6.874225816676749	0.0	560821.0	3689.23493094544	76.960357	0.0	5.469867999999991	56.71266867445105	
19707.928896778587	1200.0	6.98008091693349	0.0	607410.0	3894.1448997432594	82.096766	5.1364090000000004	0.0	68.39672667617816	
19712.009090615014	1200.0	6.8998870805055414	0.0	594078.0	4080.1938364279486	70.906301	0.0	11.190465000000003	45.51593503586405	
19716.19056262279	1200.0	6.718415072730142	0.0	624282.0	4181.472007775399	73.534048	2.6277469999999994	0.0	60.397441453335624	
19721.656661201414	1200.0	5.25231649410674	0.0	687371.0	5466.098578623402	70.998108	0.0	2.5359399999999965	54.776127730538505	
19725.227159824946	1200.0	5.6818178705752524	0.0	526950.0	3570.4986235314877	67.735752	0.0	3.262355999999997	51.24250829039699	
19730.905769340847	1200.0	4.003208354673546	0.0	587876.0	5678.609515901706	72.569044	4.833292	0.0	60.237368188531434	
19733.480143158762	750.0	5.428834536758135	0.0	360831.0	2574.373817915411	60.531124	0.0	12.037920000000007	35.8300374244935	
19735.74947781746	750.0	7.1594998780653984	0.0	372963.0	2269.334658692736	69.564049	9.032924999999999	0.0	58.9438058139744	
19738.361566644104	750.0	8.547411051419015	0.0	405596.0	2612.0888266463835	60.564875	0.0	8.999173999999996	39.08272725573663	
19740.75911437925	750.0	10.149863316272574	0.0	350713.0	2397.5477351464406	67.172129	6.6072539999999975	0.0	56.195305162945644	
19742.13164309231	300.0	12.777334603209106	0.0	157671.0	1372.5287130634701	28.807059	0.0	38.36507	-18.970184520798494	
19745.051081578353	750.0	13.857896117170963	0.0	399894.0	2919.438486038142	55.443233	26.636174	0.0	52.23013877627525	
19748.699468718336	750.0	14.209508977188634	0.0	401853.0	3648.3871399823292	47.960406	0.0	7.482827	30.016831048248612	
19752.937708841084	750.0	13.97126885443753	0.0	343800.0	4238.2401227511045	55.451197	7.4907910000000015	0.0	46.53210385732817	
19758.70081692672	750.0	12.20816076880157	0.0	359903.0	5763.10808563596	66.786337	11.335140000000003	0.0	57.277353060696605	
19766.549320915125	750.0	8.359656780398357	0.0	379700.0	7848.503988403213	66.676537	0.0	0.109800000000007	53.69031629537219	
19774.652665580277	750.0	4.256312115248557	0.0	425781.0	8103.3446651498	65.665965	0.0	1.0105719999999963	51.87874368281537	
19777.787316399772	750.0	5.121661295753187	0.0	277716.0	3134.65081949537	68.231907	2.565942000000007	0.0	55.88863627581473	
19781.32820272434	750.0	5.580774971182868	0.0	400396.0	3540.8863245703187	69.601487	1.3695799999999991	0.0	56.69205323288801	
19784.36437803151	750.0	6.544599664012427	0.0	400508.0	3036.175307170442	67.821489	0.0	1.7799980000000062	52.88789921294314	
19788.048168141704	750.0	6.860809553820978	0.0	358218.0	3683.790110191448	64.789531	0.0	3.031958000000003	48.99180250230414	
19791.54064736078	750.0	7.3683303347454645	0.0	400322.0	3492.4792190755134	60.651768	0.0	4.137763	44.31426861062449	
19794.921198299042	750.0	7.987779396481394	0.0	369834.0	3380.5509382640703	68.369339	7.7175709999999995	0.0	57.54006651746116	
19798.566813679667	750.0	8.342164015860787	0.0	412837.0	3645.615380620609	49.996929	0.0	18.372409999999995	20.187729359352712	
19803.20790517737	750.0	7.701072518155605	0.0	401088.0	4641.091497705182	69.915275	19.918345999999993	0.0	62.48480537634975	
19810.905432156	1200.0	4.003545539523342	0.0	598727.0	7697.526978632262	77.763467	7.848192000000012	0.0	65.53488519734074	
19814.85776624053	750.0	4.051211454992448	0.0	321064.0	3952.334084530895	67.040505	0.0	10.72296200000001	42.738008305810055	
19817.664103119554	750.0	5.244874575966765	0.0	361565.0	2806.3368790256814	66.788635	0.0	0.2518699999999967	53.6345161054191	
19820.223616784824	750.0	6.685360910696618	0.0	378327.0	2559.513665270148	62.32333	0.0	4.465305000000001	45.38239461526515	
19824.608357423913	1200.0	6.300620271608764	0.0	587506.0	4384.740639087853	72.886388	10.563057999999998	0.0	62.21343448466478	
19827.556845095543	750.0	7.352132599976173	0.0	345516.0	2948.4876716325916	79.583372	6.6969840000000005	0.0	66.73313750009174	
19830.67748004119	750.0	8.23149765433072	0.0	384505.0	3120.634945645453	64.443828	0.0	15.139544	35.852891186903015	
19836.917843605457	1200.0	5.9911340900634755	0.0	599477.0	6240.363564267244	71.343181	6.899353000000005	0.0	59.81481088460728	
19840.910605127592	1200.0	5.9983725679314155	0.0	634861.0	3992.76152213206	75.003938	3.660757000000004	0.0	61.95010051241022	
19844.867489504875	1200.0	6.0414881906482645	0.0	630203.0	3956.884377283151	77.745919	2.7419809999999956	0.0	63.99851811947875	
19849.067781215115	1200.0	5.841196480406344	0.0	638661.0	4200.291710241921	77.309224	0.0	0.4366950000000003	62.348315386019244	
19853.30122929342	1200.0	5.607748402101025	0.0	538612.0	4233.448078305319	74.51099	0.0	2.7982339999999937	57.47289772290094	
19858.410887510945	1200.0	4.498090184579618	0.0	550906.0	5109.658217521407	86.366143	11.855152999999987	0.0	74.01446138471348	
