24110.693654795057	750.0	4.0	4.146410706663652	450283.0	4146.4107066636525	64.858346	0.0	0.0	-67.1326979482441	
24113.45777656609	750.0	5.235878228964392	0.0	398865.0	2764.1217710356077	57.017244	0.0	7.841101999999999	37.30694774282116	
24115.845440213376	750.0	6.848214581680429	0.0	350812.0	2387.6636472839637	60.430767	3.413523000000005	0.0	49.53439726135709	
24118.848476812534	750.0	7.845177982520276	0.0	382355.0	3003.036599160152	55.551349	0.0	4.879418000000001	39.207823032133746	
24122.01801333823	750.0	8.675641456825044	0.0	411561.0	3169.5365256952323	51.003805	0.0	4.547544000000002	35.708620955217725	
24124.461640525962	750.0	10.232014269091293	0.0	318564.0	2443.6271877337513	62.986308	11.982503000000001	0.0	54.252000083560986	
24125.80193764555	300.0	12.891717149506777	0.0	153295.0	1340.2971195845168	42.291519	0.0	20.694789	11.19796765968998	
24130.74457393303	750.0	11.949080862026145	0.0	437162.0	4942.63628748063	69.475262	27.183743	0.0	64.27703956074478	
24138.298590129976	750.0	8.395064665077841	0.0	374758.0	7554.016196948303	70.789292	1.3140300000000025	0.0	57.681454273815504	
24145.00715710311	750.0	5.6864976919421215	0.0	362795.0	6708.56697313572	64.786022	0.0	6.0032700000000006	45.836272051926805	
24150.358340891296	750.0	4.335313903753233	0.0	353220.0	5351.183788188888	70.008689	5.222667000000001	0.0	58.18502339881593	
24154.16798744353	750.0	4.525667351521453	0.0	405134.0	3809.64655223178	59.00323	0.0	11.005459000000002	35.63150226952917	
24157.776031007405	750.0	4.917623787644935	0.0	386351.0	3608.0435638765184	59.358241	0.3550109999999975	0.0	47.71472422025977	
24159.340631504318	300.0	7.353023290733804	0.0	179801.0	1564.6004969111316	23.726678	0.0	35.631563	-20.372516939980503	
24160.742360650765	300.0	9.951294144283988	0.0	140051.0	1401.7291464498164	21.119447	0.0	2.6072309999999987	12.458195192670239	
24161.99026594389	300.0	12.703388851163512	0.0	138313.0	1247.9052931204742	19.984984	0.0	1.1344630000000002	13.060022413833098	
24163.164110826965	300.0	15.529543968087236	0.0	143509.0	1173.8448830762768	18.452936	0.0	1.5320479999999996	11.340692041651348	
24164.885718912963	300.0	17.807935882088714	0.0	150616.0	1721.6080859985213	35.116669	16.663733	0.0	32.04404556367689	
24167.767719783413	300.0	18.925935011638565	0.0	165384.0	2882.0008704501483	26.310814	0.0	8.805855000000001	10.278036555919055	
24169.976807493913	300.0	20.716847301138102	0.0	140881.0	2209.087710500462	26.782579	0.47176499999999777	0.0	20.161149610747803	
24173.51504459855	300.0	21.17861019650221	0.0	157671.0	3538.2371046358926	28.807059	2.0244800000000005	0.0	22.338348860461206	
24179.17082802733	750.0	19.5228267677197	0.0	399894.0	5655.78342878251	55.443233	26.636174	0.0	52.23013877627525	
24184.1284884219	750.0	18.56516637315316	0.0	401853.0	4957.660394566537	47.960406	0.0	7.482827	30.016831048248612	
24189.111419384768	750.0	17.582235410286266	0.0	343800.0	4982.930962866896	55.451197	7.4907910000000015	0.0	46.53210385732817	
24194.682758938725	750.0	16.010895856326126	0.0	359903.0	5571.33955396014	66.786337	11.335140000000003	0.0	57.277353060696605	
24202.141638302557	750.0	12.552016492493593	0.0	379700.0	7458.879363832532	66.676537	0.0	0.109800000000007	53.69031629537219	
24213.1926067608	750.0	5.501048034251889	0.0	425781.0	11050.968458241703	65.665965	0.0	1.0105719999999963	51.87874368281537	
24216.28709867606	750.0	6.406556118992012	0.0	277716.0	3094.491915259878	68.231907	2.565942000000007	0.0	55.88863627581473	
24221.453557227313	750.0	5.240097567737903	0.0	400396.0	5166.458551254108	69.601487	1.3695799999999991	0.0	56.69205323288801	
24226.350573455013	750.0	4.343081340039659	0.0	400508.0	4897.016227698245	67.821489	0.0	1.7799980000000062	52.88789921294314	
24230.34439148976	750.0	4.349263305290079	0.0	358218.0	3993.81803474958	64.789531	0.0	3.031958000000003	48.99180250230414	
24234.549835528338	750.0	4.143819266715638	0.0	400322.0	4205.444038574441	60.651768	0.0	4.137763	44.31426861062449	
24239.20505299048	750.0	4.0	0.5113981954278206	369834.0	4655.217462143459	68.369339	7.7175709999999995	0.0	42.81388832809351	
24241.8013020818	300.0	5.403750908682004	0.0	163444.0	2596.2490913179963	17.178658	0.0	51.190681	-42.426248896999155	
24243.779721171322	300.0	7.425331819159263	0.0	179328.0	1978.41908952274	28.893466	11.714808000000001	0.0	25.298969194880584	
24248.478250696367	750.0	6.726802294113003	0.0	365161.0	4698.5295250462605	60.276519	31.383053	0.0	57.73788894705108	
24253.26103433426	750.0	5.944018656220792	0.0	321064.0	4782.783637892211	67.040505	6.763985999999996	0.0	56.13053433110116	
24257.29483243759	750.0	5.910220552890154	0.0	361565.0	4033.7981033306373	66.788635	0.0	0.2518699999999967	53.6345161054191	
24261.49722956004	750.0	5.707823430441248	0.0	378327.0	4202.397122448906	62.32333	0.0	4.465305000000001	45.38239461526515	
24265.44520130907	1200.0	5.759851681411607	0.0	587506.0	3947.9717490296407	72.886388	10.563057999999998	0.0	62.21343448466478	
24268.37754383205	750.0	6.827509158427569	0.0	345516.0	2932.342522984039	79.583372	6.6969840000000005	0.0	66.73313750009174	
24273.701994360734	1200.0	5.503058629744681	0.0	641452.0	5324.450528682888	75.706383	0.0	3.8769889999999947	57.34071953352638	
24278.40657279884	1200.0	4.79848019163632	0.0	599477.0	4704.578438108361	71.343181	0.0	4.363202000000001	53.129647516624864	
24282.638696404607	750.0	4.5663565858725965	0.0	438281.0	4232.1236057637225	62.327504	0.0	9.015677000000004	40.55799003037691	
24286.16210274846	750.0	5.0429502420188586	0.0	398987.0	3523.4063438537382	63.729239	1.4017350000000022	0.0	51.728421217727	
24290.088047085657	750.0	5.117005904820825	0.0	393804.0	3925.9443371980333	62.845425	0.0	0.883814000000001	49.62451534898482	
24294.429492334915	1200.0	4.775560655565343	0.0	538612.0	4341.445249255482	74.51099	11.665565000000008	0.0	63.91782743622792	
24299.15057595298	1200.0	4.054477037499954	0.0	550906.0	4721.08361806539	86.366143	11.855152999999987	0.0	74.01446138471348	
