7404.963094663854	750.0	4.0	2.184991174137217	450283.0	2184.991174137217	64.858346	0.0	0.0	-10.651830791630822	
7406.603482438938	750.0	6.35961222491618	0.0	398865.0	1640.3877750838199	57.017244	0.0	7.841101999999999	37.30694774282116	
7408.133775133265	750.0	8.829319530588549	0.0	350812.0	1530.2926943276307	60.430767	3.413523000000005	0.0	49.53439726135709	
7410.178342322102	750.0	10.784752341751526	0.0	382355.0	2044.5671888370243	55.551349	0.0	4.879418000000001	39.207823032133746	
7414.527838379328	750.0	10.435256284525005	0.0	411561.0	4349.496057226521	51.003805	0.0	4.547544000000002	35.708620955217725	
7423.772771657433	750.0	5.190323006420925	0.0	318564.0	9244.93327810408	62.986308	11.982503000000001	0.0	54.252000083560986	
7427.499309712068	300.0	5.46378495178475	0.0	153295.0	3726.538054636176	42.291519	0.0	20.694789	11.19796765968998	
7430.305759152525	300.0	6.657335511327616	0.0	173849.0	2806.4494404571337	35.451274	0.0	6.840245000000003	20.10461217328575	
7434.025747535599	750.0	6.937347128253624	0.0	374758.0	3719.988383073992	70.789292	35.338018000000005	0.0	67.81963505559679	
7438.454336171701	750.0	6.5087584921521415	0.0	362795.0	4428.588636101483	64.786022	0.0	6.0032700000000006	45.836272051926805	
7443.639238581851	750.0	5.323856082001596	0.0	353220.0	5184.902410150546	70.008689	5.222667000000001	0.0	58.18502339881593	
7446.876232057439	1200.0	6.086862606413518	0.0	594078.0	3236.9934755880777	70.906301	0.8976119999999952	0.0	57.65646860355332	
7449.928203797324	1200.0	7.034890866528425	0.0	624282.0	3051.971739885092	73.534048	2.6277469999999994	0.0	60.397441453335624	
7453.672766985966	1200.0	7.290327677886709	0.0	687371.0	3744.563188641716	70.998108	0.0	2.5359399999999965	54.776127730538505	
7456.752069089794	1200.0	8.211025574059429	0.0	526950.0	3079.302103827279	67.735752	0.0	3.262355999999997	51.24250829039699	
7460.677560022054	1200.0	8.28553464179861	0.0	587876.0	3925.4909322608187	72.569044	4.833292	0.0	60.237368188531434	
7468.187442151799	1200.0	4.7756525120544016	0.0	617242.0	7509.882129744209	75.662786	3.0937419999999918	0.0	62.339125264249624	
7472.153345484899	750.0	4.809749178955102	0.0	372963.0	3965.9033330993	69.564049	0.0	6.098737	49.78149799493421	
7475.684938129769	1200.0	5.278156534085043	0.0	639204.0	3531.5926448700593	72.000653	2.4366040000000027	0.0	59.041852363208044	
7478.035290719432	1200.0	6.927803944421819	0.0	586839.0	2350.3525896632236	79.134663	7.1340100000000035	0.0	66.48334667339239	
7481.016056366435	1200.0	7.947038297418649	0.0	601738.0	2980.765647003171	74.235946	0.0	4.898717000000005	55.01135256729831	
7486.108816424081	1850.0	6.854278239772465	0.0	955231.0	5092.760057646184	79.031768	4.795822000000001	0.0	65.69949125877463	
7490.897734403317	1850.0	6.065360260535322	0.0	968026.0	4788.917979237142	73.123347	0.0	5.908421000000004	52.99779644730492	
7495.197348325519	1850.0	5.76574633833382	0.0	874175.0	4299.613922201503	80.700778	7.577431000000004	0.0	67.94181803672566	
7498.702710942127	1850.0	6.2603837217255505	0.0	897976.0	3505.3626166082695	86.994267	6.293488999999994	0.0	72.88920259297404	
7502.941389045082	1850.0	6.02170561877023	0.0	905935.0	4238.678102955321	89.133614	2.1393470000000008	0.0	73.46320174835421	
7508.12145286837	1850.0	4.841641795481495	0.0	1076599.0	5180.063823288734	90.791041	1.6574270000000126	0.0	74.72328004362873	
7512.578466708872	2850.0	4.384627954980175	0.0	1141971.0	4457.01384050132	93.311238	2.520196999999996	0.0	77.11471857796661	
7515.532897712772	1850.0	5.43019695108011	0.0	972798.0	2954.431003900065	88.832031	0.0	4.479207000000002	67.81789264544551	
7519.025665225868	1850.0	5.937429437983473	0.0	975811.0	3492.767513096636	89.334885	0.5028539999999992	0.0	73.14603000751325	
7523.62706277068	1850.0	5.336031893171697	0.0	873429.0	4601.397544811777	87.120667	0.0	2.2142180000000025	68.77168736090755	
7526.780348389307	1850.0	6.182746274544256	0.0	954453.0	3153.2856186274407	83.67714	0.0	3.443527000000003	64.551065096847	
7529.545301811009	1850.0	7.417792852841915	0.0	885062.0	2764.95342170234	87.533761	3.856621000000004	0.0	72.61998329554336	
7536.996955418045	4300.0	4.0	0.033860754194145554	2286761.0	7451.653607036061	99.974277	12.440516000000002	0.0	84.73857521639499	
7540.1043846667435	1200.0	4.892570751302194	0.0	690253.0	3107.429248697806	87.732581	0.0	12.241696000000005	58.65077517366307	
7544.828043197754	1850.0	4.168912220291744	0.0	943942.0	4723.65853101045	90.168439	2.4358580000000103	0.0	74.42794802438888	
7547.556907632337	1850.0	5.440047785708386	0.0	728962.0	2728.8644345833573	86.066994	0.0	4.101445000000012	65.87698482373372	
7551.157252251049	1850.0	5.839703166996523	0.0	938587.0	3600.344618711862	86.593761	0.5267670000000066	0.0	70.83169447059112	
7554.156316264186	1850.0	6.8406391538591365	0.0	908665.0	2999.064013137387	82.415248	0.0	4.178512999999995	62.70254805849999	
7557.204672475047	1850.0	7.792282942998099	0.0	930577.0	3048.3562108610363	83.556577	1.141328999999999	0.0	68.44262199794545	
7558.543492596681	750.0	10.453462821364475	0.0	345516.0	1338.820121633624	79.583372	0.0	3.973205000000007	60.52206071503834	
7561.046049430075	1200.0	11.950905987970728	0.0	641452.0	2502.5568333937485	75.706383	0.0	3.8769889999999947	57.34071953352638	
7564.56010106774	1200.0	12.436854350305136	0.0	599477.0	3514.0516376655896	71.343181	0.0	4.363202000000001	53.129647516624864	
7569.645871115502	1200.0	11.351084302543496	0.0	634861.0	5085.77004776164	75.003938	3.660757000000004	0.0	61.95010051241022	
7573.891578805522	1850.0	11.10537661252329	0.0	958994.0	4245.7076900202055	87.119023	12.115084999999993	0.0	74.72952862841541	
7578.548132890268	1850.0	10.448822527777553	0.0	982064.0	4656.554084745739	86.680563	0.0	0.4384599999999921	70.28304003058662	
7582.4182592825155	1850.0	10.578696135530546	0.0	830730.0	3870.126392247007	84.040637	0.0	2.6399260000000027	65.71153085892459	
7592.040689174489	1200.0	4.9562662435563505	0.0	550906.0	9622.429891974196	86.366143	2.32550599999999	0.0	71.17489760187416	
