20444.626278088017	750.0	4.0	6.275717151967713	450283.0	6275.717151967713	64.858346	0.0	0.0	-128.4480221196262	
20446.800960806373	300.0	5.825317281643536	0.0	155580.0	2174.6827183564637	18.412623	0.0	46.445723	-36.3468075049402	
20448.886885310774	300.0	7.7393927772440305	0.0	139857.0	2085.924504399506	17.596212	0.0	0.8164109999999987	11.374421591985136	
20452.813851146577	300.0	7.812426941441434	0.0	155432.0	3926.9658358025963	19.997309	2.401097	0.0	14.989583049748727	
20454.619195135885	300.0	10.00708295213319	0.0	163442.0	1805.343989308242	16.877619	0.0	3.119690000000002	8.322067973538104	
20458.56319480918	750.0	10.06308327883913	0.0	318564.0	3943.9996732940594	62.986308	46.108689	0.0	64.42063296283115	
20464.90451854491	750.0	7.721759543111522	0.0	352642.0	6341.323735727609	81.00828	18.021971999999998	0.0	71.31441799403183	
20471.61485392713	750.0	5.011424160887207	0.0	437162.0	6710.335382224314	69.475262	0.0	11.533017999999998	43.94053818670605	
20476.162153109075	750.0	4.464124978946094	0.0	374758.0	4547.299181941114	70.789292	1.3140300000000025	0.0	57.681454273815504	
20479.65145865113	750.0	4.974819436890469	0.0	362795.0	3489.3055420556248	64.786022	0.0	6.0032700000000006	45.836272051926805	
20483.32012242058	750.0	5.3061556674404455	0.0	353220.0	3668.6637694500237	70.008689	5.222667000000001	0.0	58.18502339881593	
20485.360829738554	300.0	7.26544834946423	0.0	156148.0	2040.7073179762158	19.431299	0.0	50.57739000000001	-39.867783698212904	
20488.421336170275	300.0	8.204941917741841	0.0	160746.0	3060.506431722387	21.445722	2.0144230000000007	0.0	16.101027757711584	
20492.51680938424	300.0	8.109468703774972	0.0	179801.0	4095.47321396687	23.726678	2.2809559999999998	0.0	18.112191156964666	
20495.960540120002	300.0	8.665737968015971	0.0	140051.0	3443.7307357590007	21.119447	0.0	2.6072309999999987	12.458195192670239	
20498.879004653263	300.0	9.747273434752195	0.0	138313.0	2918.4645332637783	19.984984	0.0	1.1344630000000002	13.060022413833098	
20501.58922718358	300.0	11.037050904434194	0.0	143509.0	2710.222530318	18.452936	0.0	1.5320479999999996	11.340692041651348	
20504.38339049808	300.0	12.2428875899355	0.0	150616.0	2794.163314498695	35.116669	16.663733	0.0	32.04404556367689	
20508.315878112986	300.0	12.310399975027805	0.0	165384.0	3932.487614907693	26.310814	0.0	8.805855000000001	10.278036555919055	
20511.678802218463	300.0	12.947475869550106	0.0	140881.0	3362.9241054777	26.782579	0.47176499999999777	0.0	20.161149610747803	
20515.48682332763	300.0	13.13945476038774	0.0	157671.0	3808.0211091623664	28.807059	2.0244800000000005	0.0	22.338348860461206	
20518.524411957962	300.0	14.101866130056013	0.0	157812.0	3037.588630331727	21.07483	0.0	7.732229	6.982791919539274	
20520.935491560045	300.0	15.690786527971362	0.0	163927.0	2411.079602084651	16.837774	0.0	4.237055999999999	7.102799135832186	
20523.24883413459	300.0	17.377443953428244	0.0	137654.0	2313.3425745431186	6.466535	0.0	10.371239	-8.188975813003921	
20526.264517165782	300.0	18.361760922233348	0.0	146754.0	3015.683031194893	25.355956	18.889421	0.0	24.440878712625864	
20534.512436992405	750.0	14.113841095609079	0.0	379700.0	8247.91982662427	66.676537	41.320581	0.0	66.11917195197455	
20544.010135266195	750.0	8.61614282181878	0.0	425781.0	9497.6982737903	65.665965	0.0	1.0105719999999963	51.87874368281537	
20547.740813364253	750.0	8.88546472376193	0.0	277716.0	3730.6780980568487	68.231907	2.565942000000007	0.0	55.88863627581473	
20551.659436781687	750.0	8.966841306327257	0.0	400396.0	3918.623417434672	69.601487	1.3695799999999991	0.0	56.69205323288801	
20556.268226492757	750.0	8.358051595255999	0.0	400508.0	4608.789711071261	67.821489	0.0	1.7799980000000062	52.88789921294314	
20561.476027224995	750.0	7.150250863020648	0.0	358218.0	5207.800732235351	64.789531	0.0	3.031958000000003	48.99180250230414	
20565.28002952594	300.0	7.346248562078203	0.0	157488.0	3804.0023009424444	17.795984	0.0	46.99354699999999	-37.450280397301974	
20568.103422174583	300.0	8.52285591343313	0.0	143881.0	2823.3926486450737	25.091594	7.29561	0.0	20.762364294012507	
20570.783918220637	300.0	9.842359867382841	0.0	163444.0	2680.496046050288	17.178658	0.0	7.912936000000002	3.491389644148983	
20573.43842849792	300.0	11.187849590097535	0.0	179328.0	2654.510277285305	28.893466	11.714808000000001	0.0	25.298969194880584	
20575.953721623133	300.0	12.67255646488603	0.0	159914.0	2515.293125211505	21.738399	0.0	7.155066999999999	8.157137465372118	
20582.58957357587	750.0	10.036704512145906	0.0	321064.0	6635.851952740124	67.040505	45.302105999999995	0.0	67.61379806696837	
20588.84953450379	750.0	7.776743584227818	0.0	361565.0	6259.960927918089	66.788635	0.0	0.2518699999999967	53.6345161054191	
20594.194451792308	750.0	6.431826295711128	0.0	378327.0	5344.917288516691	62.32333	0.0	4.465305000000001	45.38239461526515	
20598.854861200147	750.0	5.771416887872595	0.0	390680.0	4660.409407838532	61.525566	0.0	0.7977640000000008	48.59802426280343	
20602.87673925093	750.0	5.749538837090075	0.0	345516.0	4021.8780507825204	79.583372	18.057806	0.0	70.11833935431406	
20607.527167986984	750.0	5.099110101034144	0.0	384505.0	4650.42873605593	64.443828	0.0	15.139544	35.852891186903015	
20612.28069078571	750.0	4.345587302310879	0.0	372093.0	4753.522798723266	58.879512	0.0	5.564315999999998	41.299771933747785	
20614.568544555634	300.0	6.057733532387167	0.0	172312.0	2287.8537699237118	26.146503	0.0	32.733008999999996	-15.247801967039017	
20616.864343624744	300.0	7.761934463275373	0.0	167025.0	2295.7990691117943	26.908827	0.7623239999999996	0.0	20.354647499322645	
20622.861054525394	750.0	5.765223562626221	0.0	393804.0	5996.710900649152	62.845425	35.936598000000004	0.0	61.270325171427885	
20627.58804684681	750.0	5.038231241207862	0.0	331053.0	4726.992321418358	60.678126	0.0	2.167299	46.42725130719397	
20632.954937431794	750.0	4.0	0.3286593437739602	314107.0	5366.890584981823	75.210559	14.532433000000005	0.0	55.90049229441935	
