4367.462246177302	750.0	4.0	1.256359210868177	450283.0	1256.359210868177	64.858346	0.0	0.0	16.088974877427	
4370.674025220607	1850.0	4.788220956695038	0.0	957685.0	3211.779043304962	81.460624	16.602278	0.0	71.27448018930758	
4373.04402180048	1850.0	6.41822437682292	0.0	877771.0	2369.996579872118	82.465457	1.004833000000005	0.0	67.47787934365968	
4377.385949849904	1850.0	6.076296327398515	0.0	933276.0	4341.928049424406	78.955826	0.0	3.509630999999999	60.48244280749914	
4382.739028015613	2850.0	4.723218161689156	0.0	1472558.0	5353.078165709358	85.928154	6.9723280000000045	0.0	72.18858503636858	
4386.1123877583	1850.0	5.349858419001977	0.0	801058.0	3373.3597426871797	86.249306	0.3211519999999979	0.0	70.47870772988122	
4388.80605315098	1200.0	6.6561930263232565	0.0	561791.0	2693.665392678721	89.177904	2.928597999999994	0.0	73.73588534977478	
4392.338407254031	1850.0	7.123838923272064	0.0	1060487.0	3532.3541030511915	90.155937	0.9780329999999964	0.0	73.98296967737969	
4397.650861812176	2850.0	5.811384365127034	0.0	1348011.0	5312.454558145031	96.808308	6.652371000000002	0.0	81.30766134071504	
4401.169200257045	2850.0	6.293045920257999	0.0	1429765.0	3518.338444869035	94.962414	0.0	1.8458940000000013	75.80366286892311	
4404.261615276703	2850.0	7.200630900599163	0.0	1354548.0	3092.4150196588357	95.957675	0.9952609999999993	0.0	78.90160142552716	
4408.5091960888585	2850.0	6.953050088443611	0.0	1519951.0	4247.580812155552	92.483401	0.0	3.474273999999994	71.97647469237822	
4412.297579251891	2850.0	7.164666925411321	0.0	1422919.0	3788.3831630322893	93.510922	1.027520999999993	0.0	76.83905618092444	
4417.611220511073	2850.0	5.851025666228744	0.0	1578343.0	5313.641259182577	91.568178	0.0	1.9427439999999905	72.82632292630404	
4421.036058622011	2850.0	6.42618755529141	0.0	1231445.0	3424.8381109373336	88.830113	0.0	2.738065000000006	69.66361798364525	
4425.1341597946675	2850.0	6.328086382634947	0.0	1471065.0	4098.101172656463	93.514387	4.684274000000002	0.0	77.93159908918065	
4427.803372998832	1850.0	7.658873178471204	0.0	966699.0	2669.213204163743	86.226021	0.0	7.288365999999996	62.63034538518419	
4429.419173539172	1200.0	10.043072638130951	0.0	581493.0	1615.8005403402535	79.137254	0.0	7.088767000000004	56.83863512869361	
4430.841882145776	1200.0	12.62036403152666	0.0	639204.0	1422.7086066042903	72.000653	0.0	7.136600999999999	50.743888071584934	
4432.658617995964	750.0	14.803628181338775	0.0	350713.0	1816.7358501878855	67.172129	0.0	4.828524000000002	49.10347287348152	
4434.384866057086	750.0	17.07738012021766	0.0	386472.0	1726.2480611211101	62.777649	0.0	4.3944800000000015	45.8423031210838	
4438.950384848036	1200.0	16.511861329267916	0.0	616206.0	4565.518790949749	68.532883	5.7552340000000015	0.0	57.09385149382384	
4440.848693614658	1200.0	18.61355256264572	0.0	656471.0	1898.308766622194	63.455907	0.0	5.076975999999995	45.69259308258809	
4443.764898365046	1200.0	19.697347812257682	0.0	536667.0	2916.2047503880385	68.420849	4.964942000000001	0.0	56.763485235890926	
4446.9672356308265	750.0	20.49501054647715	0.0	359903.0	3202.3372657805307	66.786337	0.0	1.6345120000000009	52.16558832707676	
4450.513509498976	750.0	20.948736678326814	0.0	379700.0	3546.2738681503342	66.676537	0.0	0.109800000000007	53.69031629537219	
4460.6674467100465	750.0	14.794799467256228	0.0	425781.0	10153.937211070588	65.665965	0.0	1.0105719999999963	51.87874368281537	
4471.768327391612	1200.0	7.6939187856908084	0.0	487160.0	11100.880681565419	80.893459	15.227493999999993	0.0	70.38450099378304	
4479.295108933536	1200.0	4.167137243766403	0.0	622896.0	7526.781541924405	80.053124	0.0	0.8403349999999961	64.24386573042244	
4483.071725322454	1200.0	4.39052085484722	0.0	641447.0	3776.6163889191835	80.154442	0.10131800000000624	0.0	65.2514564240098	
4485.560388014327	1200.0	5.901858162974851	0.0	570392.0	2488.662691872369	78.009495	0.0	2.144947000000002	61.12892222454211	
4488.7315087511115	1200.0	6.730737426190635	0.0	620283.0	3171.120736784216	72.909556	0.0	5.099939000000006	53.67453510265016	
4490.954999095748	750.0	8.507247081554029	0.0	369834.0	2223.490344636606	68.369339	0.0	4.540216999999998	50.42328474062561	
4494.2060660039015	1200.0	9.256180173399143	0.0	670129.0	3251.0669081548863	62.28877	0.0	6.080568999999997	43.639332434497476	
4499.524257794938	1200.0	7.937988382362818	0.0	690253.0	5318.191791036325	87.732581	25.443810999999997	0.0	79.22073285256175	
4504.641038952636	1200.0	6.821207224663948	0.0	598727.0	5116.78115769887	77.763467	0.0	9.96911399999999	52.61912849502004	
4507.958582418107	1200.0	7.503663759193756	0.0	487812.0	3317.5434654701926	77.846693	0.08322599999999625	0.0	63.29163035592236	
4511.075943088431	750.0	8.386303088869484	0.0	361565.0	3117.3606703242717	66.788635	0.0	11.058058000000003	42.16916284841154	
4513.789051619824	750.0	9.673194557476812	0.0	378327.0	2713.108531392673	62.32333	0.0	4.465305000000001	45.38239461526515	
4516.4653276223735	750.0	10.996918554926873	0.0	390680.0	2676.2760025499383	61.525566	0.0	0.7977640000000008	48.59802426280343	
4518.36074074602	750.0	13.101505431280314	0.0	345516.0	1895.4131236465573	79.583372	18.057806	0.0	70.11833935431406	
4522.093346610555	750.0	13.368899566744822	0.0	384505.0	3732.605864535494	64.443828	0.0	15.139544	35.852891186903015	
4526.731405950927	750.0	12.73084022637274	0.0	372093.0	4638.059340372081	58.879512	0.0	5.564315999999998	41.299771933747785	
4534.795424848836	1200.0	8.666821328463728	0.0	634861.0	8064.018897909012	75.003938	16.124426000000007	0.0	65.66391940766388	
4540.9650889986115	750.0	6.497157178688488	0.0	398987.0	6169.66414977524	63.729239	0.0	11.274699000000005	39.34830115448027	
4545.893643597326	750.0	5.56860257997318	0.0	393804.0	4928.554598715308	62.845425	0.0	0.883814000000001	49.62451534898482	
4550.831104158614	1200.0	4.631142018685829	0.0	538612.0	4937.46056128735	74.51099	11.665565000000008	0.0	63.91782743622792	
4555.430345577606	1200.0	4.031900599693596	0.0	550906.0	4599.241418992233	86.366143	11.855152999999987	0.0	74.01446138471348	
