14466.965808780482	750.0	4.0	7.229722006325715	450283.0	7229.722006325715	64.858346	0.0	0.0	-155.91946336521917	
14469.448376747228	300.0	5.517432033254713	0.0	155580.0	2482.567966745287	18.412623	0.0	46.445723	-36.3468075049402	
14471.69905472323	300.0	7.266754057251941	0.0	139857.0	2250.6779760027725	17.596212	0.0	0.8164109999999987	11.374421591985136	
14474.98286932731	300.0	7.982939453173061	0.0	155432.0	3283.8146040788806	19.997309	2.401097	0.0	14.989583049748727	
14478.883811827138	300.0	8.081996953345817	0.0	163442.0	3900.9424998272434	16.877619	0.0	3.119690000000002	8.322067973538104	
14485.655571817018	750.0	5.310236963466513	0.0	318564.0	6771.759989879303	62.986308	46.108689	0.0	64.42063296283115	
14490.095342685925	750.0	4.870466094559364	0.0	352642.0	4439.77086890715	81.00828	18.021971999999998	0.0	71.31441799403183	
14494.902676166363	750.0	4.063132614120701	0.0	437162.0	4807.333480438663	69.475262	0.0	11.533017999999998	43.94053818670605	
14497.729891734893	750.0	5.235917045590765	0.0	374758.0	2827.215568529937	70.789292	1.3140300000000025	0.0	57.681454273815504	
14500.488494611422	750.0	6.477314169061399	0.0	362795.0	2758.6028765293654	64.786022	0.0	6.0032700000000006	45.836272051926805	
14504.363244326374	750.0	6.602564454109872	0.0	353220.0	3874.7497149515275	70.008689	5.222667000000001	0.0	58.18502339881593	
14509.728289904848	1200.0	5.237518875635463	0.0	594078.0	5365.045578474408	70.906301	0.8976119999999952	0.0	57.65646860355332	
14512.97543828117	750.0	5.990370499313126	0.0	386351.0	3247.1483763223378	59.358241	0.0	11.54806	35.356462428080405	
14514.602491566746	300.0	8.363317213737348	0.0	179801.0	1627.053285575778	23.726678	0.0	35.631563	-20.372516939980503	
14515.846754573799	300.0	11.119054206685135	0.0	140051.0	1244.2630070522123	21.119447	0.0	2.6072309999999987	12.458195192670239	
14519.71834611479	750.0	11.247462665693332	0.0	366214.0	3871.5915409918043	58.858709	37.739262	0.0	58.43111360987612	
14525.061616657773	750.0	9.904192122710867	0.0	360831.0	5343.2705429824655	60.531124	1.6724150000000009	0.0	49.100589048161304	
14527.529129700539	300.0	11.43667907994452	0.0	150616.0	2467.513042766346	35.116669	0.0	25.414454999999997	0.11401900957756439	
14530.105956328422	300.0	12.859852452061885	0.0	165384.0	2576.826627882636	26.310814	0.0	8.805855000000001	10.278036555919055	
14532.376292174537	300.0	14.589516605946525	0.0	140881.0	2270.33584611536	26.782579	0.47176499999999777	0.0	20.161149610747803	
14536.522127854298	300.0	14.443680926185987	0.0	157671.0	4145.8356797605375	28.807059	2.0244800000000005	0.0	22.338348860461206	
14540.74424279245	750.0	14.221565988033605	0.0	399894.0	4222.114938152383	55.443233	26.636174	0.0	52.23013877627525	
14544.19399547578	750.0	14.771813304704054	0.0	401853.0	3449.752683329551	47.960406	0.0	7.482827	30.016831048248612	
14548.97405492692	750.0	13.991753853563216	0.0	343800.0	4780.059451140838	55.451197	7.4907910000000015	0.0	46.53210385732817	
14556.319725886782	750.0	10.646082893702015	0.0	359903.0	7345.6709598612	66.786337	11.335140000000003	0.0	57.277353060696605	
14563.634097391752	750.0	7.331711388731404	0.0	379700.0	7314.3715049706125	66.676537	0.0	0.109800000000007	53.69031629537219	
14570.200048797218	750.0	4.765759983264945	0.0	425781.0	6565.951405466459	65.665965	0.0	1.0105719999999963	51.87874368281537	
14573.021532678928	750.0	5.944276101555212	0.0	277716.0	2821.483881709734	68.231907	2.565942000000007	0.0	55.88863627581473	
14576.581782621643	750.0	6.384026158840279	0.0	400396.0	3560.249942714933	69.601487	1.3695799999999991	0.0	56.69205323288801	
14581.129562171769	750.0	5.836246608714299	0.0	400508.0	4547.779550125981	67.821489	0.0	1.7799980000000062	52.88789921294314	
14585.239409252665	750.0	5.7263995278180655	0.0	358218.0	4109.847080896233	64.789531	0.0	3.031958000000003	48.99180250230414	
14588.914394992058	750.0	6.051413788424855	0.0	400322.0	3674.9857393932093	60.651768	0.0	4.137763	44.31426861062449	
14589.940280250625	300.0	9.025528529858978	0.0	143881.0	1025.88525856588	25.091594	0.0	35.560173999999996	-19.140824429842464	
14591.536025503505	300.0	11.429783276978089	0.0	163444.0	1595.745252880888	17.178658	0.0	7.912936000000002	3.491389644148983	
14594.33188675401	300.0	12.633922026473567	0.0	179328.0	2795.861250504521	28.893466	11.714808000000001	0.0	25.298969194880584	
14596.919073031095	300.0	14.046735749389471	0.0	159914.0	2587.186277084097	21.738399	0.0	7.155066999999999	8.157137465372118	
14602.088077417153	750.0	12.877731363331897	0.0	321064.0	5169.004386057573	67.040505	45.302105999999995	0.0	67.61379806696837	
14610.063044952809	750.0	8.902763827674963	0.0	361565.0	7974.967535656932	66.788635	0.0	0.2518699999999967	53.6345161054191	
14617.4769362686	750.0	5.488872511885443	0.0	378327.0	7413.891315789521	62.32333	0.0	4.465305000000001	45.38239461526515	
14622.359373012625	750.0	4.6064357678611065	0.0	390680.0	4882.436744024336	61.525566	0.0	0.7977640000000008	48.59802426280343	
14625.937460478215	750.0	5.028348302271586	0.0	345516.0	3578.0874655895213	79.583372	18.057806	0.0	70.11833935431406	
14628.821837947047	750.0	6.1439708334399725	0.0	384505.0	2884.3774688316125	64.443828	0.0	15.139544	35.852891186903015	
14631.645196686042	750.0	7.320612094443236	0.0	372093.0	2823.358738996737	58.879512	0.0	5.564315999999998	41.299771933747785	
14638.531765924903	1200.0	4.434042855583047	0.0	634861.0	6886.569238860189	75.003938	16.124426000000007	0.0	65.66391940766388	
14641.502318836354	750.0	5.463489944132138	0.0	398987.0	2970.5529114509095	63.729239	0.0	11.274699000000005	39.34830115448027	
14645.029294453423	750.0	5.936514327062312	0.0	393804.0	3526.9756170698256	62.845425	0.0	0.883814000000001	49.62451534898482	
14650.242002234805	1200.0	4.72380654568121	0.0	538612.0	5212.707781381102	74.51099	11.665565000000008	0.0	63.91782743622792	
14654.79349450472	750.0	4.172314275766718	0.0	314107.0	4551.492269914492	75.210559	0.6995689999999968	0.0	61.242738256780044	
