11991.36972239961	750.0	4.0	3.998697299309292	450283.0	3998.697299309292	64.858346	0.0	0.0	-62.87915545023193	
11994.950055314337	750.0	4.419667085270441	0.0	398865.0	3580.332914729559	57.017244	0.0	7.841101999999999	37.30694774282116	
11996.027053640184	300.0	7.342668759422642	0.0	139857.0	1076.9983258477996	17.596212	0.0	39.421032	-29.585037665793127	
11997.189340139457	300.0	10.180382260150461	0.0	155432.0	1162.2864992721804	19.997309	2.401097	0.0	14.989583049748727	
11998.578031188415	300.0	12.791691211193895	0.0	163442.0	1388.6910489565666	16.877619	0.0	3.119690000000002	8.322067973538104	
12001.764367845428	300.0	13.605354554181405	0.0	126289.0	3186.336657012488	18.579568	1.701948999999999	0.0	13.580570417102745	
12010.227025115617	750.0	9.142697283992536	0.0	352642.0	8462.657270188869	81.00828	62.428712000000004	0.0	84.54636358634622	
12016.824828112212	750.0	6.544894287396373	0.0	437162.0	6597.802996596164	69.475262	0.0	11.533017999999998	43.94053818670605	
12022.04431076979	750.0	5.325411629817738	0.0	374758.0	5219.482657578634	70.789292	1.3140300000000025	0.0	57.681454273815504	
12026.308690540272	750.0	5.0610318593355625	0.0	362795.0	4264.379770482176	64.786022	0.0	6.0032700000000006	45.836272051926805	
12030.614597528933	750.0	4.755124870675268	0.0	353220.0	4305.906988660294	70.008689	5.222667000000001	0.0	58.18502339881593	
12034.49832825382	750.0	4.87139414578739	0.0	405134.0	3883.7307248878788	59.00323	0.0	11.005459000000002	35.63150226952917	
12038.034436616366	750.0	5.335285783240397	0.0	386351.0	3536.1083625469932	59.358241	0.3550109999999975	0.0	47.71472422025977	
12042.005959630918	750.0	5.363762768688834	0.0	434409.0	3971.523014551564	56.692976	0.0	2.665264999999998	42.523882025230556	
12045.723587378005	750.0	5.6461350216015465	0.0	337059.0	3717.6277470872874	54.76216	0.0	1.930816	41.66792139000558	
12049.7324919274	750.0	5.63723047220551	0.0	366214.0	4008.9045493960366	58.858709	4.096548999999996	0.0	48.406541934633836	
12053.677005090656	750.0	5.692717308949821	0.0	360831.0	3944.5131632556886	60.531124	1.6724150000000009	0.0	49.100589048161304	
12054.998546597502	300.0	8.371175802102746	0.0	150616.0	1321.5415068470766	35.116669	0.0	25.414454999999997	0.11401900957756439	
12056.85402377316	300.0	10.515698626446326	0.0	165384.0	1855.4771756564185	26.310814	0.0	8.805855000000001	10.278036555919055	
12058.588869738116	300.0	12.780852661489504	0.0	140881.0	1734.8459649568229	26.782579	0.47176499999999777	0.0	20.161149610747803	
12060.537972151635	300.0	14.831750247971604	0.0	157671.0	1949.1024135178998	28.807059	2.0244800000000005	0.0	22.338348860461206	
12067.316129352883	750.0	12.053593046724066	0.0	399894.0	6778.15720124754	55.443233	26.636174	0.0	52.23013877627525	
12074.557238099402	750.0	8.81248430020492	0.0	401853.0	7241.108746519146	47.960406	0.0	7.482827	30.016831048248612	
12078.707127961954	750.0	8.662594437652196	0.0	343800.0	4149.889862552724	55.451197	7.4907910000000015	0.0	46.53210385732817	
12084.190708309858	750.0	7.179014089748615	0.0	359903.0	5483.580347903581	66.786337	11.335140000000003	0.0	57.277353060696605	
12089.420594882862	750.0	5.949127516742449	0.0	379700.0	5229.886573006167	66.676537	0.0	0.109800000000007	53.69031629537219	
12094.409645793257	750.0	4.960076606348681	0.0	425781.0	4989.050910393767	65.665965	0.0	1.0105719999999963	51.87874368281537	
12097.223191456038	750.0	6.146530943567175	0.0	277716.0	2813.545662781506	68.231907	2.565942000000007	0.0	55.88863627581473	
12100.8795455872	750.0	6.490176812404298	0.0	400396.0	3656.3541311628783	69.601487	1.3695799999999991	0.0	56.69205323288801	
12104.238831908813	750.0	7.130890490792462	0.0	400508.0	3359.286321611836	67.821489	0.0	1.7799980000000062	52.88789921294314	
12108.657174384787	750.0	6.712548014817219	0.0	358218.0	4418.342475975242	64.789531	0.0	3.031958000000003	48.99180250230414	
12114.70844983865	750.0	4.661272560956186	0.0	400322.0	6051.275453861033	60.651768	0.0	4.137763	44.31426861062449	
12118.04477222375	750.0	5.324950175854863	0.0	369834.0	3336.322385101323	68.369339	7.7175709999999995	0.0	57.54006651746116	
12122.942486587423	1200.0	4.427235812183702	0.0	670129.0	4897.714363671161	62.28877	0.0	6.080568999999997	43.639332434497476	
12125.453492203416	750.0	5.916230196190038	0.0	401088.0	2511.005615993664	69.915275	7.6265049999999945	0.0	58.822186338307795	
12129.729269287596	1200.0	5.640453112010899	0.0	598727.0	4275.777084179139	77.763467	7.848192000000012	0.0	65.53488519734074	
12132.471900669254	750.0	6.897821730352932	0.0	321064.0	2742.631381657967	67.040505	0.0	10.72296200000001	42.738008305810055	
12136.809338003854	1200.0	6.560384395754524	0.0	575591.0	4337.437334598409	77.292461	10.251956000000007	0.0	65.85224300678595	
12141.69038787346	1200.0	5.679334526147901	0.0	605884.0	4881.049869606623	74.001829	0.0	3.290632000000002	56.519254990333565	
12146.718671556639	1200.0	4.651050842968908	0.0	587506.0	5028.283683178993	72.886388	0.0	1.1154410000000041	57.88246197348263	
12149.826196322416	750.0	5.543526077193003	0.0	345516.0	3107.5247657759046	79.583372	6.6969840000000005	0.0	66.73313750009174	
12152.778745459245	750.0	6.590976940363175	0.0	384505.0	2952.549136829828	64.443828	0.0	15.139544	35.852891186903015	
12155.485417206808	750.0	7.884305192799335	0.0	372093.0	2706.671747563841	58.879512	0.0	5.564315999999998	41.299771933747785	
12158.354336306209	750.0	9.015386093398874	0.0	438281.0	2868.9190994004607	62.327504	3.4479919999999993	0.0	51.15101669476942	
12161.413461132666	750.0	9.956261266942024	0.0	398987.0	3059.1248264568503	63.729239	1.4017350000000022	0.0	51.728421217727	
12164.330825167492	750.0	11.038897232115689	0.0	393804.0	2917.364034826335	62.845425	0.0	0.883814000000001	49.62451534898482	
12169.78312632453	1200.0	9.586596075076343	0.0	538612.0	5452.301157039344	74.51099	11.665565000000008	0.0	63.91782743622792	
12178.4061962879	1200.0	4.963526111706269	0.0	550906.0	8623.069963370075	86.366143	11.855152999999987	0.0	74.01446138471348	
