22178.092766085985	750.0	4.0	3.1328471558220468	450283.0	3132.8471558220467	64.858346	0.0	0.0	-37.94620963172763	
22180.54949455382	750.0	5.54327153216687	0.0	398865.0	2456.72846783313	57.017244	0.0	7.841101999999999	37.30694774282116	
22182.58815448392	750.0	7.504611602065916	0.0	350812.0	2038.6599301009546	60.430767	3.413523000000005	0.0	49.53439726135709	
22185.01807812735	750.0	9.074687958642482	0.0	382355.0	2429.923643423433	55.551349	0.0	4.879418000000001	39.207823032133746	
22189.34595378936	1200.0	8.746812296626839	0.0	652874.0	4327.875662015644	64.23322	8.681871000000001	0.0	54.32451676193826	
22193.91506213505	1200.0	8.177703950938907	0.0	520315.0	4569.1083456879305	75.14582	10.912599999999998	0.0	64.23110350586552	
22196.808511944757	750.0	9.284254141232667	0.0	352642.0	2893.449809706242	81.00828	5.862459999999999	0.0	67.6912292345531	
22203.304138240863	1200.0	6.788627845124317	0.0	709534.0	6495.626296108349	82.426144	1.4178639999999945	0.0	67.56765661211375	
22207.699476534013	1200.0	6.3932895519756725	0.0	584846.0	4395.338293148645	82.430225	0.004080999999999335	0.0	67.14984568949134	
22210.296945689697	750.0	7.795820396293024	0.0	362795.0	2597.469155682648	64.786022	0.0	17.64420299999999	33.485255293181105	
22214.09764664129	750.0	7.995119444698593	0.0	353220.0	3800.7009515944305	70.008689	5.222667000000001	0.0	58.18502339881593	
22218.362733183127	1200.0	7.730032902863096	0.0	594078.0	4265.086541835498	70.906301	0.8976119999999952	0.0	57.65646860355332	
22223.71409612258	1200.0	6.378669963408097	0.0	624282.0	5351.362939454999	73.534048	2.6277469999999994	0.0	60.397441453335624	
22228.90102874942	1200.0	5.191737336569539	0.0	687371.0	5186.932626838558	70.998108	0.0	2.5359399999999965	54.776127730538505	
22232.62465876584	1200.0	5.468107320153727	0.0	526950.0	3723.6300164158115	67.735752	0.0	3.262355999999997	51.24250829039699	
22237.413698269553	1200.0	4.679067816439463	0.0	587876.0	4789.039503714265	72.569044	4.833292	0.0	60.237368188531434	
22240.8216704552	750.0	5.271095630792495	0.0	360831.0	3407.9721856469664	60.531124	0.0	12.037920000000007	35.8300374244935	
22243.761699411814	750.0	6.33106667417821	0.0	372963.0	2940.028956614286	69.564049	9.032924999999999	0.0	58.9438058139744	
22249.356829592387	1200.0	4.735936493604614	0.0	639204.0	5595.130180573596	72.000653	2.4366040000000027	0.0	59.041852363208044	
22252.33529342514	750.0	5.757472660849342	0.0	350713.0	2978.4638327552725	67.172129	0.0	4.828524000000002	49.10347287348152	
22256.339890079547	750.0	5.7528760064435795	0.0	386472.0	4004.596654405763	62.777649	0.0	4.3944800000000015	45.8423031210838	
22260.850827222253	1200.0	5.241938863735666	0.0	616206.0	4510.937142707913	68.532883	5.7552340000000015	0.0	57.09385149382384	
22264.635385495763	1200.0	5.457380590225587	0.0	656471.0	3784.558273510079	63.455907	0.0	5.076975999999995	45.69259308258809	
22267.897898204952	1200.0	6.1948678810370845	0.0	536667.0	3262.5127091885024	68.420849	4.964942000000001	0.0	56.763485235890926	
22270.55464862668	750.0	7.538117459313529	0.0	359903.0	2656.7504217235555	66.786337	0.0	1.6345120000000009	52.16558832707676	
22273.477059072047	750.0	8.61570701394427	0.0	379700.0	2922.4104453692603	66.676537	0.0	0.109800000000007	53.69031629537219	
22277.198264398765	750.0	8.894501687228367	0.0	425781.0	3721.2053267159026	65.665965	0.0	1.0105719999999963	51.87874368281537	
22281.302682622634	1200.0	8.790083463358418	0.0	487160.0	4104.418223869949	80.893459	15.227493999999993	0.0	70.38450099378304	
22285.20140020287	750.0	8.891365883121798	0.0	400396.0	3898.71758023662	69.601487	0.0	11.291971999999987	44.303187811671584	
22288.444502707192	750.0	9.648263378799726	0.0	400508.0	3243.1025043220716	67.821489	0.0	1.7799980000000062	52.88789921294314	
22292.393168917348	1200.0	9.699597168642354	0.0	570392.0	3948.6662101573706	78.009495	10.188006000000001	0.0	66.44044460886136	
22298.136734561576	1200.0	7.956031524411183	0.0	620283.0	5743.565644231171	72.909556	0.0	5.099939000000006	53.67453510265016	
22300.878635571586	750.0	9.214130514405678	0.0	369834.0	2741.901010005505	68.369339	0.0	4.540216999999998	50.42328474062561	
22306.345593163875	1200.0	7.747172922117138	0.0	670129.0	5466.957592288541	62.28877	0.0	6.080568999999997	43.639332434497476	
22309.642194985343	750.0	8.45057110065134	0.0	401088.0	3296.6018214657993	69.915275	7.6265049999999945	0.0	58.822186338307795	
22313.840828827426	1200.0	8.251937258566432	0.0	598727.0	4198.633842084908	77.763467	7.848192000000012	0.0	65.53488519734074	
22317.642516566837	1200.0	8.450249519158096	0.0	487812.0	3801.6877394083367	77.846693	0.08322599999999625	0.0	63.29163035592236	
22322.821815045554	1200.0	7.270951040438925	0.0	575591.0	5179.298478719169	77.292461	0.0	0.554231999999999	62.20941215869677	
22327.71027673165	1200.0	6.3824893543407555	0.0	605884.0	4888.4616860981705	74.001829	0.0	3.290632000000002	56.519254990333565	
22332.84262463598	1200.0	5.250141450013752	0.0	587506.0	5132.347904327004	72.886388	0.0	1.1154410000000041	57.88246197348263	
22336.054109915716	750.0	6.038656170279293	0.0	345516.0	3211.485279734459	79.583372	6.6969840000000005	0.0	66.73313750009174	
22339.79602728992	750.0	6.296738796071064	0.0	384505.0	3741.9173742082294	64.443828	0.0	15.139544	35.852891186903015	
22343.77775491411	1200.0	6.315011171884951	0.0	599477.0	3981.7276241861127	71.343181	6.899353000000005	0.0	59.81481088460728	
22347.47229248664	1200.0	6.620473599350767	0.0	634861.0	3694.5375725341846	75.003938	3.660757000000004	0.0	61.95010051241022	
22351.586340472684	1200.0	6.506425613308497	0.0	630203.0	4114.04798604227	77.745919	2.7419809999999956	0.0	63.99851811947875	
22356.582326765467	1200.0	5.51043932052362	0.0	638661.0	4995.986292784876	77.309224	0.0	0.4366950000000003	62.348315386019244	
22361.08642533059	1200.0	5.006340755399071	0.0	538612.0	4504.098565124549	74.51099	0.0	2.7982339999999937	57.47289772290094	
22366.050763855597	1200.0	4.042002230391427	0.0	550906.0	4964.338525007644	86.366143	11.855152999999987	0.0	74.01446138471348	
