1142.5869594743003	750.0	4.0	0.9321555281170851	450283.0	932.1555281170852	64.858346	0.0	0.0	25.424716075824808	
1145.0767842145485	2850.0	5.5101752597518345	0.0	1431809.0	2489.8247402481657	90.683379	25.825033000000005	0.0	81.83336023868588	
1148.8591730537396	4300.0	5.727786420560802	0.0	2177073.0	3782.3888391910327	99.974276	9.290897000000001	0.0	84.77512883080041	
1152.6094329546572	4300.0	5.977526519643183	0.0	2160877.0	3750.2599009176197	99.974277	9.999999974752427e-07	0.0	82.00670690278375	
1157.3106569598228	4300.0	5.276302514477489	0.0	2233056.0	4701.224005165694	99.974278	9.999999974752427e-07	0.0	82.00670774968486	
1161.5542421760806	4300.0	5.032717298219854	0.0	1941625.0	4243.585216257635	99.966631	0.0	0.007646999999991522	81.99211774064273	
1166.2965755168448	4300.0	4.290383957455629	0.0	2157535.0	4742.333340764226	99.974271	0.007639999999994984	0.0	82.008978026124	
1169.350941591969	2850.0	5.236017882331583	0.0	1638769.0	3054.366075124045	97.908255	0.0	2.0660160000000047	78.06494965898608	
1173.124827246729	4300.0	5.4621322275716215	0.0	2055469.0	3773.8856547599626	99.974277	2.066022000000004	0.0	82.62232240314651	
1177.2717728566317	4300.0	5.315186617668831	0.0	2169201.0	4146.945609902789	99.974277	0.0	0.0	82.0067066048122	
1181.5937399472264	4300.0	4.99321952707415	0.0	2173522.0	4321.967090594681	99.974276	0.0	9.999999974752427e-07	82.00670469691224	
1186.0094967266605	4300.0	4.577462747639979	0.0	2102452.0	4415.756779434171	99.974279	2.999999992425728e-06	0.0	82.00670919252909	
1190.0242883058986	4300.0	4.562671168401884	0.0	2209463.0	4014.791579238094	99.974276	0.0	2.999999992425728e-06	82.0067025749145	
1194.2129437030085	4300.0	4.374015771291933	0.0	2275376.0	4188.655397109951	99.974278	1.9999999949504854e-06	0.0	82.00670804765642	
1197.9279733453773	4300.0	4.658986128923274	0.0	2005399.0	3715.02964236866	99.974278	0.0	0.0	82.00670745171331	
1201.8768938391122	4300.0	4.710065635188327	0.0	2152483.0	3948.920493734947	99.974277	0.0	9.999999974752427e-07	82.00670554381333	
1206.0467421147266	4300.0	4.5402173595739725	0.0	2289689.0	4169.848275614355	99.974278	9.999999974752427e-07	0.0	82.00670774968486	
1209.878521335154	4300.0	4.708438139146915	0.0	2059512.0	3831.7792204270577	99.974277	0.0	9.999999974752427e-07	82.00670554381333	
1213.811403405043	4300.0	4.775556069258009	0.0	2220726.0	3932.8820698889044	99.974277	0.0	0.0	82.0067066048122	
1217.7713248622786	4300.0	4.815634612022412	0.0	2156729.0	3959.921457235598	99.974276	0.0	9.999999974752427e-07	82.00670469691224	
1221.749093646227	4300.0	4.837865828073718	0.0	2039773.0	3977.768783948693	99.974277	9.999999974752427e-07	0.0	82.00670690278375	
1226.1005203073116	4300.0	4.486439166989316	0.0	2176469.0	4351.4266610844015	99.974278	9.999999974752427e-07	0.0	82.00670774968486	
1230.1963271196144	4300.0	4.3906323546864465	0.0	2221506.0	4095.8068123028697	99.974279	9.999999974752427e-07	0.0	82.00670859658595	
1234.3932121409346	4300.0	4.193747333366316	0.0	2044075.0	4196.885021320131	99.974278	0.0	9.999999974752427e-07	82.00670639071444	
1238.3739394223844	4300.0	4.213020051916427	0.0	2186790.0	3980.7272814498883	99.95975	0.0	0.014527999999998542	81.97898948094914	
1242.096868312665	4300.0	4.490091161635708	0.0	2105231.0	3722.9288902807198	99.974277	0.014527000000001067	0.0	82.01103523766432	
1245.1362720752968	2850.0	5.450687399003994	0.0	1547572.0	3039.403762631714	97.509012	0.0	2.4652650000000023	77.30322758527015	
1248.9095867564315	4300.0	5.677372717869335	0.0	1972048.0	3773.3146811346596	99.974279	2.465266999999997	0.0	82.74128775242093	
1252.798786502407	4300.0	5.78817297189387	0.0	2134614.0	3889.199745975465	99.969028	0.0	0.005251000000001227	81.99668991587194	
1256.5273771167538	4300.0	6.0595823575471535	0.0	2164140.0	3728.590614346717	99.974275	0.005247000000011326	0.0	82.00826836778535	
1260.171150785246	4300.0	6.415808689055048	0.0	2113193.0	3643.7736684921056	99.974279	3.999999989900971e-06	0.0	82.00670949050064	
1264.1790761116215	4300.0	6.407883362679507	0.0	2147852.0	4007.925326375541	99.974277	0.0	1.9999999949504854e-06	82.00670448281446	
1268.9959150017005	4300.0	5.591044472600578	0.0	2191074.0	4816.838890078929	99.974275	0.0	1.9999999949504854e-06	82.00670278901228	
1274.049553631722	4300.0	4.5374058425790285	0.0	2286761.0	5053.63863002155	99.974277	1.9999999949504854e-06	0.0	82.00670720075533	
1277.1446929785989	2850.0	5.442266495702179	0.0	1492672.0	3095.1393468768492	99.177905	0.0	0.7963720000000052	80.48730848990337	
1280.988502580452	4300.0	5.598456893849053	0.0	2143948.0	3843.809601853126	99.974279	0.7963740000000001	0.0	82.24400510173786	
1284.568244027801	4300.0	6.018715446500006	0.0	1919781.0	3579.7414473490467	99.97428	9.999999974752427e-07	0.0	82.00670944348704	
1288.6202249793853	4300.0	5.966734494915904	0.0	2147467.0	4051.9809515841025	99.974277	0.0	2.999999992425728e-06	82.00670342181559	
1293.3112829333672	4300.0	5.275676540933976	0.0	2133870.0	4691.057953981927	99.974275	0.0	1.9999999949504854e-06	82.00670278901228	
1297.396019916441	4300.0	5.190939557860164	0.0	2146120.0	4084.736983073813	99.974277	1.9999999949504854e-06	0.0	82.00670720075533	
1301.242135300326	4300.0	5.344824173975296	0.0	2108491.0	3846.115383884867	99.974276	0.0	9.999999974752427e-07	82.00670469691224	
1305.3090851857974	4300.0	5.2778742885037975	0.0	2184571.0	4066.949885471499	99.974116	0.0	0.00016000000000815362	82.00640049391589	
1309.208070792619	4300.0	5.378888681682064	0.0	2121928.0	3898.9856068217346	99.974273	0.00015700000000151704	0.0	82.00674999874272	
1313.166807860913	4300.0	5.420151613388325	0.0	2219102.0	3958.7370682937385	99.974276	3.000000006636583e-06	0.0	82.0067066518258	
1317.1185856885838	4300.0	5.468373785717491	0.0	2124950.0	3951.777827670834	99.974279	2.999999992425728e-06	0.0	82.00670919252909	
1321.2424505968575	4300.0	5.344508877443944	0.0	2246506.0	4123.8649082735465	99.97428	9.999999974752427e-07	0.0	82.00670944348704	
1324.6717654628033	4300.0	5.9151940114980075	0.0	1961140.0	3429.3148659459375	99.97428	0.0	0.0	82.00670914551549	
1328.895558931078	4300.0	5.691400543223035	0.0	2155012.0	4223.793468274972	99.974274	0.0	5.999999999062311e-06	82.00669769811569	
