25852.105580439136	750.0	4.0	11.415819972284071	450283.0	11415.81997228407	64.858346	0.0	0.0	-276.46197821176	
25854.928669511508	300.0	5.176910927625635	0.0	155580.0	2823.0890723743646	18.412623	0.0	46.445723	-36.3468075049402	
25857.225072023433	300.0	6.880508415700065	0.0	139857.0	2296.4025119255693	17.596212	0.0	0.8164109999999987	11.374421591985136	
25859.30740637704	300.0	8.798174062092835	0.0	155432.0	2082.334353607229	19.997309	2.401097	0.0	14.989583049748727	
25862.270582710906	300.0	9.834997728226448	0.0	163442.0	2963.1763338663886	16.877619	0.0	3.119690000000002	8.322067973538104	
25865.51103078458	300.0	10.594549654555204	0.0	126289.0	3240.4480736712444	18.579568	1.701948999999999	0.0	13.580570417102745	
25868.176839049956	300.0	11.928741389173108	0.0	153295.0	2665.8082653820957	42.291519	23.711951000000003	0.0	40.220602433691965	
25872.668949180443	300.0	11.436631258687633	0.0	173849.0	4492.110130485475	35.451274	0.0	6.840245000000003	20.10461217328575	
25877.316503475264	300.0	10.78907696386657	0.0	150710.0	4647.554294821064	28.497356	0.0	6.953917999999998	14.094724445226447	
25882.068404445236	300.0	10.037175993896167	0.0	139105.0	4751.900969970405	21.660501	0.0	6.836855	8.428788135904757	
25887.024648614217	300.0	9.080931824913973	0.0	141840.0	4956.244168982194	2.177717	0.0	19.482784	-21.48851944385787	
25892.115727701017	300.0	7.9898527381139415	0.0	156148.0	5091.079086800031	19.431299	17.253581999999998	0.0	18.935846683464327	
25896.419615347095	300.0	7.685965092034298	0.0	160746.0	4303.887646079643	21.445722	2.0144230000000007	0.0	16.101027757711584	
25902.54258659603	300.0	5.562993843097569	0.0	179801.0	6122.971248936729	23.726678	2.2809559999999998	0.0	18.112191156964666	
25907.311413115356	300.0	4.794167323771426	0.0	140051.0	4768.826519326142	21.119447	0.0	2.6072309999999987	12.458195192670239	
25911.910104124305	300.0	4.195476314822005	0.0	138313.0	4598.691008949421	19.984984	0.0	1.1344630000000002	13.060022413833098	
25915.29452758116	300.0	4.811052857963363	0.0	143509.0	3384.423456858642	18.452936	0.0	1.5320479999999996	11.340692041651348	
25919.594918489274	750.0	4.510661949853651	0.0	372963.0	4300.390908109712	69.564049	51.111112999999996	0.0	71.48190913430767	
25922.788965814856	750.0	5.31661462427217	0.0	405596.0	3194.0473255814804	60.564875	0.0	8.999173999999996	39.08272725573663	
25925.275763293226	750.0	6.829817145902618	0.0	350713.0	2486.797478369553	67.172129	6.6072539999999975	0.0	56.195305162945644	
25929.12390047185	1200.0	6.981679967278156	0.0	601738.0	3848.137178624462	74.235946	7.063817	0.0	62.31370233979262	
25933.130536567067	1200.0	6.975043872065345	0.0	616206.0	4006.6360952128116	68.532883	0.0	5.703063	49.32801204213999	
25937.986942364645	1200.0	6.118638074488701	0.0	656471.0	4856.405797576644	63.455907	0.0	5.076975999999995	45.69259308258809	
25943.203993555464	1850.0	4.901586883669872	0.0	874175.0	5217.051190818828	80.700778	17.244870999999996	0.0	70.82244021473207	
25945.905140735733	1200.0	6.200439703399874	0.0	587236.0	2701.1471802699984	78.698824	0.0	2.001953999999998	61.86443112432193	
25950.559706144544	1850.0	5.545874294590422	0.0	905935.0	4654.5654088094525	89.133614	10.434789999999992	0.0	75.93500783995529	
25956.061026727326	1850.0	4.04455371181083	0.0	1076599.0	5501.320582779591	90.791041	1.6574270000000126	0.0	74.72328004362873	
25959.575958009533	1850.0	4.5296224296046494	0.0	758197.0	3514.9312822061815	87.50057	0.0	3.290471000000011	67.95152441266671	
25962.198721198452	1200.0	5.906859240686152	0.0	622896.0	2622.7631889184972	80.053124	0.0	7.447445999999999	57.23372842545788	
25964.92826490644	1200.0	7.177315532697274	0.0	641447.0	2729.543707988878	80.154442	0.10131800000000624	0.0	65.2514564240098	
25967.435895298666	1200.0	8.669685140469864	0.0	570392.0	2507.630392227409	78.009495	0.0	2.144947000000002	61.12892222454211	
25969.97198158114	1200.0	10.133598857996857	0.0	620283.0	2536.086282473008	72.909556	0.0	5.099939000000006	53.67453510265016	
25972.86762308532	1200.0	11.237957353816972	0.0	584349.0	2895.641504179884	79.771897	6.862341000000001	0.0	66.94207121321617	
25980.015987640694	2850.0	8.08959279844381	0.0	1587293.0	7148.364555373161	81.858634	2.0867369999999994	0.0	67.28633690010463	
25984.04246840197	1200.0	8.063112037166059	0.0	690253.0	4026.480761277752	87.732581	5.873947000000001	0.0	73.38946994749392	
25989.96793123763	1850.0	6.137649201512516	0.0	943942.0	5925.462835653542	90.168439	2.4358580000000103	0.0	74.42794802438888	
25994.325419701756	1850.0	5.780160737385802	0.0	728962.0	4357.4884641267145	86.066994	0.0	4.101445000000012	65.87698482373372	
25998.37222137833	1850.0	5.7333590608112335	0.0	938587.0	4046.801676574568	86.593761	0.5267670000000066	0.0	70.83169447059112	
26002.196479798113	1850.0	5.909100641027777	0.0	908665.0	3824.2584197834567	82.415248	0.0	4.178512999999995	62.70254805849999	
26006.37500004886	1850.0	5.7305803902777495	0.0	930577.0	4178.520250750027	83.556577	1.141328999999999	0.0	68.44262199794545	
26007.863402924377	750.0	8.242177514761133	0.0	345516.0	1488.4028755166157	79.583372	0.0	3.973205000000007	60.52206071503834	
26010.888885760443	1200.0	9.216694678693969	0.0	641452.0	3025.4828360671636	75.706383	0.0	3.8769889999999947	57.34071953352638	
26014.33138595429	1850.0	9.774194484847419	0.0	886255.0	3442.5001938465493	78.86339	3.157006999999993	0.0	65.06857148325741	
26018.706407974787	1850.0	9.399172464351645	0.0	973972.0	4375.022020495775	84.84845	5.985060000000004	0.0	70.98000474499611	
26023.068607500478	1850.0	9.036972938661064	0.0	958994.0	4362.199525690581	87.119023	2.270572999999999	0.0	71.79614403033668	
26027.949524668988	1850.0	8.156055770152673	0.0	982064.0	4880.917168508391	86.680563	0.0	0.4384599999999921	70.28304003058662	
26034.046212889854	2850.0	6.059367549287626	0.0	1231456.0	6096.688220865046	92.485503	5.804939999999988	0.0	77.39416269406718	
26038.540473688347	1850.0	5.565106750795461	0.0	846370.0	4494.260798492166	92.020773	0.0	0.46472999999998876	74.7777973135027	
