6268.108404253484	750.0	4.0	2.288238812003366	450283.0	2288.238812003366	64.858346	0.0	0.0	-13.624940838638814	
6272.018593011344	1200.0	4.089811242139884	0.0	611087.0	3910.1887578601154	69.839987	4.981640999999996	0.0	57.97033059622316	
6274.716394686699	1200.0	5.392009566784571	0.0	571051.0	2697.8016753553143	73.587374	3.7473870000000034	0.0	60.77622417883262	
6277.339457279852	1200.0	6.768946973631897	0.0	617681.0	2623.0625931526743	69.474665	0.0	4.112708999999995	51.81297205080018	
6283.4404382086	2850.0	4.667966044883097	0.0	1472558.0	6100.9809287488	85.928154	16.453489000000005	0.0	75.01370137014976	
6287.369078426025	1850.0	4.739325827458942	0.0	801058.0	3928.6402174241543	86.249306	0.3211519999999979	0.0	70.47870772988122	
6289.312494559117	1200.0	6.79590969436717	0.0	561791.0	1943.416133091772	89.177904	2.928597999999994	0.0	73.73588534977478	
6295.8228398729825	1850.0	4.285564380501844	0.0	1060487.0	6510.345313865326	90.155937	0.9780329999999964	0.0	73.98296967737969	
6299.178051205709	1850.0	4.930353047774879	0.0	852833.0	3355.211332726965	90.218296	0.06235900000000072	0.0	73.76293677284315	
6303.174409060256	1850.0	4.933995193228536	0.0	913888.0	3996.3578545463433	86.733288	0.0	3.4850079999999934	67.09530890568334	
6306.145314256654	1200.0	5.963089996830234	0.0	607410.0	2970.9051963983006	82.096766	0.0	4.636521999999999	61.946878270919974	
6309.852454206787	1850.0	6.255950046697481	0.0	917428.0	3707.139950132754	82.202545	0.10577899999999829	0.0	66.98732635875223	
6314.575453288891	1850.0	5.5329509645927155	0.0	946851.0	4722.999082104765	83.629776	1.4272310000000061	0.0	68.58980497651146	
6318.732481692262	1850.0	5.375922561221829	0.0	1036454.0	4157.028403370887	80.875505	0.0	2.754271000000003	62.909657170689236	
6320.992689887662	1850.0	7.115714365821355	0.0	821631.0	2260.208195400474	78.494849	0.0	2.380656000000002	61.28988207838268	
6324.12759648709	1850.0	7.9808077663934816	0.0	923170.0	3134.906599427874	83.7301	5.235250999999991	0.0	69.80945114237906	
6328.9545574648255	1850.0	7.153846788657143	0.0	966699.0	4826.960977736339	86.226021	2.49592100000001	0.0	71.10700694933738	
6331.439845489141	1200.0	8.668558764342366	0.0	581493.0	2485.2880243147765	79.137254	0.0	7.088767000000004	56.83863512869361	
6336.3578022835	1850.0	7.750601969982205	0.0	987708.0	4917.9567943601605	79.995224	0.8579699999999946	0.0	65.34207530148709	
6339.100484923533	1200.0	9.00791932994902	0.0	586839.0	2742.682640033186	79.134663	0.0	0.8605609999999899	63.444560336070744	
6341.74183883554	1200.0	10.366565417941752	0.0	601738.0	2641.353912007268	74.235946	0.0	4.898717000000005	55.01135256729831	
6346.667322860695	1850.0	9.44108139278628	0.0	955231.0	4925.484025155473	79.031768	4.795822000000001	0.0	65.69949125877463	
6351.829383658444	1850.0	8.279020595037606	0.0	968026.0	5162.060797748674	73.123347	0.0	5.908421000000004	52.99779644730492	
6358.680081739647	2850.0	5.42832251383448	0.0	1323990.0	6850.698081203125	89.320458	16.197111000000007	0.0	77.81025400667446	
6362.768254353404	1850.0	5.340149900077557	0.0	897976.0	4088.1726137569244	86.994267	0.0	2.3261910000000086	68.54583583539701	
6366.21612465947	1850.0	5.892279594012425	0.0	905935.0	3447.870306065131	89.133614	2.1393470000000008	0.0	73.46320174835421	
6368.714167828796	1200.0	7.394236424685649	0.0	696376.0	2498.043169326776	80.745588	0.0	8.388025999999996	56.822222631623696	
6370.545223350976	1200.0	9.56318090250637	0.0	487160.0	1831.0555221792797	80.893459	0.14787099999999498	0.0	65.89120220426116	
6372.67687504935	1200.0	11.431529204131992	0.0	622896.0	2131.651698374377	80.053124	0.0	0.8403349999999961	64.24386573042244	
6375.547538595053	1200.0	12.560865658428211	0.0	641447.0	2870.663545703782	80.154442	0.10131800000000624	0.0	65.2514564240098	
6378.610961225588	1200.0	13.49744302789357	0.0	570392.0	3063.42263053464	78.009495	0.0	2.144947000000002	61.12892222454211	
6385.1170449960055	1850.0	10.991359257476137	0.0	954453.0	6506.083770417434	83.67714	5.667644999999993	0.0	69.8934403748377	
6388.225362712406	1200.0	11.88304154107497	0.0	584349.0	3108.3177164011677	79.771897	0.0	3.9052429999999987	60.75383035011878	
6395.81033429093	2850.0	8.29806996255186	0.0	1587293.0	7584.971578523109	81.858634	2.0867369999999994	0.0	67.28633690010463	
6398.232011109583	1200.0	9.876393143898989	0.0	690253.0	2421.6768186528716	87.732581	5.873947000000001	0.0	73.38946994749392	
6401.648516288915	1850.0	10.459887964567127	0.0	943942.0	3416.505179331863	90.168439	2.4358580000000103	0.0	74.42794802438888	
6404.952348360199	1850.0	11.156055893282886	0.0	728962.0	3303.8320712842387	86.066994	0.0	4.101445000000012	65.87698482373372	
6409.485448053098	1850.0	10.622956200383836	0.0	938587.0	4533.099692899049	86.593761	0.5267670000000066	0.0	70.83169447059112	
6412.577303982861	1850.0	11.531100270619755	0.0	908665.0	3091.8559297640822	82.415248	0.0	4.178512999999995	62.70254805849999	
6416.194698920505	1850.0	11.913705332975871	0.0	930577.0	3617.3949376438836	83.556577	1.141328999999999	0.0	68.44262199794545	
6420.358124650328	1200.0	11.750279603152284	0.0	566904.0	4163.425729823586	86.974261	3.417683999999994	0.0	72.01535138746164	
6424.943879821447	1850.0	11.164524432034446	0.0	1025005.0	4585.755171117839	85.276808	0.0	1.6974529999999959	67.7584082266182	
6430.434934062477	2850.0	9.673470191004595	0.0	1343002.0	5491.05424102985	87.659279	2.3824709999999953	0.0	72.28702985263917	
6434.016779960223	1850.0	10.091624293257654	0.0	973972.0	3581.845897746942	84.84845	0.0	2.8108289999999982	66.21434068733927	
6438.043806894252	1850.0	10.064597359228912	0.0	958994.0	4027.0269340287414	87.119023	2.270572999999999	0.0	71.79614403033668	
6442.80881814582	1850.0	9.299586107661137	0.0	982064.0	4765.0112515677765	86.680563	0.0	0.4384599999999921	70.28304003058662	
6448.993426076301	1850.0	7.114978177179952	0.0	830730.0	6184.607930481184	84.040637	0.0	2.6399260000000027	65.71153085892459	
6455.2744959161555	1850.0	4.833908337326204	0.0	846370.0	6281.069839853748	92.020773	7.980136000000002	0.0	77.64872889128998	
