10267.692147021326	750.0	4.0	6.579692689023528	450283.0	6579.692689023527	64.858346	0.0	0.0	-137.20127538472192	
10268.678934937476	300.0	7.013212083850239	0.0	155580.0	986.7879161497615	18.412623	0.0	46.445723	-36.3468075049402	
10270.627120989584	300.0	9.065026031742615	0.0	139857.0	1948.1860521076244	17.596212	0.0	0.8164109999999987	11.374421591985136	
10274.633244755338	300.0	9.058902265989714	0.0	155432.0	4006.1237657529027	19.997309	2.401097	0.0	14.989583049748727	
10278.726791308003	300.0	8.965355713323753	0.0	163442.0	4093.546552665962	16.877619	0.0	3.119690000000002	8.322067973538104	
10283.689160177764	750.0	8.002986843562468	0.0	318564.0	4962.368869761283	62.986308	46.108689	0.0	64.42063296283115	
10290.30324762408	750.0	5.3888993972451065	0.0	352642.0	6614.087446317362	81.00828	18.021971999999998	0.0	71.31441799403183	
10294.72153969524	750.0	4.970607326084493	0.0	437162.0	4418.292071160613	69.475262	0.0	11.533017999999998	43.94053818670605	
10297.031603143718	750.0	6.660543877607111	0.0	374758.0	2310.063448477382	70.789292	1.3140300000000025	0.0	57.681454273815504	
10300.683518838825	1200.0	7.008628182500145	0.0	560821.0	3651.9156951069667	76.960357	6.171064999999999	0.0	64.35499430641161	
10304.550792933895	1200.0	7.141354087430112	0.0	607410.0	3867.2740950700327	82.096766	5.1364090000000004	0.0	68.39672667617816	
10307.878173404617	1200.0	7.813973616707786	0.0	594078.0	3327.3804707223258	70.906301	0.0	11.190465000000003	45.51593503586405	
10312.66765248681	1200.0	7.024494534514818	0.0	624282.0	4789.479082192968	73.534048	2.6277469999999994	0.0	60.397441453335624	
10317.226659079366	1200.0	6.465487941959973	0.0	687371.0	4559.006592554845	70.998108	0.0	2.5359399999999965	54.776127730538505	
10323.037899238734	1850.0	4.654247782590984	0.0	821631.0	5811.240159368989	78.494849	7.496741	0.0	66.04957101492738	
10325.699157643547	1200.0	5.992989377777954	0.0	587876.0	2661.2584048130298	72.569044	0.0	5.925804999999997	52.50991222251557	
10328.33229687829	1200.0	7.359850143034417	0.0	617242.0	2633.1392347435376	75.662786	3.0937419999999918	0.0	62.339125264249624	
10331.106452055828	1200.0	8.585694965496334	0.0	581493.0	2774.1551775380826	79.137254	3.4744680000000017	0.0	65.39510155551699	
10334.838897567166	1850.0	8.853249454159783	0.0	987708.0	3732.4455113365498	79.995224	0.8579699999999946	0.0	65.34207530148709	
10337.37947498511	1200.0	10.312672036215842	0.0	586839.0	2540.5774179439422	79.134663	0.0	0.8605609999999899	63.444560336070744	
10340.256863074506	1200.0	11.435283946820073	0.0	601738.0	2877.3880893957685	74.235946	0.0	4.898717000000005	55.01135256729831	
10344.782822114255	1200.0	10.90932490706972	0.0	616206.0	4525.959039750353	68.532883	0.0	5.703063	49.32801204213999	
10348.654414416504	1200.0	11.037732604822247	0.0	656471.0	3871.5923022474726	63.455907	0.0	5.076975999999995	45.69259308258809	
10350.460495803	750.0	13.231651218325828	0.0	343800.0	1806.0813864964198	55.451197	0.0	8.004710000000003	35.8070729127465	
10351.464221709344	300.0	16.2279253119815	0.0	146754.0	1003.7259063443267	25.355956	0.0	30.095241	-13.118648223618564	
10352.490265987451	300.0	19.201881033873455	0.0	153938.0	1026.0442781080465	22.855883	0.0	2.5000730000000004	14.042479268061296	
10353.596351403454	300.0	22.095795617871843	0.0	181901.0	1106.0854160016106	27.469573	4.613690000000002	0.0	21.977141438694208	
10355.513132756621	750.0	24.179014264705987	0.0	277716.0	1916.7813531658564	68.231907	40.76233400000001	0.0	67.27007478642625	
10359.65731144298	750.0	24.03483557834791	0.0	400396.0	4144.178686358078	69.601487	1.3695799999999991	0.0	56.69205323288801	
10365.13045950344	750.0	22.56168751788599	0.0	400508.0	5473.148060461922	67.821489	0.0	1.7799980000000062	52.88789921294314	
10374.312115091625	750.0	17.380031929699797	0.0	358218.0	9181.65558818619	64.789531	0.0	3.031958000000003	48.99180250230414	
10384.14483888301	750.0	11.547308138315504	0.0	400322.0	9832.723791384295	60.651768	0.0	4.137763	44.31426861062449	
10392.901879399627	750.0	6.790267621699404	0.0	369834.0	8757.0405166161	68.369339	7.7175709999999995	0.0	57.54006651746116	
10400.588231292106	750.0	4.0	0.8960842707789279	412837.0	7686.351892478332	49.996929	0.0	18.372409999999995	-5.615835772786188	
10402.755387643248	750.0	5.832843648858213	0.0	401088.0	2167.156351141787	69.915275	19.918345999999993	0.0	62.48480537634975	
10405.773466228497	1200.0	6.814765063610167	0.0	598727.0	3018.078585248046	77.763467	7.848192000000012	0.0	65.53488519734074	
10407.465725112836	750.0	9.122506179270829	0.0	321064.0	1692.258884339337	67.040505	0.0	10.72296200000001	42.738008305810055	
10411.54958501831	750.0	9.038646273794965	0.0	361565.0	4083.8599054758643	66.788635	0.0	0.2518699999999967	53.6345161054191	
10420.361350861896	1200.0	4.226880430209621	0.0	605884.0	8811.765843585345	74.001829	7.213194000000001	0.0	62.15993849268205	
10424.367826507882	1200.0	4.220404784223472	0.0	587506.0	4006.4756459861487	72.886388	0.0	1.1154410000000041	57.88246197348263	
10427.14991225526	750.0	5.4383190368448036	0.0	345516.0	2782.0857473786687	79.583372	6.6969840000000005	0.0	66.73313750009174	
10431.879806029037	1200.0	4.708425263066554	0.0	641452.0	4729.893773778249	75.706383	0.0	3.8769889999999947	57.34071953352638	
10434.885501269891	1200.0	5.702730022211881	0.0	599477.0	3005.695240854673	71.343181	0.0	4.363202000000001	53.129647516624864	
10438.085664777527	1200.0	6.5025665145772145	0.0	634861.0	3200.163507634666	75.003938	3.660757000000004	0.0	61.95010051241022	
10441.113435794205	1200.0	7.474795497899664	0.0	630203.0	3027.771016677551	77.745919	2.7419809999999956	0.0	63.99851811947875	
10445.644656152444	1850.0	6.943575139660074	0.0	982064.0	4531.2203582395905	86.680563	8.934644000000006	0.0	73.41051540585144	
10451.590377692668	2850.0	4.997853599435474	0.0	1231456.0	5945.7215402246	92.485503	5.804939999999988	0.0	77.39416269406718	
10456.629523084795	1850.0	4.0	0.04129179269102951	846370.0	5039.145392126503	92.020773	0.0	0.46472999999998876	73.58876242373773	
