15617.597707779945	750.0	4.0	6.3928079957343495	450283.0	6392.80799573435	64.858346	0.0	0.0	-131.81975992603043	
15621.335694675181	750.0	4.262013104765017	0.0	398865.0	3737.9868952349834	57.017244	0.0	7.841101999999999	37.30694774282116	
15625.01886635756	750.0	4.578841422387129	0.0	350812.0	3683.171682377887	60.430767	3.413523000000005	0.0	49.53439726135709	
15627.776549818263	750.0	5.821157961681282	0.0	382355.0	2757.683460705848	55.551349	0.0	4.879418000000001	39.207823032133746	
15632.574149000287	1200.0	5.023558779657661	0.0	652874.0	4797.59918202362	64.23322	8.681871000000001	0.0	54.32451676193826	
15637.601194901526	1200.0	4.0	0.003487121581554675	520315.0	5027.045901239216	75.14582	10.912599999999998	0.0	64.13068865450882	
15640.167191108081	750.0	5.434003793444773	0.0	352642.0	2565.996206555227	81.00828	5.862459999999999	0.0	67.6912292345531	
15643.36403596181	750.0	6.2371589397176175	0.0	437162.0	3196.8448537271556	69.475262	0.0	11.533017999999998	43.94053818670605	
15646.169969382825	750.0	7.431225518701971	0.0	374758.0	2805.9334210156467	70.789292	1.3140300000000025	0.0	57.681454273815504	
15651.42200748022	1200.0	6.179187421306513	0.0	560821.0	5252.038097395458	76.960357	6.171064999999999	0.0	64.35499430641161	
15653.762786078514	750.0	7.838408823011667	0.0	353220.0	2340.7785982948467	70.008689	0.0	6.951667999999998	49.25310527285025	
15656.82413114494	1200.0	8.77706375658514	0.0	594078.0	3061.3450664265265	70.906301	0.8976119999999952	0.0	57.65646860355332	
15662.445440407773	1200.0	7.1557544937517275	0.0	624282.0	5621.309262833412	73.534048	2.6277469999999994	0.0	60.397441453335624	
15669.687786396747	1200.0	4.0	0.08659149522170537	687371.0	7242.345988973433	70.998108	0.0	2.5359399999999965	52.28264652603045	
15673.228387420795	1200.0	4.459398975951076	0.0	526950.0	3540.601024048924	67.735752	0.0	3.262355999999997	51.24250829039699	
15676.994389345416	1200.0	4.693397051330325	0.0	587876.0	3766.001924620751	72.569044	4.833292	0.0	60.237368188531434	
15681.65501936834	1200.0	4.032767028407469	0.0	617242.0	4660.6300229228555	75.662786	3.0937419999999918	0.0	62.339125264249624	
15684.635753337938	750.0	5.052033058808476	0.0	372963.0	2980.7339695989926	69.564049	0.0	6.098737	49.78149799493421	
15688.859687106582	1200.0	4.8280992901652935	0.0	639204.0	4223.933768643183	72.000653	2.4366040000000027	0.0	59.041852363208044	
15691.474864963344	750.0	6.212921433403104	0.0	350713.0	2615.1778567621895	67.172129	0.0	4.828524000000002	49.10347287348152	
15694.063868803667	750.0	7.623917593080402	0.0	386472.0	2589.0038403227018	62.777649	0.0	4.3944800000000015	45.8423031210838	
15697.608601538812	1200.0	8.079184857934411	0.0	616206.0	3544.7327351459917	68.532883	5.7552340000000015	0.0	57.09385149382384	
15701.337515476553	1200.0	8.35027092019503	0.0	656471.0	3728.913937739381	63.455907	0.0	5.076975999999995	45.69259308258809	
15703.838716800536	1200.0	9.849069596212138	0.0	536667.0	2501.201323982892	68.420849	4.964942000000001	0.0	56.763485235890926	
15706.728302342155	750.0	10.959484054591066	0.0	359903.0	2889.5855416210716	66.786337	0.0	1.6345120000000009	52.16558832707676	
15711.188141569426	750.0	10.499644827320267	0.0	379700.0	4459.839227270799	66.676537	0.0	0.109800000000007	53.69031629537219	
15716.103311656301	750.0	9.584474740445353	0.0	425781.0	4915.170086874914	65.665965	0.0	1.0105719999999963	51.87874368281537	
15718.634635334622	750.0	11.053151062125991	0.0	277716.0	2531.323678319362	68.231907	2.565942000000007	0.0	55.88863627581473	
15721.5138567506	750.0	12.173929646148947	0.0	400396.0	2879.221415977045	69.601487	1.3695799999999991	0.0	56.69205323288801	
15723.752148774796	750.0	13.935637621952427	0.0	400508.0	2238.2920241965207	67.821489	0.0	1.7799980000000062	52.88789921294314	
15726.3541878683	750.0	15.33359852844953	0.0	358218.0	2602.039093502898	64.789531	0.0	3.031958000000003	48.99180250230414	
15729.310186575645	750.0	16.377599821104102	0.0	400322.0	2955.998707345428	60.651768	0.0	4.137763	44.31426861062449	
15732.218648154752	750.0	17.46913824199792	0.0	369834.0	2908.461579106181	68.369339	7.7175709999999995	0.0	57.54006651746116	
15738.903272349577	1200.0	14.784514047172026	0.0	670129.0	6684.624194825893	62.28877	0.0	6.080568999999997	43.639332434497476	
15748.890351879461	750.0	8.797434517288485	0.0	401088.0	9987.079529883542	69.915275	7.6265049999999945	0.0	58.822186338307795	
15756.43656615252	750.0	5.251220244228418	0.0	365161.0	7546.214273060066	60.276519	0.0	9.638755999999994	38.15992246287269	
15759.403101067586	750.0	6.284685329162481	0.0	321064.0	2966.5349150659363	67.040505	6.763985999999996	0.0	56.13053433110116	
15764.48617485721	1200.0	5.201611539538947	0.0	575591.0	5083.073789623534	77.292461	10.251956000000007	0.0	65.85224300678595	
15769.220869373	1200.0	4.466917023745592	0.0	605884.0	4734.694515793355	74.001829	0.0	3.290632000000002	56.519254990333565	
15773.46671316832	1200.0	4.221073228427142	0.0	587506.0	4245.84379531845	72.886388	0.0	1.1154410000000041	57.88246197348263	
15775.559342597042	750.0	6.128443799706069	0.0	345516.0	2092.629428721072	79.583372	6.6969840000000005	0.0	66.73313750009174	
15778.581401166826	1200.0	7.106385229920359	0.0	641452.0	3022.0585697857105	75.706383	0.0	3.8769889999999947	57.34071953352638	
15781.578062561328	1200.0	8.109723835419214	0.0	599477.0	2996.6613945011445	71.343181	0.0	4.363202000000001	53.129647516624864	
15784.827718026861	1200.0	8.860068369885541	0.0	634861.0	3249.6554655336736	75.003938	3.660757000000004	0.0	61.95010051241022	
15789.124238549597	1200.0	8.563547847150149	0.0	630203.0	4296.520522735392	77.745919	2.7419809999999956	0.0	63.99851811947875	
15793.660130048562	1200.0	8.027656348185863	0.0	638661.0	4535.891498964286	77.309224	0.0	0.4366950000000003	62.348315386019244	
15799.851549437306	1850.0	5.836236959441211	0.0	830730.0	6191.419388744651	84.040637	6.731413000000003	0.0	70.51825899442247	
15803.692940795312	1200.0	5.994845601436799	0.0	550906.0	3841.3913580044123	86.366143	2.32550599999999	0.0	71.17489760187416	
