22959.528433339805	750.0	4.0	12.266701258043659	450283.0	12266.701258043659	64.858346	0.0	0.0	-300.96388209824426	
22964.160353870066	300.0	4.0	0.6319205302601922	155580.0	4631.920530260192	18.412623	0.0	46.445723	-54.54353642054842	
22967.208185536394	300.0	4.952168333667658	0.0	139857.0	3047.8316663323417	17.596212	0.0	0.8164109999999987	11.374421591985136	
22970.477661973633	300.0	5.682691896429397	0.0	155432.0	3269.4764372382615	19.997309	2.401097	0.0	14.989583049748727	
22973.83493739444	300.0	6.325416475623024	0.0	163442.0	3357.275420806372	16.877619	0.0	3.119690000000002	8.322067973538104	
22978.60553939424	750.0	5.554814475823801	0.0	318564.0	4770.6019997992225	62.986308	46.108689	0.0	64.42063296283115	
22982.78980915378	750.0	5.370544716283944	0.0	352642.0	4184.269759539858	81.00828	18.021971999999998	0.0	71.31441799403183	
22984.66502708738	300.0	7.495326782685734	0.0	173849.0	1875.2179335982094	35.451274	0.0	45.557006	-20.973827497774316	
22988.518200841074	750.0	7.642153028992683	0.0	374758.0	3853.173753693051	70.789292	35.338018000000005	0.0	67.81963505559679	
22992.142437178256	750.0	8.017916691810523	0.0	362795.0	3624.236337182159	64.786022	0.0	6.0032700000000006	45.836272051926805	
22996.405776624346	750.0	7.754577245718572	0.0	353220.0	4263.339446091952	70.008689	5.222667000000001	0.0	58.18502339881593	
23001.26023486218	750.0	6.900119007882536	0.0	405134.0	4854.4582378360365	59.00323	0.0	11.005459000000002	35.63150226952917	
23006.700133035178	750.0	5.460220834883684	0.0	386351.0	5439.898172998852	59.358241	0.3550109999999975	0.0	47.71472422025977	
23011.29769013906	750.0	4.8626637310013425	0.0	434409.0	4597.557103882341	56.692976	0.0	2.665264999999998	42.523882025230556	
23015.13745734955	750.0	5.022896520513574	0.0	337059.0	3839.7672104877697	54.76216	0.0	1.930816	41.66792139000558	
23019.63578844006	750.0	4.5245654300050155	0.0	366214.0	4498.331090508558	58.858709	4.096548999999996	0.0	48.406541934633836	
23025.23798435016	750.0	4.0	1.0776304800944263	360831.0	5602.195910099442	60.531124	1.6724150000000009	0.0	18.06923497995134	
23028.078645413778	750.0	5.159338936379389	0.0	372963.0	2840.6610636206105	69.564049	9.032924999999999	0.0	58.9438058139744	
23032.69513757272	1200.0	4.542846777440333	0.0	639204.0	4616.492158939056	72.000653	2.4366040000000027	0.0	59.041852363208044	
23035.160607251895	750.0	6.077377098263063	0.0	350713.0	2465.46967917727	67.172129	0.0	4.828524000000002	49.10347287348152	
23037.842151478144	750.0	7.395832872011174	0.0	386472.0	2681.544226251889	62.777649	0.0	4.3944800000000015	45.8423031210838	
23042.395426892548	1200.0	6.8425574576068	0.0	616206.0	4553.275414404374	68.532883	5.7552340000000015	0.0	57.09385149382384	
23046.64940553926	1200.0	6.588578810892554	0.0	656471.0	4253.978646714246	63.455907	0.0	5.076975999999995	45.69259308258809	
23050.402790559485	1200.0	6.83519379066854	0.0	536667.0	3753.385020224014	68.420849	4.964942000000001	0.0	56.763485235890926	
23054.737167940362	1200.0	6.500816409791365	0.0	587236.0	4334.377380877175	78.698824	10.277974999999998	0.0	67.05104630050491	
23058.17287706773	1200.0	7.065107282424989	0.0	590335.0	3435.709127366376	79.644231	0.945407000000003	0.0	65.07087268298653	
23062.683215550907	1200.0	6.554768799248019	0.0	696376.0	4510.338483176971	80.745588	1.101356999999993	0.0	66.05008180256124	
23065.751395683605	1200.0	7.486588666551446	0.0	487160.0	3068.180132696572	80.893459	0.14787099999999498	0.0	65.89120220426116	
23068.289292341746	750.0	8.948692008409536	0.0	400396.0	2537.896658141911	69.601487	0.0	11.291971999999987	44.303187811671584	
23071.132963733005	750.0	10.105020617148785	0.0	400508.0	2843.6713912607524	67.821489	0.0	1.7799980000000062	52.88789921294314	
23073.652151824666	750.0	11.585832525485483	0.0	358218.0	2519.1880916633017	64.789531	0.0	3.031958000000003	48.99180250230414	
23077.944405275528	1200.0	11.293579074627242	0.0	620283.0	4292.2534508582385	72.909556	8.120024999999998	0.0	61.5051011352081	
23081.43089218924	750.0	11.80709216091298	0.0	369834.0	3486.4869137142628	68.369339	0.0	4.540216999999998	50.42328474062561	
23086.375435868773	1200.0	10.862548481381312	0.0	670129.0	4944.543679531668	62.28877	0.0	6.080568999999997	43.639332434497476	
23091.764824237678	750.0	9.473160112478018	0.0	401088.0	5389.388368903296	69.915275	7.6265049999999945	0.0	58.822186338307795	
23097.51140145211	1200.0	7.726582898048667	0.0	598727.0	5746.5772144293505	77.763467	7.848192000000012	0.0	65.53488519734074	
23099.2469870123	750.0	9.990997337859707	0.0	321064.0	1735.5855601889605	67.040505	0.0	10.72296200000001	42.738008305810055	
23101.54695137966	750.0	11.691032970497751	0.0	361565.0	2299.964367361953	66.788635	0.0	0.2518699999999967	53.6345161054191	
23103.76149905877	750.0	13.476485291388135	0.0	378327.0	2214.547679109617	62.32333	0.0	4.465305000000001	45.38239461526515	
23105.88497484755	750.0	15.353009502610284	0.0	390680.0	2123.47578877785	61.525566	0.0	0.7977640000000008	48.59802426280343	
23108.945271765246	750.0	16.2927125849153	0.0	345516.0	3060.296917694983	79.583372	18.057806	0.0	70.11833935431406	
23115.253721461286	750.0	13.98426288887587	0.0	384505.0	6308.449696039432	64.443828	0.0	15.139544	35.852891186903015	
23122.187350453405	750.0	11.0506338967546	0.0	372093.0	6933.628992121271	58.879512	0.0	5.564315999999998	41.299771933747785	
23128.66545088679	750.0	8.572533463369625	0.0	438281.0	6478.100433384975	62.327504	3.4479919999999993	0.0	51.15101669476942	
23131.91526413993	750.0	9.322720210229077	0.0	398987.0	3249.8132531405477	63.729239	1.4017350000000022	0.0	51.728421217727	
23140.76228566536	1200.0	4.475698684797322	0.0	638661.0	8847.021525431755	77.309224	13.579985	0.0	66.8580976027805	
23144.17238174854	1200.0	5.065602601620187	0.0	538612.0	3410.096083177136	74.51099	0.0	2.7982339999999937	57.47289772290094	
23147.778373412748	1200.0	5.459610937411784	0.0	550906.0	3605.9916642084027	86.366143	11.855152999999987	0.0	74.01446138471348	
