13140.033145625963	750.0	4.0	3.5013497766476167	450283.0	3501.3497766476166	64.858346	0.0	0.0	-48.55757921817399	
13142.922520118256	1200.0	5.1106255077039915	0.0	611087.0	2889.3744922960086	69.839987	4.981640999999996	0.0	57.97033059622316	
13145.477986487062	1200.0	6.555159138900611	0.0	571051.0	2555.4663688033806	73.587374	3.7473870000000034	0.0	60.77622417883262	
13149.150837240222	1850.0	6.882308385739265	0.0	933276.0	3672.8507531613454	78.955826	5.368452000000005	0.0	65.80580334984123	
13153.40024325243	1850.0	6.632902373531579	0.0	996749.0	4249.406012207686	75.455188	0.0	3.500637999999995	57.52729019743525	
13156.618927353913	1200.0	7.414218272048887	0.0	520315.0	3218.684101482691	75.14582	0.0	0.3093680000000063	60.65121996179534	
13159.251428109981	750.0	8.78171751598043	0.0	352642.0	2632.5007560684567	81.00828	5.862459999999999	0.0	67.6912292345531	
13163.934846692964	1200.0	8.098298932997036	0.0	709534.0	4683.418582983394	82.426144	1.4178639999999945	0.0	67.56765661211375	
13168.205097943677	1200.0	7.828047682284799	0.0	584846.0	4270.2512507122365	82.430225	0.004080999999999335	0.0	67.14984568949134	
13171.694551362178	1200.0	8.338594263784383	0.0	560821.0	3489.453418500416	76.960357	0.0	5.469867999999991	56.71266867445105	
13173.795207482772	750.0	10.237938143190455	0.0	353220.0	2100.6561205939292	70.008689	0.0	6.951667999999998	49.25310527285025	
13177.07007526601	1200.0	10.963070359950992	0.0	594078.0	3274.867783239463	70.906301	0.8976119999999952	0.0	57.65646860355332	
13179.730065894468	750.0	12.303079731493956	0.0	386351.0	2659.990628457037	59.358241	0.0	11.54806	35.356462428080405	
13184.70543338764	750.0	11.32771223832042	0.0	434409.0	4975.367493173536	56.692976	0.0	2.665264999999998	42.523882025230556	
13190.049969780875	1200.0	9.983175845086667	0.0	526950.0	5344.536393233751	67.735752	11.042776000000003	0.0	57.99429751138527	
13196.756467759093	1200.0	7.276677866869425	0.0	587876.0	6706.497978217242	72.569044	4.833292	0.0	60.237368188531434	
13204.061048449237	1200.0	4.0	0.02790282327391742	617242.0	7304.5806901433425	75.662786	3.0937419999999918	0.0	61.53563797940617	
13206.543210536456	750.0	5.517837912780522	0.0	372963.0	2482.1620872194776	69.564049	0.0	6.098737	49.78149799493421	
13209.86465155048	1200.0	6.196396898755752	0.0	639204.0	3321.44101402477	72.000653	2.4366040000000027	0.0	59.041852363208044	
13211.557042012011	750.0	8.504006437225726	0.0	350713.0	1692.390461530025	67.172129	0.0	4.828524000000002	49.10347287348152	
13214.827331541215	1200.0	9.233716908020813	0.0	601738.0	3270.289529204913	74.235946	7.063817	0.0	62.31370233979262	
13217.494940843771	1200.0	10.566107605465419	0.0	616206.0	2667.609302555395	68.532883	0.0	5.703063	49.32801204213999	
13221.888789914678	1200.0	10.172258534560104	0.0	656471.0	4393.849070905314	63.455907	0.0	5.076975999999995	45.69259308258809	
13230.78219139146	1850.0	5.278857057778529	0.0	874175.0	8893.401476781575	80.700778	17.244870999999996	0.0	70.82244021473207	
13234.357708929641	1200.0	5.703339519595437	0.0	587236.0	3575.5175381830923	78.698824	0.0	2.001953999999998	61.86443112432193	
13237.415760456943	1200.0	6.645287992294521	0.0	590335.0	3058.0515273009146	79.644231	0.945407000000003	0.0	65.07087268298653	
13241.559498899634	1200.0	6.5015495496015445	0.0	696376.0	4143.738442692977	80.745588	1.101356999999993	0.0	66.05008180256124	
13245.455881197886	1850.0	6.605167251349805	0.0	758197.0	3896.382298251739	87.50057	6.754981999999998	0.0	73.45550294974643	
13248.793359441637	1850.0	7.267689007598267	0.0	972798.0	3337.478243751539	88.832031	1.3314610000000044	0.0	72.96706372219077	
13252.39419040449	1850.0	7.666858044747449	0.0	975811.0	3600.8309628508177	89.334885	0.5028539999999992	0.0	73.14603000751325	
13256.445186099627	1850.0	7.615862349610288	0.0	873429.0	4050.9956951371605	87.120667	0.0	2.2142180000000025	68.77168736090755	
13260.449171420569	1850.0	7.611877028667902	0.0	954453.0	4003.9853209423864	83.67714	0.0	3.443527000000003	64.551065096847	
13262.844506579453	1200.0	9.216541869784134	0.0	584349.0	2395.335158883767	79.771897	0.0	3.9052429999999987	60.75383035011878	
13271.118858275475	4300.0	4.9421901737628	0.0	2286761.0	8274.351696021335	99.974277	20.202380000000005	0.0	88.02644128912502	
13274.943481304694	1850.0	5.117567144544442	0.0	1026056.0	3824.6230292183573	97.037422	0.0	2.936854999999994	76.40348103841788	
13278.468701434942	1850.0	5.592347014296902	0.0	943942.0	3525.2201302475405	90.168439	0.0	6.868983	66.4141484151412	
13280.902271613522	1850.0	7.158776835717285	0.0	728962.0	2433.5701785796164	86.066994	0.0	4.101445000000012	65.87698482373372	
13283.835409928086	1850.0	8.225638521153984	0.0	938587.0	2933.1383145633013	86.593761	0.5267670000000066	0.0	70.83169447059112	
13288.953544672495	2850.0	7.10750377674467	0.0	1427478.0	5118.1347444093135	90.92969	4.335928999999993	0.0	75.63881945364574	
13294.195783467578	2850.0	5.865264981661311	0.0	1402287.0	5242.238795083359	91.34334	0.41365000000000407	0.0	74.82041250127551	
13297.183751179376	1850.0	6.877297269862139	0.0	858450.0	2987.967711799171	92.068418	0.7250779999999963	0.0	75.52727854404898	
13301.708652110447	2850.0	6.352396338792624	0.0	1527299.0	4524.9009310695155	92.902955	0.8345370000000116	0.0	76.26666451632573	
13305.776257649153	2850.0	6.284790800085892	0.0	1343002.0	4067.605538706732	87.659279	0.0	5.243676000000008	66.01358694146828	
13309.369417715647	1850.0	6.691630733593001	0.0	973972.0	3593.1600664928897	84.84845	0.0	2.8108289999999982	66.21434068733927	
13312.438107660306	1850.0	7.6229407889321195	0.0	958994.0	3068.689944660882	87.119023	2.270572999999999	0.0	71.79614403033668	
13317.18123661603	2850.0	6.879811833207478	0.0	1483527.0	4743.128955724641	95.602302	8.483278999999996	0.0	80.83185204568494	
13323.235730854065	2850.0	4.825317595174296	0.0	1231456.0	6054.494238033182	92.485503	0.0	3.1167990000000003	72.35753544954366	
13327.888869319386	2850.0	4.172179129853529	0.0	1364537.0	4653.138465320767	97.895096	5.409593000000001	0.0	81.85775079398817	
