19477.810648521074	750.0	4.0	5.558065529459364	450283.0	5558.065529459364	64.858346	0.0	0.0	-107.78258808909413	
19480.61836765292	300.0	5.192280868151962	0.0	155580.0	2807.719131848038	18.412623	0.0	46.445723	-36.3468075049402	
19482.00389998754	300.0	7.8067485335352504	0.0	139857.0	1385.5323346167118	17.596212	0.0	0.8164109999999987	11.374421591985136	
19486.51977295177	750.0	7.290875569305878	0.0	382355.0	4515.872964229373	55.551349	37.955137	0.0	55.69443139829513	
19492.414617807146	750.0	5.396030713929775	0.0	411561.0	5894.844855376102	51.003805	0.0	4.547544000000002	35.708620955217725	
19497.26836989608	750.0	4.542278624995148	0.0	318564.0	4853.752088934628	62.986308	11.982503000000001	0.0	54.252000083560986	
19499.833085252292	750.0	5.9775632687816955	0.0	352642.0	2564.7153562134527	81.00828	18.021971999999998	0.0	71.31441799403183	
19504.980317235877	1200.0	4.8303312851973494	0.0	709534.0	5147.2319835843455	82.426144	1.4178639999999945	0.0	67.56765661211375	
19509.104413343714	1200.0	4.70623517735896	0.0	584846.0	4124.09610783839	82.430225	0.004080999999999335	0.0	67.14984568949134	
19512.95347665697	1200.0	4.857171864102875	0.0	560821.0	3849.063313256085	76.960357	0.0	5.469867999999991	56.71266867445105	
19515.992025032006	750.0	5.818623489064694	0.0	353220.0	3038.5483750381813	70.008689	0.0	6.951667999999998	49.25310527285025	
19520.075127123095	1200.0	5.7355213979773785	0.0	594078.0	4083.102091087315	70.906301	0.8976119999999952	0.0	57.65646860355332	
19523.054118961027	750.0	6.756529560048973	0.0	386351.0	2978.9918379284063	59.358241	0.0	11.54806	35.356462428080405	
19526.449150169472	750.0	7.361498351602495	0.0	434409.0	3395.031208446477	56.692976	0.0	2.665264999999998	42.523882025230556	
19530.657108177085	1200.0	7.153540343990943	0.0	526950.0	4207.958007611552	67.735752	11.042776000000003	0.0	57.99429751138527	
19536.302018745875	1200.0	5.508629775197914	0.0	587876.0	5644.91056879303	72.569044	4.833292	0.0	60.237368188531434	
19541.82014695065	750.0	4.0	0.00949842957520559	360831.0	5518.128204773119	60.531124	0.0	12.037920000000007	35.556521468250004	
19545.18649594231	750.0	4.633651008341085	0.0	372963.0	3366.3489916589156	69.564049	9.032924999999999	0.0	58.9438058139744	
19548.396359989172	750.0	5.423786961478061	0.0	405596.0	3209.864046863024	60.564875	0.0	8.999173999999996	39.08272725573663	
19550.639471403363	750.0	7.180675547286899	0.0	350713.0	2243.111414191162	67.172129	6.6072539999999975	0.0	56.195305162945644	
19553.39525670081	750.0	8.424890249840454	0.0	386472.0	2755.7852974464454	62.777649	0.0	4.3944800000000015	45.8423031210838	
19557.144751536136	750.0	8.675395414516721	0.0	399894.0	3749.494835323732	55.443233	0.0	7.334415999999997	36.51150936895389	
19563.546963231645	1200.0	6.273183719005939	0.0	656471.0	6402.211695510782	63.455907	8.012674000000004	0.0	53.466807853156645	
19569.199049778617	1200.0	4.621097172033249	0.0	536667.0	5652.08654697269	68.420849	4.964942000000001	0.0	56.763485235890926	
19572.22624624376	750.0	5.593900706890021	0.0	359903.0	3027.196465143228	66.786337	0.0	1.6345120000000009	52.16558832707676	
19575.90446764699	750.0	5.915679303658311	0.0	379700.0	3678.2214032317097	66.676537	0.0	0.109800000000007	53.69031629537219	
19580.12589905245	750.0	5.6942478981946065	0.0	425781.0	4221.431405463704	65.665965	0.0	1.0105719999999963	51.87874368281537	
19582.512815444767	750.0	7.3073315058783574	0.0	277716.0	2386.91639231625	68.231907	2.565942000000007	0.0	55.88863627581473	
19583.921114024743	300.0	9.899032925900745	0.0	153605.0	1408.2985799776136	28.256686	0.0	39.975221000000005	-21.14466441143817	
19588.353520954537	750.0	9.466625996105039	0.0	400508.0	4432.406929795707	67.821489	39.564803	0.0	66.5656611505481	
19592.947065962486	750.0	8.873080988156207	0.0	358218.0	4593.545007948831	64.789531	0.0	3.031958000000003	48.99180250230414	
19599.997482759627	750.0	5.8226641910124926	0.0	400322.0	7050.416797143715	60.651768	0.0	4.137763	44.31426861062449	
19605.222282802304	750.0	4.597864148338569	0.0	369834.0	5224.800042673924	68.369339	7.7175709999999995	0.0	57.54006651746116	
19609.33723946264	750.0	4.482907488000677	0.0	412837.0	4114.956660337892	49.996929	0.0	18.372409999999995	20.187729359352712	
19613.759051654277	750.0	4.06109529636659	0.0	401088.0	4421.812191634088	69.915275	19.918345999999993	0.0	62.48480537634975	
19617.787193415148	750.0	4.03295353549671	0.0	365161.0	4028.14176086988	60.276519	0.0	9.638755999999994	38.15992246287269	
19621.047407136135	750.0	4.772739814509856	0.0	321064.0	3260.2137209868533	67.040505	6.763985999999996	0.0	56.13053433110116	
19625.51351375343	750.0	4.306633197214636	0.0	361565.0	4466.10661729522	66.788635	0.0	0.2518699999999967	53.6345161054191	
19630.032302672542	750.0	4.0	0.2121557219006272	378327.0	4518.7889191152635	62.32333	0.0	4.465305000000001	39.27317680312775	
19634.81786630524	750.0	4.0	0.7855636326978119	390680.0	4785.563632697812	61.525566	0.0	0.7977640000000008	25.977001862602734	
19637.495711668264	750.0	5.3221546369767365	0.0	345516.0	2677.845363023264	79.583372	18.057806	0.0	70.11833935431406	
19640.349803759764	750.0	6.468062545476678	0.0	384505.0	2854.0920915000593	64.443828	0.0	15.139544	35.852891186903015	
19644.972953760007	750.0	5.844912545234891	0.0	372093.0	4623.150000241787	58.879512	0.0	5.564315999999998	41.299771933747785	
19649.491146446882	750.0	5.3267198583582855	0.0	438281.0	4518.192686876605	62.327504	3.4479919999999993	0.0	51.15101669476942	
19652.919823755466	750.0	5.898042549777919	0.0	398987.0	3428.6773085803666	63.729239	1.4017350000000022	0.0	51.728421217727	
19657.39263988032	1200.0	5.4252264249253415	0.0	638661.0	4472.8161248525785	77.309224	13.579985	0.0	66.8580976027805	
19662.58078233191	1850.0	4.237083973331795	0.0	830730.0	5188.142451593546	84.040637	6.731413000000003	0.0	70.51825899442247	
19666.517477362606	1200.0	4.300388942636966	0.0	550906.0	3936.695030694829	86.366143	2.32550599999999	0.0	71.17489760187416	
