21599.580678365004	750.0	4.0	3.383176362969059	450283.0	3383.176362969059	64.858346	0.0	0.0	-45.15466782225	
21605.18538660877	750.0	4.0	1.6047082437637228	398865.0	5604.708243763723	57.017244	0.0	7.841101999999999	-8.902092005241744	
21607.900122819305	750.0	5.285263789462408	0.0	350812.0	2714.7362105375923	60.430767	3.413523000000005	0.0	49.53439726135709	
21610.532464872595	750.0	6.652921736170149	0.0	382355.0	2632.3420532922587	55.551349	0.0	4.879418000000001	39.207823032133746	
21613.83251522494	750.0	7.35287138382561	0.0	411561.0	3300.050352344539	51.003805	0.0	4.547544000000002	35.708620955217725	
21616.416975117692	750.0	8.768411491075703	0.0	318564.0	2584.459892749907	62.986308	11.982503000000001	0.0	54.252000083560986	
21619.480758428446	750.0	9.704628180319153	0.0	352642.0	3063.7833107565516	81.00828	18.021971999999998	0.0	71.31441799403183	
21628.56532947911	1200.0	4.620057129654835	0.0	709534.0	9084.571050664317	82.426144	1.4178639999999945	0.0	67.56765661211375	
21631.74005174925	750.0	5.445334859516744	0.0	374758.0	3174.7222701380915	70.789292	0.0	11.63685199999999	44.94322388247148	
21635.616016219803	1200.0	5.569370388963587	0.0	560821.0	3875.964470553156	76.960357	6.171064999999999	0.0	64.35499430641161	
21639.577994965395	1200.0	5.607391643367797	0.0	607410.0	3961.97874559579	82.096766	5.1364090000000004	0.0	68.39672667617816	
21644.297643555572	1200.0	4.887743053195677	0.0	594078.0	4719.64859017212	70.906301	0.0	11.190465000000003	45.51593503586405	
21648.8560873867	1200.0	4.329299222068231	0.0	624282.0	4558.443831127446	73.534048	2.6277469999999994	0.0	60.397441453335624	
21653.183183367295	1200.0	4.002203241472272	0.0	687371.0	4327.095980595958	70.998108	0.0	2.5359399999999965	54.776127730538505	
21656.801187408582	1200.0	4.3841992001836	0.0	526950.0	3618.004041288673	67.735752	0.0	3.262355999999997	51.24250829039699	
21660.741794845417	1200.0	4.443591763348516	0.0	587876.0	3940.6074368350837	72.569044	4.833292	0.0	60.237368188531434	
21665.01279187195	1200.0	4.172594736816246	0.0	617242.0	4270.99702653227	75.662786	3.0937419999999918	0.0	62.339125264249624	
21667.73450055188	750.0	5.450886056886066	0.0	372963.0	2721.7086799301796	69.564049	0.0	6.098737	49.78149799493421	
21672.51324607638	1200.0	4.672140532384079	0.0	639204.0	4778.745524501987	72.000653	2.4366040000000027	0.0	59.041852363208044	
21674.919432078692	750.0	6.265954530073186	0.0	350713.0	2406.1860023108934	67.172129	0.0	4.828524000000002	49.10347287348152	
21679.81751677818	750.0	5.367869830584613	0.0	386472.0	4898.084699488572	62.777649	0.0	4.3944800000000015	45.8423031210838	
21683.82606274671	750.0	5.359323862055773	0.0	399894.0	4008.545968528841	55.443233	0.0	7.334415999999997	36.51150936895389	
21687.97671441593	750.0	5.208672192837017	0.0	401853.0	4150.651669218756	47.960406	0.0	7.482827	30.016831048248612	
21692.28197073269	750.0	4.903415876080092	0.0	343800.0	4305.256316756925	55.451197	7.4907910000000015	0.0	46.53210385732817	
21694.912784607386	750.0	6.272602001386149	0.0	359903.0	2630.8138746939435	66.786337	11.335140000000003	0.0	57.277353060696605	
21697.56915198892	750.0	7.616234619850806	0.0	379700.0	2656.367381535343	66.676537	0.0	0.109800000000007	53.69031629537219	
21701.041782986	750.0	8.143603622771964	0.0	425781.0	3472.63099707884	65.665965	0.0	1.0105719999999963	51.87874368281537	
21703.362844669817	750.0	9.82254193895824	0.0	277716.0	2321.0616838137253	68.231907	2.565942000000007	0.0	55.88863627581473	
21706.766991871304	750.0	10.418394737468887	0.0	400396.0	3404.1472014893525	69.601487	1.3695799999999991	0.0	56.69205323288801	
21712.228294668585	750.0	8.957091940189596	0.0	400508.0	5461.302797279291	67.821489	0.0	1.7799980000000062	52.88789921294314	
21716.589360437563	750.0	8.59602617120837	0.0	358218.0	4361.065768981225	64.789531	0.0	3.031958000000003	48.99180250230414	
21720.899954405748	1200.0	8.285432203025062	0.0	620283.0	4310.593968183308	72.909556	8.120024999999998	0.0	61.5051011352081	
21724.708272711265	1200.0	8.477113897507152	0.0	584349.0	3808.3183055179106	79.771897	6.862341000000001	0.0	66.94207121321617	
21729.823498384307	1200.0	7.3618882244643356	0.0	670129.0	5115.225673042816	62.28877	0.0	17.483126999999996	31.541231281388015	
21733.290039846735	750.0	7.8953467620348325	0.0	401088.0	3466.5414624295026	69.915275	7.6265049999999945	0.0	58.822186338307795	
21736.815223489775	1200.0	8.370163118997317	0.0	598727.0	3525.183643037518	77.763467	7.848192000000012	0.0	65.53488519734074	
21740.19672051991	1200.0	8.988666088861999	0.0	487812.0	3381.497030135318	77.846693	0.08322599999999625	0.0	63.29163035592236	
21744.075473364115	1200.0	9.109913244658221	0.0	575591.0	3878.7528442037787	77.292461	0.0	0.554231999999999	62.20941215869677	
21748.107969256595	1200.0	9.077417352178855	0.0	605884.0	4032.495892479365	74.001829	0.0	3.290632000000002	56.519254990333565	
21752.247062815008	1200.0	8.938323793767845	0.0	587506.0	4139.093558411012	72.886388	0.0	1.1154410000000041	57.88246197348263	
21754.703845425534	750.0	10.481541183239013	0.0	345516.0	2456.7826105288314	79.583372	6.6969840000000005	0.0	66.73313750009174	
21759.55191173963	1200.0	9.633474869145346	0.0	641452.0	4848.066314093668	75.706383	0.0	3.8769889999999947	57.34071953352638	
21765.654089514974	1200.0	7.531297093800168	0.0	599477.0	6102.177775345178	71.343181	0.0	4.363202000000001	53.129647516624864	
21770.091758840917	750.0	7.093627767855484	0.0	438281.0	4437.669325944685	62.327504	0.0	9.015677000000004	40.55799003037691	
21774.33623418438	750.0	6.849152424396444	0.0	398987.0	4244.475343459039	63.729239	1.4017350000000022	0.0	51.728421217727	
21780.630281895435	1200.0	4.555104713336901	0.0	638661.0	6294.047711059543	77.309224	13.579985	0.0	66.8580976027805	
21784.51795663183	1200.0	4.667429976944566	0.0	538612.0	3887.674736392335	74.51099	0.0	2.7982339999999937	57.47289772290094	
21788.9154272359	1200.0	4.269959372871346	0.0	550906.0	4397.47060407322	86.366143	11.855152999999987	0.0	74.01446138471348	
