1329.7436844409515	750.0	4.0	0.848125509873515	450283.0	848.1255098735149	64.858346	0.0	0.0	27.844437210889478	
1332.5008770002491	2850.0	5.242807440702372	0.0	1431809.0	2757.1925592976277	90.683379	25.825033000000005	0.0	81.83336023868588	
1336.7613965295661	4300.0	4.982287911385554	0.0	2177073.0	4260.519529316818	99.974276	9.290897000000001	0.0	84.77512883080041	
1340.8442892050537	4300.0	4.8993952358980515	0.0	2160877.0	4082.8926754875024	99.974277	9.999999974752427e-07	0.0	82.00670690278375	
1344.9843018159027	4300.0	4.759382625048962	0.0	2233056.0	4140.0126108490895	99.974278	9.999999974752427e-07	0.0	82.00670774968486	
1348.5395494939553	4300.0	5.20413494699631	0.0	1941625.0	3555.247678052652	99.966631	0.0	0.007646999999991522	81.99211774064273	
1352.5626559942102	4300.0	5.181028446741313	0.0	2157535.0	4023.1065002549967	99.974271	0.007639999999994984	0.0	82.008978026124	
1355.856926637209	2850.0	5.88675780374243	0.0	1638769.0	3294.270642998883	97.908255	0.0	2.0660160000000047	78.06494965898608	
1359.9657855948315	4300.0	5.77789884612003	0.0	2055469.0	4108.8589576224	99.974277	2.066022000000004	0.0	82.62232240314651	
1363.8118732312564	4300.0	5.931811209695008	0.0	2169201.0	3846.0876364250216	99.974277	0.0	0.0	82.0067066048122	
1368.0759245716033	4300.0	5.667759869348055	0.0	2173522.0	4264.051340346953	99.974276	0.0	9.999999974752427e-07	82.00670469691224	
1372.0852715236822	4300.0	5.6584129172692075	0.0	2102452.0	4009.3469520788476	99.974279	2.999999992425728e-06	0.0	82.00670919252909	
1376.318916512562	4300.0	5.424767928389401	0.0	2209463.0	4233.644988879806	99.974276	0.0	2.999999992425728e-06	82.0067025749145	
1381.0244830515844	4300.0	4.719201389366982	0.0	2275376.0	4705.566539022419	99.974278	1.9999999949504854e-06	0.0	82.00670804765642	
1384.6663453480653	4300.0	5.077339092885975	0.0	2005399.0	3641.8622964810074	99.974278	0.0	0.0	82.00670745171331	
1388.731462443071	4300.0	5.01222199788025	0.0	2152483.0	4065.1170950057244	99.974277	0.0	9.999999974752427e-07	82.00670554381333	
1392.966343911466	4300.0	4.777340529484972	0.0	2289689.0	4234.881468395278	99.974278	9.999999974752427e-07	0.0	82.00670774968486	
1396.7471671822977	4300.0	4.996517258653488	0.0	2059512.0	3780.823270831483	99.974277	0.0	9.999999974752427e-07	82.00670554381333	
1400.6201975815763	4300.0	5.123486859374813	0.0	2220726.0	3873.0303992786758	99.974277	0.0	0.0	82.0067066048122	
1404.7315263236012	4300.0	5.012158117350146	0.0	2156729.0	4111.328742024666	99.974276	0.0	9.999999974752427e-07	82.00670469691224	
1408.7243058415304	4300.0	5.019378599420788	0.0	2039773.0	3992.7795179293576	99.974277	9.999999974752427e-07	0.0	82.00670690278375	
1413.145200352601	4300.0	4.598484088350123	0.0	2176469.0	4420.894511070665	99.974278	9.999999974752427e-07	0.0	82.00670774968486	
1417.4007785552587	4300.0	4.342905885692585	0.0	2221506.0	4255.578202657538	99.974279	9.999999974752427e-07	0.0	82.00670859658595	
1421.1547784158597	4300.0	4.58890602509155	0.0	2044075.0	3753.9998606010345	99.974278	0.0	9.999999974752427e-07	82.00670639071444	
1425.0282928145064	4300.0	4.715391626444827	0.0	2186790.0	3873.5143986467224	99.95975	0.0	0.014527999999998542	81.97898948094914	
1429.1143388350783	4300.0	4.629345605873014	0.0	2105231.0	4086.046020571813	99.974277	0.014527000000001067	0.0	82.01103523766432	
1433.389791543608	4300.0	4.35389289734332	0.0	2395588.0	4275.452708529694	99.974278	9.999999974752427e-07	0.0	82.00670774968486	
1437.225394018335	4300.0	4.518290422616457	0.0	1972048.0	3835.602474726863	99.974279	9.999999974752427e-07	0.0	82.00670859658595	
1441.117222896075	4300.0	4.626461544876542	0.0	2134614.0	3891.8288777399152	99.969028	0.0	0.005251000000001227	81.99668991587194	
1445.4334570570525	4300.0	4.31022738389879	0.0	2164140.0	4316.234160977751	99.974275	0.005247000000011326	0.0	82.00826836778535	
1449.4149820602624	4300.0	4.328702380688932	0.0	2113193.0	3981.525003209859	99.974279	3.999999989900971e-06	0.0	82.00670949050064	
1453.3730447230796	4300.0	4.370639717871898	0.0	2147852.0	3958.0626628170344	99.974277	0.0	1.9999999949504854e-06	82.00670448281446	
1457.3969613960303	4300.0	4.346723044920998	0.0	2191074.0	4023.9166729509	99.974275	0.0	1.9999999949504854e-06	82.00670278901228	
1461.6443845954686	4300.0	4.099299845482659	0.0	2286761.0	4247.423199438339	99.974277	1.9999999949504854e-06	0.0	82.00670720075533	
1464.6673104237823	2850.0	5.076374017168979	0.0	1492672.0	3022.92582831368	99.177905	0.0	0.7963720000000052	80.48730848990337	
1468.950292293493	4300.0	4.793392147458396	0.0	2143948.0	4282.981869710583	99.974279	0.7963740000000001	0.0	82.24400510173786	
1472.4073901940008	4300.0	5.336294246950551	0.0	1919781.0	3457.0979005078443	99.97428	9.999999974752427e-07	0.0	82.00670944348704	
1476.4438126435132	4300.0	5.29987179743822	0.0	2147467.0	4036.4224495123312	99.974277	0.0	2.999999992425728e-06	82.00670342181559	
1480.6063468352675	4300.0	5.137337605683779	0.0	2133870.0	4162.534191754441	99.974275	0.0	1.9999999949504854e-06	82.00670278901228	
1484.6279539725285	4300.0	5.115730468422827	0.0	2146120.0	4021.607137260952	99.974277	1.9999999949504854e-06	0.0	82.00670720075533	
1489.0976062884688	4300.0	4.646078152482469	0.0	2108491.0	4469.652315940358	99.974276	0.0	9.999999974752427e-07	82.00670469691224	
1493.1344243661908	4300.0	4.609260074760416	0.0	2184571.0	4036.8180777220523	99.974116	0.0	0.00016000000000815362	82.00640049391589	
1497.1601733431407	4300.0	4.583511097810487	0.0	2121928.0	4025.7489769499293	99.974273	0.00015700000000151704	0.0	82.00674999874272	
1501.250460274048	4300.0	4.493224166903224	0.0	2219102.0	4090.286930907263	99.974276	3.000000006636583e-06	0.0	82.0067066518258	
1505.1688706667599	4300.0	4.5748137741912585	0.0	2124950.0	3918.410392711966	99.974279	2.999999992425728e-06	0.0	82.00670919252909	
1509.0976412069097	4300.0	4.646043234041379	0.0	2246506.0	3928.77054014988	99.97428	9.999999974752427e-07	0.0	82.00670944348704	
1512.726391807275	4300.0	5.017292633676136	0.0	1961140.0	3628.7506003652434	99.97428	0.0	0.0	82.00670914551549	
1516.9828027334263	4300.0	4.760881707524866	0.0	2155012.0	4256.41092615127	99.974274	0.0	5.999999999062311e-06	82.00669769811569	
