7026.660735642192	750.0	4.0	4.043612194844198	450283.0	4043.6121948441983	64.858346	0.0	0.0	-64.17252089601834	
7030.263232372105	750.0	4.397503270086706	0.0	398865.0	3602.496729913294	57.017244	0.0	7.841101999999999	37.30694774282116	
7032.463230652473	750.0	6.197504989719165	0.0	350812.0	2199.998280367541	60.430767	3.413523000000005	0.0	49.53439726135709	
7035.463077432576	750.0	7.197658209616832	0.0	382355.0	2999.8467801023326	55.551349	0.0	4.879418000000001	39.207823032133746	
7039.908299834713	750.0	6.752435807479209	0.0	411561.0	4445.222402137623	51.003805	0.0	4.547544000000002	35.708620955217725	
7046.293368646339	1200.0	4.367366995853433	0.0	520315.0	6385.068811625776	75.14582	24.142015	0.0	68.1730929313029	
7050.569169521368	750.0	4.091566120825023	0.0	352642.0	4275.80087502841	81.00828	5.862459999999999	0.0	67.6912292345531	
7053.576638938695	750.0	5.084096703498188	0.0	437162.0	3007.4694173268344	69.475262	0.0	11.533017999999998	43.94053818670605	
7056.139513791392	750.0	6.521221850800881	0.0	374758.0	2562.8748526973077	70.789292	1.3140300000000025	0.0	57.681454273815504	
7058.8825155653585	750.0	7.778220076835555	0.0	362795.0	2743.001773965326	64.786022	0.0	6.0032700000000006	45.836272051926805	
7062.163110990478	750.0	8.49762465171471	0.0	353220.0	3280.595425120845	70.008689	5.222667000000001	0.0	58.18502339881593	
7066.303195284133	750.0	8.35754035806048	0.0	405134.0	4140.084293654229	59.00323	0.0	11.005459000000002	35.63150226952917	
7068.748707350197	750.0	9.912028291995856	0.0	386351.0	2445.512066064625	59.358241	0.3550109999999975	0.0	47.71472422025977	
7072.673213754463	750.0	9.987521887729777	0.0	434409.0	3924.506404266079	56.692976	0.0	2.665264999999998	42.523882025230556	
7077.488930089986	750.0	9.171805552206642	0.0	337059.0	4815.716335523136	54.76216	0.0	1.930816	41.66792139000558	
7082.941652934411	750.0	7.719082707781707	0.0	366214.0	5452.722844424935	58.858709	4.096548999999996	0.0	48.406541934633836	
7086.439512568297	750.0	8.221223073895175	0.0	360831.0	3497.8596338865323	60.531124	1.6724150000000009	0.0	49.100589048161304	
7088.134283531452	300.0	10.526452110740008	0.0	150616.0	1694.7709631551659	35.116669	0.0	25.414454999999997	0.11401900957756439	
7091.3994960238515	750.0	11.26123961834058	0.0	405596.0	3265.2124923994297	60.564875	25.448206	0.0	56.21368234169137	
7095.138321017209	750.0	11.52241462498387	0.0	350713.0	3738.82499335671	67.172129	6.6072539999999975	0.0	56.195305162945644	
7101.285220603976	750.0	9.375515038216058	0.0	386472.0	6146.899586767812	62.777649	0.0	4.3944800000000015	45.8423031210838	
7105.897228768595	750.0	8.763506873598143	0.0	399894.0	4612.008164617915	55.443233	0.0	7.334415999999997	36.51150936895389	
7115.037178531421	750.0	4.0	0.3764428892282722	401853.0	9139.949762826414	47.960406	0.0	7.482827	19.176814179870068	
7118.428737159548	750.0	4.608441371873043	0.0	343800.0	3391.558628126957	55.451197	7.4907910000000015	0.0	46.53210385732817	
7121.231640280546	750.0	5.805538250874873	0.0	359903.0	2802.9031209981695	66.786337	11.335140000000003	0.0	57.277353060696605	
7125.591202863106	750.0	5.4459756683152944	0.0	379700.0	4359.562582559579	66.676537	0.0	0.109800000000007	53.69031629537219	
7129.931313539167	750.0	5.10586499225451	0.0	425781.0	4340.1106760607845	65.665965	0.0	1.0105719999999963	51.87874368281537	
7135.273452921401	750.0	4.0	0.23627438998012257	277716.0	5342.139382234633	68.231907	2.565942000000007	0.0	49.08489938440734	
7139.099982572612	1200.0	4.173470348788897	0.0	622896.0	3826.5296512111026	80.053124	11.82121699999999	0.0	68.6578466864324	
7141.651395128618	1200.0	5.622057792783382	0.0	641447.0	2551.4125560055154	80.154442	0.10131800000000624	0.0	65.2514564240098	
7144.052246543755	1200.0	7.221206377646507	0.0	570392.0	2400.851415136874	78.009495	0.0	2.144947000000002	61.12892222454211	
7146.980997193677	1200.0	8.292455727725311	0.0	620283.0	2928.750649921195	72.909556	0.0	5.099939000000006	53.67453510265016	
7148.535456309281	750.0	10.73799661212126	0.0	369834.0	1554.4591156040522	68.369339	0.0	4.540216999999998	50.42328474062561	
7152.139666194061	1850.0	11.133786727340482	0.0	1035329.0	3604.2098847807774	71.430146	3.060806999999997	0.0	58.744684099017014	
7155.502264960558	1850.0	11.771187960843228	0.0	1026056.0	3362.5987664972536	97.037422	25.607276000000013	0.0	87.14972085184226	
7159.938809186691	1850.0	11.334643734709525	0.0	943942.0	4436.544226133703	90.168439	0.0	6.868983	66.4141484151412	
7170.1278276600215	1850.0	5.145625261379231	0.0	728962.0	10189.018473330294	86.066994	0.0	4.101445000000012	65.87698482373372	
7174.9730983730005	1850.0	4.300354548399764	0.0	938587.0	4845.270712979467	86.593761	0.5267670000000066	0.0	70.83169447059112	
7178.673839190648	1850.0	4.59961373075263	0.0	908665.0	3700.740817647135	82.415248	0.0	4.178512999999995	62.70254805849999	
7182.073252616247	1850.0	5.2002003051530865	0.0	930577.0	3399.4134255995427	83.556577	1.141328999999999	0.0	68.44262199794545	
7183.362133186904	750.0	7.911319734495076	0.0	345516.0	1288.8805706580108	79.583372	0.0	3.973205000000007	60.52206071503834	
7185.853794425858	1200.0	9.419658495542029	0.0	641452.0	2491.6612389530455	75.706383	0.0	3.8769889999999947	57.34071953352638	
7188.337786919404	1200.0	10.935666001996081	0.0	599477.0	2483.9924935459476	71.343181	0.0	4.363202000000001	53.129647516624864	
7191.686527471121	1200.0	11.58692545027899	0.0	634861.0	3348.740551717092	75.003938	3.660757000000004	0.0	61.95010051241022	
7198.977359985002	1850.0	8.296092936397228	0.0	958994.0	7290.832513881763	87.119023	12.115084999999993	0.0	74.72952862841541	
7204.246007005487	1850.0	7.027445915912604	0.0	982064.0	5268.647020484625	86.680563	0.0	0.4384599999999921	70.28304003058662	
7210.716344050689	2850.0	4.557108870709993	0.0	1231456.0	6470.33704520261	92.485503	5.804939999999988	0.0	77.39416269406718	
7214.314288944431	1850.0	4.959163976969072	0.0	846370.0	3597.944893740921	92.020773	0.0	0.46472999999998876	74.7777973135027	
