23343.72026493255	750.0	4.0	4.665178135276565	450283.0	4665.178135276565	64.858346	0.0	0.0	-82.0710799388236	
23345.21909950044	300.0	6.501165432110702	0.0	155580.0	1498.8345678892972	18.412623	0.0	46.445723	-36.3468075049402	
23346.660628482354	300.0	9.059636450196395	0.0	139857.0	1441.5289819143081	17.596212	0.0	0.8164109999999987	11.374421591985136	
23349.719910990174	300.0	10.000353942372927	0.0	155432.0	3059.282507823468	19.997309	2.401097	0.0	14.989583049748727	
23353.78491149671	300.0	9.935353435839435	0.0	163442.0	4065.000506533491	16.877619	0.0	3.119690000000002	8.322067973538104	
23356.708451492697	300.0	11.011813439851737	0.0	126289.0	2923.539995987698	18.579568	1.701948999999999	0.0	13.580570417102745	
23359.570159583993	300.0	12.15010534855435	0.0	153295.0	2861.708091297388	42.291519	23.711951000000003	0.0	40.220602433691965	
23362.97322221683	300.0	12.747042715718758	0.0	173849.0	3403.0626328355916	35.451274	0.0	6.840245000000003	20.10461217328575	
23365.890988769555	300.0	13.829276162996456	0.0	150710.0	2917.766552722302	28.497356	0.0	6.953917999999998	14.094724445226447	
23368.48695805421	300.0	15.233306878338324	0.0	139105.0	2595.969284658131	21.660501	0.0	6.836855	8.428788135904757	
23378.976906374246	750.0	8.743358558304488	0.0	353220.0	10489.948320033836	70.008689	48.34818800000001	0.0	71.03520216699869	
23382.231876868354	300.0	9.488388064195616	0.0	156148.0	3254.9704941088708	19.431299	0.0	50.57739000000001	-39.867783698212904	
23385.74989256365	300.0	9.970372368903092	0.0	160746.0	3518.015695292524	21.445722	2.0144230000000007	0.0	16.101027757711584	
23390.610157898573	300.0	9.110107033981949	0.0	179801.0	4860.265334921142	23.726678	2.2809559999999998	0.0	18.112191156964666	
23400.57329472154	750.0	4.0	0.8530297889881459	337059.0	9963.136822970095	54.76216	31.035482000000002	0.0	28.40043397151012	
23404.72414438397	1200.0	4.0	0.15084966243016606	587876.0	4150.849662430166	72.569044	17.806884000000004	0.0	59.759275807748686	
23407.793430642043	1200.0	4.930713741929729	0.0	617242.0	3069.2862580702713	75.662786	3.0937419999999918	0.0	62.339125264249624	
23409.787773879492	750.0	6.936370504479785	0.0	372963.0	1994.3432374499434	69.564049	0.0	6.098737	49.78149799493421	
23412.42397547522	1200.0	8.300168908751262	0.0	639204.0	2636.2015957285234	72.000653	2.4366040000000027	0.0	59.041852363208044	
23415.52284566629	1200.0	9.201298717676792	0.0	586839.0	3098.870191074469	79.134663	7.1340100000000035	0.0	66.48334667339239	
23418.578544108874	1200.0	10.145600275095775	0.0	601738.0	3055.6984425810174	74.235946	0.0	4.898717000000005	55.01135256729831	
23421.739697273362	1200.0	10.984447110608686	0.0	616206.0	3161.1531644870893	68.532883	0.0	5.703063	49.32801204213999	
23426.282778940276	1200.0	10.441365443694178	0.0	656471.0	4543.081666914508	63.455907	0.0	5.076975999999995	45.69259308258809	
23430.945306257367	1200.0	9.77883812660253	0.0	536667.0	4662.527317091648	68.420849	4.964942000000001	0.0	56.763485235890926	
23433.911994531045	750.0	10.812149852922518	0.0	359903.0	2966.6882736800126	66.786337	0.0	1.6345120000000009	52.16558832707676	
23438.971769800442	1200.0	9.752374583527486	0.0	590335.0	5059.775269395031	79.644231	12.857894000000002	0.0	68.62045501785624	
23444.668600169465	1200.0	8.055544214506037	0.0	696376.0	5696.830369021448	80.745588	1.101356999999993	0.0	66.05008180256124	
23448.776097768823	1200.0	7.948046615146467	0.0	487160.0	4107.497599359571	80.893459	0.14787099999999498	0.0	65.89120220426116	
23453.929683649134	1200.0	6.794460734835917	0.0	622896.0	5153.585880310549	80.053124	0.0	0.8403349999999961	64.24386573042244	
23458.465134429283	1200.0	6.259009954684617	0.0	641447.0	4535.4507801513	80.154442	0.10131800000000624	0.0	65.2514564240098	
23462.42924959591	1200.0	6.2948947880584765	0.0	570392.0	3964.1151666261417	78.009495	0.0	2.144947000000002	61.12892222454211	
23466.699558723747	1200.0	6.024585660220012	0.0	620283.0	4270.3091278384645	72.909556	0.0	5.099939000000006	53.67453510265016	
23469.80871233465	1200.0	6.915432049319142	0.0	584349.0	3109.1536109008703	79.771897	6.862341000000001	0.0	66.94207121321617	
23475.035901167706	1850.0	5.688243216262349	0.0	1035329.0	5227.188833056793	71.430146	0.0	8.341751000000002	48.982062277546724	
23478.64381200813	1200.0	6.080332375839742	0.0	690253.0	3607.910840422607	87.732581	16.302435000000003	0.0	76.4968627852952	
23482.596990694707	1850.0	6.127153689261854	0.0	943942.0	3953.178686577888	90.168439	2.4358580000000103	0.0	74.42794802438888	
23485.924280302817	1850.0	6.79986408114687	0.0	728962.0	3327.2896081149834	86.066994	0.0	4.101445000000012	65.87698482373372	
23491.908061714927	1850.0	4.816082669039288	0.0	938587.0	5983.781412107583	86.593761	0.5267670000000066	0.0	70.83169447059112	
23496.37736658398	1850.0	4.346777799983304	0.0	908665.0	4469.3048690559835	82.415248	0.0	4.178512999999995	62.70254805849999	
23500.604926199096	1850.0	4.119218184867764	0.0	930577.0	4227.5596151155405	83.556577	1.141328999999999	0.0	68.44262199794545	
23502.27723274866	750.0	6.446911635305094	0.0	345516.0	1672.3065495626697	79.583372	0.0	3.973205000000007	60.52206071503834	
23505.28201755574	1200.0	7.442126828225793	0.0	641452.0	3004.7848070793016	75.706383	0.0	3.8769889999999947	57.34071953352638	
23507.8290484385	1200.0	8.895095945466633	0.0	599477.0	2547.0308827591607	71.343181	0.0	4.363202000000001	53.129647516624864	
23512.667511509866	1850.0	8.056632874101219	0.0	973972.0	4838.463071365412	84.84845	13.505268999999998	0.0	73.22081315225216	
23517.555992740447	1850.0	7.168151643522139	0.0	958994.0	4888.481230579081	87.119023	2.270572999999999	0.0	71.79614403033668	
23522.591232436913	1850.0	6.132911947053292	0.0	982064.0	5035.239696468847	86.680563	0.0	0.4384599999999921	70.28304003058662	
23528.15347350203	1850.0	4.570670881939671	0.0	830730.0	5562.24106511362	84.040637	0.0	2.6399260000000027	65.71153085892459	
23532.71760978656	1850.0	4.006534597408997	0.0	846370.0	4564.136284530675	92.020773	7.980136000000002	0.0	77.64872889128998	
