10458.95245862245	750.0	4.0	2.322935537655054	450283.0	2322.935537655054	64.858346	0.0	0.0	-14.624064748544122	
10462.42872272063	750.0	4.523735901820231	0.0	398865.0	3476.264098179768	57.017244	0.0	7.841101999999999	37.30694774282116	
10465.084455264892	750.0	5.868003357558568	0.0	350812.0	2655.732544261663	60.430767	3.413523000000005	0.0	49.53439726135709	
10469.308617683595	1200.0	5.643840938856502	0.0	617681.0	4224.162418702067	69.474665	9.043897999999999	0.0	58.87137604797988	
10473.514819285148	1200.0	5.43763933730317	0.0	652874.0	4206.201601553331	64.23322	0.0	5.241444999999999	46.176398894182356	
10477.382086037955	1200.0	5.570372584498472	0.0	520315.0	3867.2667528046986	75.14582	10.912599999999998	0.0	64.23110350586552	
10480.098898367909	750.0	6.85356025454333	0.0	352642.0	2716.812329955141	81.00828	5.862459999999999	0.0	67.6912292345531	
10483.789432063975	750.0	7.163026558478225	0.0	437162.0	3690.5336960651057	69.475262	0.0	11.533017999999998	43.94053818670605	
10486.79119873241	750.0	8.161259890043057	0.0	374758.0	3001.7666684351684	70.789292	1.3140300000000025	0.0	57.681454273815504	
10490.25871524534	1200.0	8.69374337711325	0.0	560821.0	3467.516512929806	76.960357	6.171064999999999	0.0	64.35499430641161	
10492.762742659574	750.0	10.189715962879825	0.0	353220.0	2504.0274142334247	70.008689	0.0	6.951667999999998	49.25310527285025	
10496.665809677314	1200.0	10.28664894514054	0.0	594078.0	3903.0670177392863	70.906301	0.8976119999999952	0.0	57.65646860355332	
10501.56545222964	1200.0	9.387006392812294	0.0	624282.0	4899.642552328245	73.534048	2.6277469999999994	0.0	60.397441453335624	
10510.253231119546	1200.0	4.699227502907479	0.0	687371.0	8687.778889904816	70.998108	0.0	2.5359399999999965	54.776127730538505	
10513.878668932717	1200.0	5.073789689737534	0.0	526950.0	3625.4378131699455	67.735752	0.0	3.262355999999997	51.24250829039699	
10516.220105707253	1200.0	6.7323529152017505	0.0	587876.0	2341.436774535783	72.569044	4.833292	0.0	60.237368188531434	
10518.938792251794	1200.0	8.01366637065978	0.0	617242.0	2718.6865445419703	75.662786	3.0937419999999918	0.0	62.339125264249624	
10525.474106242804	1200.0	5.478352379649011	0.0	581493.0	6535.31399101077	79.137254	3.4744680000000017	0.0	65.39510155551699	
10529.794028617682	1200.0	5.158430004771588	0.0	639204.0	4319.922374877423	72.000653	0.0	7.136600999999999	50.743888071584934	
10532.554641204002	1200.0	6.397817418451789	0.0	586839.0	2760.612586319799	79.134663	7.1340100000000035	0.0	66.48334667339239	
10535.162043890756	1200.0	7.7904147316984	0.0	601738.0	2607.4026867533885	74.235946	0.0	4.898717000000005	55.01135256729831	
10539.004479637728	1850.0	7.947978984726493	0.0	955231.0	3842.435746971907	79.031768	4.795822000000001	0.0	65.69949125877463	
10545.4276357672	2850.0	5.524822855253327	0.0	1505760.0	6423.1561294731655	85.954529	6.922760999999994	0.0	72.19615249656655	
10550.875529012654	2850.0	4.076929609799652	0.0	1323990.0	5447.893245453675	89.320458	3.3659290000000084	0.0	73.98692668949053	
10554.716187368673	1850.0	4.236271253781744	0.0	897976.0	3840.6583560179074	86.994267	0.0	2.3261910000000086	68.54583583539701	
10558.284752055402	1850.0	4.667706567051838	0.0	905935.0	3568.5646867299056	89.133614	2.1393470000000008	0.0	73.46320174835421	
10561.15279324239	1200.0	5.799665380062959	0.0	696376.0	2868.0411869888794	80.745588	0.0	8.388025999999996	56.822222631623696	
10563.178219537393	1200.0	7.774239085062125	0.0	487160.0	2025.4262950008344	80.893459	0.14787099999999498	0.0	65.89120220426116	
10565.733611942576	1200.0	9.218846679878125	0.0	622896.0	2555.3924051840004	80.053124	0.0	0.8403349999999961	64.24386573042244	
10568.343072346499	1200.0	10.609386275954373	0.0	641447.0	2609.46040392375	80.154442	0.10131800000000624	0.0	65.2514564240098	
10572.099466946864	1850.0	10.8529916755889	0.0	873429.0	3756.3946003654755	87.120667	6.966224999999994	0.0	73.19670708740219	
10576.064355510687	1850.0	10.888103111766418	0.0	954453.0	3964.888563822482	83.67714	0.0	3.443527000000003	64.551065096847	
10578.930916342557	1200.0	12.021542279896636	0.0	584349.0	2866.560831869781	79.771897	0.0	3.9052429999999987	60.75383035011878	
10584.82348985392	1850.0	10.12896876853504	0.0	1035329.0	5892.573511361596	71.430146	0.0	8.341751000000002	48.982062277546724	
10591.230996675384	1200.0	7.721461947070761	0.0	690253.0	6407.506821464279	87.732581	16.302435000000003	0.0	76.4968627852952	
10596.245141948333	1850.0	6.707316674120859	0.0	943942.0	5014.145272949902	90.168439	2.4358580000000103	0.0	74.42794802438888	
10599.839505021147	1850.0	7.112953601307256	0.0	728962.0	3594.3630728136036	86.066994	0.0	4.101445000000012	65.87698482373372	
10605.044089960495	1850.0	5.908368661959092	0.0	938587.0	5204.584939348163	86.593761	0.5267670000000066	0.0	70.83169447059112	
10609.465027340035	1850.0	5.487431282420947	0.0	908665.0	4420.937379538145	82.415248	0.0	4.178512999999995	62.70254805849999	
10614.879939403625	1850.0	4.07251921882936	0.0	930577.0	5414.912063591588	83.556577	1.141328999999999	0.0	68.44262199794545	
10616.834272318563	750.0	6.118186303892153	0.0	345516.0	1954.3329149372064	79.583372	0.0	3.973205000000007	60.52206071503834	
10620.790088302996	1200.0	6.16237031945954	0.0	641452.0	3955.815984432613	75.706383	0.0	3.8769889999999947	57.34071953352638	
10624.773923853805	1200.0	6.178534768649797	0.0	599477.0	3983.8355508097434	71.343181	0.0	4.363202000000001	53.129647516624864	
10629.673232222583	1850.0	5.27922639987156	0.0	973972.0	4899.308368778236	84.84845	13.505268999999998	0.0	73.22081315225216	
10633.745945907565	1850.0	5.206512714889884	0.0	958994.0	4072.7136849816757	87.119023	2.270572999999999	0.0	71.79614403033668	
10637.986407137267	1850.0	4.966051485187226	0.0	982064.0	4240.461229702659	86.680563	0.0	0.4384599999999921	70.28304003058662	
10642.490720082476	1850.0	4.461738539977625	0.0	830730.0	4504.312945209601	84.040637	0.0	2.6399260000000027	65.71153085892459	
10646.49769608134	1200.0	4.454762541113357	0.0	550906.0	4006.9759988642672	86.366143	2.32550599999999	0.0	71.17489760187416	
