953.2091248130492	750.0	4.0	6.865112348267744	450283.0	6865.112348267744	64.858346	0.0	0.0	-145.42019519780948	
958.1752005714131	750.0	4.0	0.9660757583639552	398865.0	4966.075758363955	57.017244	0.0	7.841101999999999	9.487913789847322	
961.9178175449042	750.0	4.257383026508927	0.0	350812.0	3742.6169734910727	60.430767	3.413523000000005	0.0	49.53439726135709	
965.6406831801988	750.0	4.534517391214257	0.0	382355.0	3722.8656352946714	55.551349	0.0	4.879418000000001	39.207823032133746	
967.3381077582333	300.0	6.837092813179905	0.0	163442.0	1697.424578034352	16.877619	0.0	38.673730000000006	-29.4007282903967	
968.8132075335666	300.0	9.361993037846515	0.0	126289.0	1475.0997753333886	18.579568	1.701948999999999	0.0	13.580570417102745	
970.7597252247618	300.0	11.415475346651316	0.0	153295.0	1946.5176911952003	42.291519	23.711951000000003	0.0	40.220602433691965	
972.740010164935	300.0	13.435190406478185	0.0	173849.0	1980.2849401731314	35.451274	0.0	6.840245000000003	20.10461217328575	
974.8341843650956	300.0	15.341016206317653	0.0	150710.0	2094.1742001605326	28.497356	0.0	6.953917999999998	14.094724445226447	
976.9151114077958	300.0	17.260089163617472	0.0	139105.0	2080.9270427001798	21.660501	0.0	6.836855	8.428788135904757	
978.8561319707486	300.0	19.319068600664664	0.0	141840.0	1941.0205629528057	2.177717	0.0	19.482784	-21.48851944385787	
981.032390263798	300.0	21.14281030761542	0.0	156148.0	2176.258293049246	19.431299	17.253581999999998	0.0	18.935846683464327	
983.2732659221894	300.0	22.901934649224017	0.0	160746.0	2240.8756583914005	21.445722	2.0144230000000007	0.0	16.101027757711584	
986.6996109728718	300.0	23.475589598541532	0.0	179801.0	3426.345050682486	23.726678	2.2809559999999998	0.0	18.112191156964666	
990.6203970881941	300.0	23.554803483219327	0.0	140051.0	3920.786115322206	21.119447	0.0	2.6072309999999987	12.458195192670239	
995.8313684642726	300.0	22.3438321071408	0.0	138313.0	5210.971376078528	19.984984	0.0	1.1344630000000002	13.060022413833098	
1001.160432723455	300.0	21.014767847958414	0.0	143509.0	5329.064259182384	18.452936	0.0	1.5320479999999996	11.340692041651348	
1006.6337097378796	300.0	19.541490833533864	0.0	150616.0	5473.2770144245505	35.116669	16.663733	0.0	32.04404556367689	
1012.1590847679681	300.0	18.016115803445302	0.0	165384.0	5525.3750300885595	26.310814	0.0	8.805855000000001	10.278036555919055	
1015.9092302036192	300.0	18.265970367794232	0.0	140881.0	3750.145435651072	26.782579	0.47176499999999777	0.0	20.161149610747803	
1021.081791982341	300.0	17.093408589072492	0.0	157671.0	5172.561778721738	28.807059	2.0244800000000005	0.0	22.338348860461206	
1025.7816142430468	300.0	16.393586328366638	0.0	157812.0	4699.822260705855	21.07483	0.0	7.732229	6.982791919539274	
1029.0503640525255	300.0	17.124836518888007	0.0	163927.0	3268.749809478633	16.837774	0.0	4.237055999999999	7.102799135832186	
1035.1219154434611	750.0	15.053285127952407	0.0	343800.0	6071.551390935597	55.451197	38.613423	0.0	55.805763065674086	
1044.278607862539	750.0	9.896592708874406	0.0	359903.0	9156.692419078001	66.786337	11.335140000000003	0.0	57.277353060696605	
1054.066638600585	750.0	4.108561970828261	0.0	379700.0	9788.030738046145	66.676537	0.0	0.109800000000007	53.69031629537219	
1058.3392666586383	1200.0	4.0	0.16406608722499458	696376.0	4272.628058053256	80.745588	14.069051000000002	0.0	65.1896529606108	
1060.9892685590546	2850.0	5.349998099583726	0.0	1141971.0	2650.0019004162737	93.311238	12.565650000000005	0.0	80.10797787928331	
1064.0753878749213	2850.0	6.2638787837171	0.0	1498470.0	3086.119315866626	96.041687	2.730448999999993	0.0	79.48978795599365	
1067.536827408711	2850.0	6.802439249927406	0.0	1561263.0	3461.4395337896945	96.863845	0.8221580000000017	0.0	79.61745802436349	
1072.2340582071436	4300.0	6.105208451494892	0.0	2113193.0	4697.230798432513	99.974279	3.110433999999998	0.0	82.93352916987143	
1076.9643672545424	4300.0	5.37489940409615	0.0	2147852.0	4730.309047398741	99.974277	0.0	1.9999999949504854e-06	82.00670448281446	
1081.615256467093	4300.0	4.7240101915455925	0.0	2191074.0	4650.889212550558	99.974275	0.0	1.9999999949504854e-06	82.00670278901228	
1086.2523602506656	4300.0	4.086906407972994	0.0	2286761.0	4637.103783572598	99.974277	1.9999999949504854e-06	0.0	82.00670720075533	
1088.615424439296	1850.0	5.723842219342506	0.0	1026056.0	2363.0641886304884	97.037422	0.0	2.936854999999994	76.40348103841788	
1092.1558125648783	2850.0	6.1834540937603375	0.0	1439896.0	3540.388125582168	97.217465	0.18004299999999773	0.0	79.72560718309609	
1094.9629752624023	2850.0	7.37629139623626	0.0	1139291.0	2807.1626975240783	93.825455	0.0	3.392009999999999	73.2003437122793	
1098.3692794682943	2850.0	7.969987190344358	0.0	1499009.0	3406.304205891902	93.982147	0.1566919999999925	0.0	76.97865487614874	
1103.2226609886277	4300.0	7.1166056700108	0.0	2133870.0	4853.381520333559	99.974275	5.992128000000008	0.0	83.79218863888968	
1107.7401107951473	4300.0	6.59915586349117	0.0	2146120.0	4517.449806519629	99.974277	1.9999999949504854e-06	0.0	82.00670720075533	
1111.078460846134	2850.0	7.260805812504447	0.0	1339500.0	3338.3500509867226	97.297482	0.0	2.6767949999999985	76.89964950461606	
1114.7444884976321	2850.0	7.594778161006461	0.0	1527299.0	3666.0276514979855	92.902955	0.0	4.3945269999999965	71.35540804337353	
1118.3764977518388	2850.0	7.962768906799736	0.0	1343002.0	3632.0092542067255	87.659279	0.0	5.243676000000008	66.01358694146828	
1122.0101280054196	2850.0	8.329138653218783	0.0	1587250.0	3633.630253580954	95.172719	7.513440000000003	0.0	80.1790532906648	
1125.014624493672	2850.0	9.32464216496647	0.0	1464921.0	3004.4964882523136	96.481395	1.3086760000000055	0.0	79.43852922609656	
1129.6010941763436	2850.0	8.738172482294774	0.0	1483527.0	4586.469682671698	95.602302	0.0	0.8790930000000117	77.37135948851477	
1134.2586255480558	2850.0	8.080641110582654	0.0	1231456.0	4657.531371712119	92.485503	0.0	3.1167990000000003	72.35753544954366	
1141.6548039461834	2850.0	4.684462712455238	0.0	1364537.0	7396.178398127416	97.895096	5.409593000000001	0.0	81.85775079398817	
