17350.81482861107	750.0	4.0	4.782926972877741	450283.0	4782.926972877741	64.858346	0.0	0.0	-85.46176527875761	
17355.917990544032	750.0	4.0	1.103161932964834	398865.0	5103.161932964834	57.017244	0.0	7.841101999999999	5.540392166736247	
17359.480652459613	750.0	4.437338084418797	0.0	350812.0	3562.661915581203	60.430767	3.413523000000005	0.0	49.53439726135709	
17362.52634308088	750.0	5.391647463152204	0.0	382355.0	3045.690621266593	55.551349	0.0	4.879418000000001	39.207823032133746	
17366.191971720196	750.0	5.726018823838041	0.0	411561.0	3665.628639314162	51.003805	0.0	4.547544000000002	35.708620955217725	
17368.991530685293	750.0	6.92645985873918	0.0	318564.0	2799.5589650988622	62.986308	11.982503000000001	0.0	54.252000083560986	
17372.81114497547	750.0	7.106845568563249	0.0	352642.0	3819.6142901759304	81.00828	18.021971999999998	0.0	71.31441799403183	
17380.343589670956	750.0	4.0	0.4255991269248925	437162.0	7532.444695488141	69.475262	0.0	11.533017999999998	31.68502255061331	
17383.342016388153	750.0	5.001573282804896	0.0	374758.0	2998.4267171951033	70.789292	1.3140300000000025	0.0	57.681454273815504	
17386.069839653428	750.0	6.2737500175297765	0.0	362795.0	2727.8232652751203	64.786022	0.0	6.0032700000000006	45.836272051926805	
17388.695991967154	750.0	7.647597703805942	0.0	353220.0	2626.1523137238346	70.008689	5.222667000000001	0.0	58.18502339881593	
17391.55722390771	750.0	8.786365763249902	0.0	405134.0	2861.231940556041	59.00323	0.0	11.005459000000002	35.63150226952917	
17394.720403456202	750.0	9.623186214754034	0.0	386351.0	3163.179548495867	59.358241	0.3550109999999975	0.0	47.71472422025977	
17398.131343461773	750.0	10.21224620918153	0.0	434409.0	3410.940005572505	56.692976	0.0	2.665264999999998	42.523882025230556	
17401.1884884933	750.0	11.155101177658874	0.0	337059.0	3057.145031522653	54.76216	0.0	1.930816	41.66792139000558	
17406.576161551973	750.0	9.767428118981039	0.0	366214.0	5387.673058677837	58.858709	4.096548999999996	0.0	48.406541934633836	
17409.228222619546	750.0	11.115367051409791	0.0	360831.0	2652.0610675712496	60.531124	1.6724150000000009	0.0	49.100589048161304	
17412.496873829048	750.0	11.846715841904814	0.0	372963.0	3268.6512095049775	69.564049	9.032924999999999	0.0	58.9438058139744	
17416.047129236937	750.0	12.296460434016204	0.0	405596.0	3550.2554078886105	60.564875	0.0	8.999173999999996	39.08272725573663	
17420.122598827966	750.0	12.22099084298724	0.0	350713.0	4075.469591028965	67.172129	6.6072539999999975	0.0	56.195305162945644	
17427.04749303242	750.0	9.296096638533651	0.0	386472.0	6924.89420445359	62.777649	0.0	4.3944800000000015	45.8423031210838	
17433.746454484743	750.0	6.5971351862114656	0.0	399894.0	6698.961452322185	55.443233	0.0	7.334415999999997	36.51150936895389	
17435.305939649803	300.0	9.037650021153619	0.0	163927.0	1559.4851650578476	16.837774	0.0	38.605458999999996	-29.36203761087242	
17436.37088214239	300.0	11.972707528562452	0.0	137654.0	1064.9424925911671	6.466535	0.0	10.371239	-8.188975813003921	
17437.50386248399	300.0	14.839727186964009	0.0	146754.0	1132.9803415984436	25.355956	18.889421	0.0	24.440878712625864	
17438.798129174902	300.0	17.54546049605179	0.0	153938.0	1294.2666909122202	22.855883	0.0	2.5000730000000004	14.042479268061296	
17440.519081075403	300.0	19.824508595549418	0.0	181901.0	1720.9519005023728	27.469573	4.613690000000002	0.0	21.977141438694208	
17443.20285658286	750.0	21.14073308809399	0.0	277716.0	2683.7755074554243	68.231907	40.76233400000001	0.0	67.27007478642625	
17446.80420413856	750.0	21.539385532393823	0.0	400396.0	3601.3475557001702	69.601487	1.3695799999999991	0.0	56.69205323288801	
17452.45555692429	750.0	19.888032746659732	0.0	400508.0	5651.35278573409	67.821489	0.0	1.7799980000000062	52.88789921294314	
17458.2594771552	750.0	18.084112515750483	0.0	358218.0	5803.92023090925	64.789531	0.0	3.031958000000003	48.99180250230414	
17468.8185626513	750.0	11.525027019651988	0.0	400322.0	10559.085496098494	60.651768	0.0	4.137763	44.31426861062449	
17476.503162451576	750.0	7.840427219372905	0.0	369834.0	7684.599800279084	68.369339	7.7175709999999995	0.0	57.54006651746116	
17485.00716354581	750.0	4.0	0.6635738748657277	412837.0	8504.001094238633	49.996929	0.0	18.372409999999995	1.0795134711308698	
17487.52070621838	750.0	5.486457327432904	0.0	401088.0	2513.5426725670964	69.915275	19.918345999999993	0.0	62.48480537634975	
17491.10932892816	1200.0	5.897834617652603	0.0	598727.0	3588.6227097803003	77.763467	7.848192000000012	0.0	65.53488519734074	
17493.40552652964	1200.0	7.601637016173072	0.0	487812.0	2296.1976014795305	77.846693	0.08322599999999625	0.0	63.29163035592236	
17496.400448217326	1200.0	8.606715328489686	0.0	575591.0	2994.9216876833857	77.292461	0.0	0.554231999999999	62.20941215869677	
17499.46678975055	1200.0	9.540373795263973	0.0	605884.0	3066.3415332257136	74.001829	0.0	3.290632000000002	56.519254990333565	
17503.143385852512	1200.0	9.863777693303259	0.0	587506.0	3676.5961019607157	72.886388	0.0	1.1154410000000041	57.88246197348263	
17505.673949698	750.0	11.33321384781575	0.0	345516.0	2530.5638454875084	79.583372	6.6969840000000005	0.0	66.73313750009174	
17510.904109182073	1200.0	10.103054363746244	0.0	641452.0	5230.159484069506	75.706383	0.0	3.8769889999999947	57.34071953352638	
17515.203866832424	1850.0	9.80329671339178	0.0	886255.0	4299.757650354462	78.86339	3.157006999999993	0.0	65.06857148325741	
17520.73853236936	1850.0	8.268631176454113	0.0	973972.0	5534.665536937668	84.84845	5.985060000000004	0.0	70.98000474499611	
17526.684857607077	1850.0	6.322305938736856	0.0	958994.0	5946.325237717257	87.119023	2.270572999999999	0.0	71.79614403033668	
17532.17267624746	1850.0	4.834487298351979	0.0	982064.0	5487.818640384878	86.680563	0.0	0.4384599999999921	70.28304003058662	
17536.56169440147	1850.0	4.445469144345053	0.0	830730.0	4389.018154006925	84.040637	0.0	2.6399260000000027	65.71153085892459	
17539.558133993152	1200.0	5.449029552663001	0.0	550906.0	2996.439591682053	86.366143	2.32550599999999	0.0	71.17489760187416	
