13710.262411822512	750.0	4.0	1.7041197936685797	450283.0	1704.1197936685796	64.858346	0.0	0.0	3.1952998753522266	
13713.026697082594	1200.0	5.235714739918907	0.0	611087.0	2764.2852600810925	69.839987	4.981640999999996	0.0	57.97033059622316	
13715.75888578382	1200.0	6.503526038692675	0.0	571051.0	2732.1887012262323	73.587374	3.7473870000000034	0.0	60.77622417883262	
13719.867895308169	1850.0	6.394516514344472	0.0	933276.0	4109.009524348203	78.955826	5.368452000000005	0.0	65.80580334984123	
13725.920452990329	2850.0	4.341958832183732	0.0	1472558.0	6052.55768216074	85.928154	6.9723280000000045	0.0	72.18858503636858	
13729.588184361823	1850.0	4.6742274606893055	0.0	801058.0	3667.7313714944266	86.249306	0.3211519999999979	0.0	70.47870772988122	
13731.680840258465	1200.0	6.581571564048838	0.0	561791.0	2092.6558966404677	89.177904	2.928597999999994	0.0	73.73588534977478	
13737.259477272535	1850.0	5.002934549977866	0.0	1060487.0	5578.637014070972	90.155937	0.9780329999999964	0.0	73.98296967737969	
13741.204680860601	1850.0	5.057730961911287	0.0	852833.0	3945.203588066579	90.218296	0.06235900000000072	0.0	73.76293677284315	
13745.076038865798	1850.0	5.186372956713068	0.0	913888.0	3871.3580051982176	86.733288	0.0	3.4850079999999934	67.09530890568334	
13746.871812316682	1200.0	7.3905995058290825	0.0	607410.0	1795.7734508839856	82.096766	0.0	4.636521999999999	61.946878270919974	
13749.515212513628	1850.0	8.747199308882898	0.0	917428.0	2643.4001969461847	82.202545	0.10577899999999829	0.0	66.98732635875223	
13752.406219698258	1850.0	9.856192124251876	0.0	946851.0	2891.007184631021	83.629776	1.4272310000000061	0.0	68.58980497651146	
13757.8772033955	2850.0	8.385208427010415	0.0	1578343.0	5470.983697241461	91.568178	7.938401999999996	0.0	77.25299014285042	
13763.759681019956	2850.0	6.502730802553392	0.0	1231445.0	5882.477624457023	88.830113	0.0	2.738065000000006	69.66361798364525	
13766.962837266337	1850.0	7.299574556173278	0.0	923170.0	3203.1562463801133	83.7301	0.0	5.100013000000004	62.83838720493218	
13770.379744731772	1850.0	7.882667090736983	0.0	966699.0	3416.9074654362953	86.226021	2.49592100000001	0.0	71.10700694933738	
13773.752716424704	1850.0	8.50969539780642	0.0	885714.0	3372.971692930563	85.258591	0.0	0.9674300000000073	68.51753380735349	
13778.04396158831	1850.0	8.218450234199954	0.0	987708.0	4291.245163606464	79.995224	0.0	5.263367000000002	59.5019982027586	
13780.643314891593	1200.0	9.619096930915752	0.0	586839.0	2599.353303284202	79.134663	0.0	0.8605609999999899	63.444560336070744	
13783.398836469853	1850.0	10.863575352655669	0.0	891604.0	2755.521578260082	81.773294	2.6386310000000037	0.0	67.37851107636527	
13786.24129416297	1850.0	12.021117659538497	0.0	955231.0	2842.4576931171714	79.031768	0.0	2.7415260000000075	61.361716707876674	
13792.18224670467	2850.0	10.080165117838925	0.0	1505760.0	5940.952541699571	85.954529	6.922760999999994	0.0	72.19615249656655	
13796.037285022245	1850.0	10.225126800265112	0.0	874175.0	3855.038317573814	80.700778	0.0	5.253750999999994	60.109735226601934	
13798.899759660597	1200.0	11.36265216191213	0.0	587236.0	2862.474638352981	78.698824	0.0	2.001953999999998	61.86443112432193	
13803.832088169258	1200.0	10.430323653249594	0.0	590335.0	4932.328508662536	79.644231	0.945407000000003	0.0	65.07087268298653	
13808.70026852726	1200.0	9.56214329524842	0.0	696376.0	4868.180358001173	80.745588	1.101356999999993	0.0	66.05008180256124	
13812.910971931131	1200.0	9.35143989137623	0.0	487160.0	4210.70340387219	80.893459	0.14787099999999498	0.0	65.89120220426116	
13818.790242650699	1200.0	7.4721691718086305	0.0	622896.0	5879.2707195676	80.053124	0.0	0.8403349999999961	64.24386573042244	
13823.846402909554	1200.0	6.416008912953775	0.0	641447.0	5056.160258854855	80.154442	0.10131800000000624	0.0	65.2514564240098	
13826.982888048386	1200.0	7.2795237741224845	0.0	570392.0	3136.4851388312914	78.009495	0.0	2.144947000000002	61.12892222454211	
13830.473178449578	1200.0	7.789233372930666	0.0	620283.0	3490.2904011918176	72.909556	0.0	5.099939000000006	53.67453510265016	
13832.13771809821	750.0	10.124693724298984	0.0	369834.0	1664.5396486316824	68.369339	0.0	4.540216999999998	50.42328474062561	
13835.450700551994	1200.0	10.811711270514406	0.0	670129.0	3312.982453784577	62.28877	0.0	6.080568999999997	43.639332434497476	
13845.562714739679	1200.0	4.6996970828303475	0.0	690253.0	10112.014187684059	87.732581	25.443810999999997	0.0	79.22073285256175	
13850.156203388147	1200.0	4.106208434362412	0.0	598727.0	4593.4886484679355	77.763467	0.0	9.96911399999999	52.61912849502004	
13853.766281804046	1200.0	4.496130018463864	0.0	487812.0	3610.078415898548	77.846693	0.08322599999999625	0.0	63.29163035592236	
13857.495363112608	1200.0	4.767048709902261	0.0	575591.0	3729.081308561603	77.292461	0.0	0.554231999999999	62.20941215869677	
13860.744680583444	1850.0	5.517731239067201	0.0	908665.0	3249.3174708350593	82.415248	5.122787000000002	0.0	68.66239046371803	
13863.921065624292	1850.0	6.341346198216903	0.0	930577.0	3176.385040850299	83.556577	1.141328999999999	0.0	68.44262199794545	
13865.932607658542	1200.0	8.329804163966283	0.0	566904.0	2011.5420342506195	86.974261	3.417683999999994	0.0	72.01535138746164	
13869.120085123182	1850.0	9.142326699325919	0.0	1025005.0	3187.4774646403657	85.276808	0.0	1.6974529999999959	67.7584082266182	
13872.370009883965	2850.0	9.892401938543054	0.0	1343002.0	3249.9247607828634	87.659279	2.3824709999999953	0.0	72.28702985263917	
13874.997322779118	1850.0	11.265089043392674	0.0	973972.0	2627.31289515038	84.84845	0.0	2.8108289999999982	66.21434068733927	
13878.077534802447	1850.0	12.184877020061842	0.0	958994.0	3080.212023330832	87.119023	2.270572999999999	0.0	71.79614403033668	
13881.884996161958	1850.0	12.377415660551293	0.0	982064.0	3807.461359510549	86.680563	0.0	0.4384599999999921	70.28304003058662	
13886.039245906944	2850.0	12.22316591556391	0.0	1231456.0	4154.249744987383	92.485503	5.804939999999988	0.0	77.39416269406718	
13896.398632969654	2850.0	5.86377885285378	0.0	1364537.0	10359.38706271013	97.895096	5.409593000000001	0.0	81.85775079398817	
