4936.8270023164305	750.0	4.0	1.6438931885945212	450283.0	1643.8931885945212	64.858346	0.0	0.0	4.929579984258943	
4939.611349666054	1200.0	5.215652650376993	0.0	611087.0	2784.347349623007	69.839987	4.981640999999996	0.0	57.97033059622316	
4942.088801855572	1200.0	6.738200460858729	0.0	571051.0	2477.452189518264	73.587374	3.7473870000000034	0.0	60.77622417883262	
4947.439109740964	1850.0	5.387892575465736	0.0	933276.0	5350.307885392992	78.955826	5.368452000000005	0.0	65.80580334984123	
4951.84466117878	1850.0	4.982341137648759	0.0	996749.0	4405.551437816977	75.455188	0.0	3.500637999999995	57.52729019743525	
4954.120184462242	1200.0	6.7068178541874435	0.0	520315.0	2275.523283461316	75.14582	0.0	0.3093680000000063	60.65121996179534	
4955.818707291241	750.0	9.008295025188636	0.0	352642.0	1698.5228289988077	81.00828	5.862459999999999	0.0	67.6912292345531	
4958.46831915083	1200.0	10.358683165598901	0.0	709534.0	2649.6118595897346	82.426144	1.4178639999999945	0.0	67.56765661211375	
4961.006006033444	1200.0	11.820996282985677	0.0	584846.0	2537.686882613225	82.430225	0.004080999999999335	0.0	67.14984568949134	
4963.411817415638	1200.0	13.4151849007919	0.0	560821.0	2405.8113821937764	76.960357	0.0	5.469867999999991	56.71266867445105	
4966.213607710506	1200.0	14.613394605923874	0.0	607410.0	2801.7902948680257	82.096766	5.1364090000000004	0.0	68.39672667617816	
4972.701441392288	1850.0	12.125560924141988	0.0	917428.0	6487.8336817818845	82.202545	0.10577899999999829	0.0	66.98732635875223	
4976.616400208195	1200.0	12.210602108234461	0.0	624282.0	3914.958815907527	73.534048	0.0	8.668497000000002	50.41718205886191	
4981.149149546059	1200.0	11.677852770370457	0.0	687371.0	4532.749337864006	70.998108	0.0	2.5359399999999965	54.776127730538505	
4986.380553472257	1850.0	10.44644884417194	0.0	821631.0	5231.403926198515	78.494849	7.496741	0.0	66.04957101492738	
4991.5781931290785	1200.0	9.248809187350584	0.0	587876.0	5197.639656821358	72.569044	0.0	5.925804999999997	52.50991222251557	
4997.060700731422	1200.0	7.766301585007701	0.0	617242.0	5482.507602342883	75.662786	3.0937419999999918	0.0	62.339125264249624	
5002.295195497649	1200.0	6.531806818780895	0.0	581493.0	5234.494766226806	79.137254	3.4744680000000017	0.0	65.39510155551699	
5007.251958191272	1850.0	5.575044125158244	0.0	987708.0	4956.762693622651	79.995224	0.8579699999999946	0.0	65.34207530148709	
5009.184609186369	1200.0	7.64239313006139	0.0	586839.0	1932.6509950968536	79.134663	0.0	0.8605609999999899	63.444560336070744	
5012.270186058867	1850.0	8.556816257564043	0.0	891604.0	3085.5768724973486	81.773294	2.6386310000000037	0.0	67.37851107636527	
5019.263187289775	1850.0	5.563815026656063	0.0	955231.0	6993.001230907978	79.031768	0.0	2.7415260000000075	61.361716707876674	
5024.436619885139	1850.0	4.390382431291642	0.0	968026.0	5173.432595364421	73.123347	0.0	5.908421000000004	52.99779644730492	
5028.68595700128	2850.0	4.141045315150689	0.0	1323990.0	4249.337116140953	89.320458	16.197111000000007	0.0	77.81025400667446	
5032.233549944124	1850.0	4.593452372306114	0.0	897976.0	3547.5929428445756	86.994267	0.0	2.3261910000000086	68.54583583539701	
5036.0678612673755	1850.0	4.759141049054964	0.0	905935.0	3834.3113232511496	89.133614	2.1393470000000008	0.0	73.46320174835421	
5040.0915409072695	1850.0	4.735461409161651	0.0	1076599.0	4023.679639893313	90.791041	1.6574270000000126	0.0	74.72328004362873	
5042.838895047214	1850.0	5.9881072692173225	0.0	758197.0	2747.3541399443284	87.50057	0.0	3.290471000000011	67.95152441266671	
5045.410365623828	1850.0	7.416636692603629	0.0	972798.0	2571.470576613694	88.832031	1.3314610000000044	0.0	72.96706372219077	
5048.411243206349	1850.0	8.415759110082716	0.0	975811.0	3000.8775825209127	89.334885	0.5028539999999992	0.0	73.14603000751325	
5051.1092693810015	1850.0	9.717732935430432	0.0	873429.0	2698.026174652284	87.120667	0.0	2.2142180000000025	68.77168736090755	
5052.889965277954	1200.0	11.937037038477731	0.0	620283.0	1780.6958969526993	72.909556	0.0	14.211111000000002	44.00759190627453	
5054.2705896231755	750.0	14.556412693255957	0.0	369834.0	1380.6243452217732	68.369339	0.0	4.540216999999998	50.42328474062561	
5057.770628838363	1850.0	15.05637347806845	0.0	1035329.0	3500.0392151875067	71.430146	3.060806999999997	0.0	58.744684099017014	
5059.8795868044035	1200.0	16.947415512027334	0.0	690253.0	2108.9579660411137	87.732581	16.302435000000003	0.0	76.4968627852952	
5062.584188786502	1200.0	18.24281352992928	0.0	598727.0	2704.6019820980537	77.763467	0.0	9.96911399999999	52.61912849502004	
5064.095205768365	750.0	20.731796548065766	0.0	321064.0	1511.016981863515	67.040505	0.0	10.72296200000001	42.738008305810055	
5066.165378680506	750.0	22.661623635924204	0.0	361565.0	2070.1729121415615	66.788635	0.0	0.2518699999999967	53.6345161054191	
5068.294875208632	750.0	24.53212710779882	0.0	378327.0	2129.496528125382	62.32333	0.0	4.465305000000001	45.38239461526515	
5070.285701076182	750.0	26.541301240249034	0.0	390680.0	1990.8258675497846	61.525566	0.0	0.7977640000000008	48.59802426280343	
5074.746526165311	750.0	26.080476151119882	0.0	345516.0	4460.825089129152	79.583372	18.057806	0.0	70.11833935431406	
5082.535490247758	750.0	22.291512068671782	0.0	384505.0	7788.964082448098	64.443828	0.0	15.139544	35.852891186903015	
5086.381606598993	300.0	22.445395717437172	0.0	145210.0	3846.1163512346106	23.926655	0.0	40.517173	-25.3867828879665	
5092.408433605789	300.0	20.41856871064166	0.0	172312.0	6026.827006795509	26.146503	2.219847999999999	0.0	20.143335165183682	
5099.372737294293	300.0	17.454265022137204	0.0	167025.0	6964.303688504462	26.908827	0.7623239999999996	0.0	20.354647499322645	
5106.2298280909035	300.0	14.597174225526974	0.0	160064.0	6857.090796610229	27.591437	0.6826100000000004	0.0	20.908998154259805	
5112.114328424252	300.0	12.712673892178278	0.0	137507.0	5884.500333348697	25.36694	0.0	2.2244969999999995	16.461482028123115	
5124.7088543172595	750.0	4.1181479991710255	0.0	314107.0	12594.525893007252	75.210559	49.843619000000004	0.0	75.88626749999804	
