17737.392141269174	750.0	4.0	5.057839080863765	450283.0	5057.839080863765	64.858346	0.0	0.0	-93.37811055492759	
17741.05643011638	750.0	4.335711152796858	0.0	398865.0	3664.2888472031423	57.017244	0.0	7.841101999999999	37.30694774282116	
17744.425105839127	750.0	4.967035430050613	0.0	350812.0	3368.6757227462435	60.430767	3.413523000000005	0.0	49.53439726135709	
17747.829691187824	750.0	5.562450081353098	0.0	382355.0	3404.585348697515	55.551349	0.0	4.879418000000001	39.207823032133746	
17751.363877620508	750.0	6.028263648670959	0.0	411561.0	3534.1864326821387	51.003805	0.0	4.547544000000002	35.708620955217725	
17754.292165346327	750.0	7.099975922849096	0.0	318564.0	2928.2877258218623	62.986308	11.982503000000001	0.0	54.252000083560986	
17757.221005873864	750.0	8.171135395314808	0.0	352642.0	2928.840527534289	81.00828	18.021971999999998	0.0	71.31441799403183	
17761.138587347992	750.0	8.253553921186809	0.0	437162.0	3917.581474127999	69.475262	0.0	11.533017999999998	43.94053818670605	
17765.560764259928	750.0	7.831377009252651	0.0	374758.0	4422.176911934158	70.789292	1.3140300000000025	0.0	57.681454273815504	
17769.778147655823	750.0	7.613993613359009	0.0	362795.0	4217.383395893642	64.786022	0.0	6.0032700000000006	45.836272051926805	
17772.850664396476	750.0	8.541476872707115	0.0	353220.0	3072.516740651894	70.008689	5.222667000000001	0.0	58.18502339881593	
17776.581347631414	750.0	8.81079363776877	0.0	405134.0	3730.683234938346	59.00323	0.0	11.005459000000002	35.63150226952917	
17780.45172156342	750.0	8.94041970576578	0.0	386351.0	3870.373932002989	59.358241	0.3550109999999975	0.0	47.71472422025977	
17784.64032081743	750.0	8.751820451753868	0.0	434409.0	4188.599254011911	56.692976	0.0	2.665264999999998	42.523882025230556	
17789.246912011433	750.0	8.145229257749605	0.0	337059.0	4606.591194004263	54.76216	0.0	1.930816	41.66792139000558	
17794.091453881632	750.0	7.300687387551448	0.0	366214.0	4844.541870198158	58.858709	4.096548999999996	0.0	48.406541934633836	
17799.188980820436	750.0	6.203160448747483	0.0	360831.0	5097.526938803964	60.531124	1.6724150000000009	0.0	49.100589048161304	
17803.826446049745	750.0	5.565695219437443	0.0	372963.0	4637.46522931004	69.564049	9.032924999999999	0.0	58.9438058139744	
17807.00512653434	750.0	6.38701473484613	0.0	405596.0	3178.680484591313	60.564875	0.0	8.999173999999996	39.08272725573663	
17809.917099376853	750.0	7.475041892332367	0.0	350713.0	2911.972842513764	67.172129	6.6072539999999975	0.0	56.195305162945644	
17813.908818820422	750.0	7.48332244876655	0.0	386472.0	3991.7194435658166	62.777649	0.0	4.3944800000000015	45.8423031210838	
17818.064397915106	750.0	7.3277433540815355	0.0	399894.0	4155.579094685015	55.443233	0.0	7.334415999999997	36.51150936895389	
17824.83916194318	1200.0	4.552979326009512	0.0	656471.0	6774.764028072023	63.455907	8.012674000000004	0.0	53.466807853156645	
17827.8038050832	750.0	5.588336185988483	0.0	343800.0	2964.6431400210286	55.451197	0.0	8.004710000000003	35.8070729127465	
17830.8349843289	750.0	6.557156940290474	0.0	359903.0	3031.1792456980093	66.786337	11.335140000000003	0.0	57.277353060696605	
17833.859272145244	750.0	7.532869123946297	0.0	379700.0	3024.287816344177	66.676537	0.0	0.109800000000007	53.69031629537219	
17836.64112809083	750.0	8.751013178361955	0.0	425781.0	2781.8559455843433	65.665965	0.0	1.0105719999999963	51.87874368281537	
17838.99376313455	750.0	10.398378134639795	0.0	277716.0	2352.6350437221595	68.231907	2.565942000000007	0.0	55.88863627581473	
17844.1549891604	750.0	9.23715210878905	0.0	400396.0	5161.226025850744	69.601487	1.3695799999999991	0.0	56.69205323288801	
17851.320806455402	750.0	6.071334813784183	0.0	400508.0	7165.817295004867	67.821489	0.0	1.7799980000000062	52.88789921294314	
17856.287405332292	750.0	5.104735936893714	0.0	358218.0	4966.598876890469	64.789531	0.0	3.031958000000003	48.99180250230414	
17860.808692798684	750.0	4.583448470503026	0.0	400322.0	4521.287466390689	60.651768	0.0	4.137763	44.31426861062449	
17862.67704948637	300.0	6.715091782820721	0.0	143881.0	1868.3566876823045	25.091594	0.0	35.560173999999996	-19.140824429842464	
17865.17132780532	300.0	8.2208134638698	0.0	163444.0	2494.2783189509228	17.178658	0.0	7.912936000000002	3.491389644148983	
17867.54713993192	300.0	9.845001337271043	0.0	179328.0	2375.812126598756	28.893466	11.714808000000001	0.0	25.298969194880584	
17872.121444359407	750.0	9.27069690978661	0.0	365161.0	4574.304427484435	60.276519	31.383053	0.0	57.73788894705108	
17876.55453391428	750.0	8.837607354912569	0.0	321064.0	4433.08955487404	67.040505	6.763985999999996	0.0	56.13053433110116	
17880.084387732826	750.0	9.307753536364558	0.0	361565.0	3529.85381854801	66.788635	0.0	0.2518699999999967	53.6345161054191	
17884.764794847375	750.0	8.627346421815718	0.0	378327.0	4680.407114548841	62.32333	0.0	4.465305000000001	45.38239461526515	
17891.195739393348	750.0	6.196401875844361	0.0	390680.0	6430.944545971355	61.525566	0.0	0.7977640000000008	48.59802426280343	
17896.49153535488	750.0	4.900605914313799	0.0	345516.0	5295.795961530563	79.583372	18.057806	0.0	70.11833935431406	
17899.09358801712	300.0	6.298553252070331	0.0	161857.0	2602.0526622434686	26.901789	0.0	52.681582999999996	-35.7735638949358	
17901.560057588245	300.0	7.832083680947074	0.0	145210.0	2466.469571123257	23.926655	0.0	2.9751340000000006	14.445278068529426	
17904.17486475074	300.0	9.217276518448726	0.0	172312.0	2614.8071624983486	26.146503	2.219847999999999	0.0	20.143335165183682	
17910.58967605183	750.0	6.8024652173620845	0.0	398987.0	6414.811301086641	63.729239	37.582736	0.0	62.50933052805856	
17916.8185414633	750.0	4.57359980589082	0.0	393804.0	6228.865411471264	62.845425	0.0	0.883814000000001	49.62451534898482	
17921.165857464148	750.0	4.226283805043116	0.0	331053.0	4347.316000847703	60.678126	0.0	2.167299	46.42725130719397	
17925.827827977537	750.0	4.0	0.43568670834488604	314107.0	4661.9705133880025	75.210559	14.532433000000005	0.0	52.81854156424255	
