23919.16170374319	750.0	4.0	4.955564253110452	450283.0	4955.564253110451	64.858346	0.0	0.0	-90.43301346376128	
23922.263573940047	300.0	4.898129803144833	0.0	155580.0	3101.870196855167	18.412623	0.0	46.445723	-36.3468075049402	
23926.795643190515	300.0	4.366060552675044	0.0	139857.0	4532.06925046979	17.596212	0.0	0.8164109999999987	11.374421591985136	
23931.256201262182	300.0	4.0	0.09449751899309194	155432.0	4460.558071668135	19.997309	2.401097	0.0	12.268440668748994	
23935.458775670308	300.0	4.0	0.20257440812354435	163442.0	4202.574408123544	16.877619	0.0	3.119690000000002	2.4887528439503113	
23938.02041215088	300.0	5.4383635194307365	0.0	126289.0	2561.6364805692638	18.579568	1.701948999999999	0.0	13.580570417102745	
23941.56516054649	300.0	5.893615123821788	0.0	153295.0	3544.7483956089477	42.291519	23.711951000000003	0.0	40.220602433691965	
23945.739503748857	300.0	5.719271921455934	0.0	173849.0	4174.343202365854	35.451274	0.0	6.840245000000003	20.10461217328575	
23949.453191751647	300.0	6.005583918662889	0.0	150710.0	3713.6880027930442	28.497356	0.0	6.953917999999998	14.094724445226447	
23954.123320039922	300.0	5.335455630391578	0.0	139105.0	4670.128288271311	21.660501	0.0	6.836855	8.428788135904757	
23959.659014401062	300.0	4.0	0.20023873074991025	141840.0	5535.694361141488	2.177717	0.0	19.482784	-27.254576609877304	
23963.077357952938	300.0	4.5816564481259725	0.0	156148.0	3418.343551874027	19.431299	17.253581999999998	0.0	18.935846683464327	
23965.727430220868	300.0	5.931584180193429	0.0	160746.0	2650.0722679325436	21.445722	2.0144230000000007	0.0	16.101027757711584	
23967.903969957315	300.0	7.755044443746576	0.0	179801.0	2176.5397364468536	23.726678	2.2809559999999998	0.0	18.112191156964666	
23973.741808854767	750.0	5.917205546294728	0.0	337059.0	5837.838897451848	54.76216	31.035482000000002	0.0	52.96420597107542	
23977.482969657565	750.0	6.176044743494311	0.0	366214.0	3741.160802800417	58.858709	4.096548999999996	0.0	48.406541934633836	
23980.65782851176	750.0	7.0011858893017775	0.0	360831.0	3174.858854192533	60.531124	1.6724150000000009	0.0	49.100589048161304	
23982.08882749208	300.0	9.570186908981901	0.0	150616.0	1430.9989803198773	35.116669	0.0	25.414454999999997	0.11401900957756439	
23983.467179891468	300.0	12.191834509594177	0.0	165384.0	1378.3523993877243	26.310814	0.0	8.805855000000001	10.278036555919055	
23984.830585566953	300.0	14.82842883410714	0.0	140881.0	1363.4056754870385	26.782579	0.47176499999999777	0.0	20.161149610747803	
23986.48611218198	300.0	17.17290221908106	0.0	157671.0	1655.5266150260773	28.807059	2.0244800000000005	0.0	22.338348860461206	
23990.088834821418	750.0	17.570179579644112	0.0	399894.0	3602.7226394369495	55.443233	26.636174	0.0	52.23013877627525	
23993.19617376989	750.0	18.46284063116985	0.0	401853.0	3107.338948474263	47.960406	0.0	7.482827	30.016831048248612	
24001.580932240024	750.0	14.078082161037269	0.0	343800.0	8384.75847013258	55.451197	7.4907910000000015	0.0	46.53210385732817	
24009.927316095713	750.0	9.731698305347933	0.0	359903.0	8346.383855689337	66.786337	11.335140000000003	0.0	57.277353060696605	
24016.90592956212	750.0	6.753084838941863	0.0	379700.0	6978.613466406069	66.676537	0.0	0.109800000000007	53.69031629537219	
24022.3266256867	750.0	5.3323887143615805	0.0	425781.0	5420.696124580283	65.665965	0.0	1.0105719999999963	51.87874368281537	
24025.12825399968	750.0	6.53076040138082	0.0	277716.0	2801.62831298076	68.231907	2.565942000000007	0.0	55.88863627581473	
24030.0246584013	750.0	5.634355999760338	0.0	400396.0	4896.4044016204825	69.601487	1.3695799999999991	0.0	56.69205323288801	
24032.92631843096	750.0	6.732695970099849	0.0	400508.0	2901.6600296604897	67.821489	0.0	1.7799980000000062	52.88789921294314	
24035.20857709866	750.0	8.4504373023986	0.0	358218.0	2282.258667701249	64.789531	0.0	3.031958000000003	48.99180250230414	
24039.479541210007	1200.0	8.17947319105218	0.0	620283.0	4270.9641113464195	72.909556	8.120024999999998	0.0	61.5051011352081	
24042.409473907923	750.0	9.249540493138873	0.0	369834.0	2929.932697913307	68.369339	0.0	4.540216999999998	50.42328474062561	
24050.935133140312	1200.0	4.723881260749578	0.0	670129.0	8525.659232389295	62.28877	0.0	6.080568999999997	43.639332434497476	
24055.17289978532	1200.0	4.486114615739894	0.0	690253.0	4237.766645009684	87.732581	25.443810999999997	0.0	79.22073285256175	
24058.34800265246	1200.0	5.311011748600709	0.0	598727.0	3175.1028671391846	77.763467	0.0	9.96911399999999	52.61912849502004	
24061.906960359567	1200.0	5.752054041492444	0.0	487812.0	3558.957707108265	77.846693	0.08322599999999625	0.0	63.29163035592236	
24064.572220403337	750.0	7.086793997722256	0.0	361565.0	2665.2600437701885	66.788635	0.0	11.058058000000003	42.16916284841154	
24067.11025657711	750.0	8.548757823947799	0.0	378327.0	2538.0361737744574	62.32333	0.0	4.465305000000001	45.38239461526515	
24070.03645648397	750.0	9.622557917092605	0.0	390680.0	2926.199906855194	61.525566	0.0	0.7977640000000008	48.59802426280343	
24072.34401474017	750.0	11.314999660889926	0.0	345516.0	2307.558256202679	79.583372	18.057806	0.0	70.11833935431406	
24074.788341934178	750.0	12.870672466880578	0.0	384505.0	2444.3271940093473	64.443828	0.0	15.139544	35.852891186903015	
24077.09635776962	750.0	14.562656631437207	0.0	372093.0	2308.0158354433725	58.879512	0.0	5.564315999999998	41.299771933747785	
24080.035028801718	750.0	15.623985599338823	0.0	438281.0	2938.671032098384	62.327504	3.4479919999999993	0.0	51.15101669476942	
24086.686107364996	750.0	12.972907036057256	0.0	398987.0	6651.078563281566	63.729239	1.4017350000000022	0.0	51.728421217727	
24092.688094937843	750.0	10.97091946321285	0.0	393804.0	6001.987572844408	62.845425	0.0	0.883814000000001	49.62451534898482	
24100.496490013516	1200.0	7.16252438753687	0.0	538612.0	7808.39507567598	74.51099	11.665565000000008	0.0	63.91782743622792	
24106.547244088393	1200.0	5.111770312663431	0.0	550906.0	6050.754074873438	86.366143	11.855152999999987	0.0	74.01446138471348	
