23151.37329579144	750.0	4.0	3.5949223786930258	450283.0	3594.9223786930256	64.858346	0.0	0.0	-51.25208777077207	
23154.67290238117	750.0	4.700393410267405	0.0	398865.0	3299.6065897325957	57.017244	0.0	7.841101999999999	37.30694774282116	
23158.04286268099	750.0	5.330433110446052	0.0	350812.0	3369.960299821353	60.430767	3.413523000000005	0.0	49.53439726135709	
23161.37077549323	750.0	6.002520298205901	0.0	382355.0	3327.9128122401503	55.551349	0.0	4.879418000000001	39.207823032133746	
23166.987945197587	1200.0	4.385350593850123	0.0	652874.0	5617.169704355779	64.23322	8.681871000000001	0.0	54.32451676193826	
23169.29228165118	750.0	6.08101414025912	0.0	318564.0	2304.336453591003	62.986308	0.0	1.2469120000000018	49.35858274895686	
23171.92439333019	750.0	7.4489024612446935	0.0	352642.0	2632.111679014426	81.00828	18.021971999999998	0.0	71.31441799403183	
23177.81316841915	1200.0	5.56012737228521	0.0	709534.0	5888.775088959484	82.426144	1.4178639999999945	0.0	67.56765661211375	
23182.639423903234	1200.0	4.7338718881991255	0.0	584846.0	4826.255484086085	82.430225	0.004080999999999335	0.0	67.14984568949134	
23186.917240380262	1200.0	4.456055411173359	0.0	560821.0	4277.816477025767	76.960357	0.0	5.469867999999991	56.71266867445105	
23189.955393446206	750.0	5.417902345229184	0.0	353220.0	3038.153065944174	70.008689	0.0	6.951667999999998	49.25310527285025	
23194.868198450666	1200.0	4.50509734077092	0.0	594078.0	4912.805004458264	70.906301	0.8976119999999952	0.0	57.65646860355332	
23198.553103239767	750.0	4.820192551669172	0.0	386351.0	3684.9047891017476	59.358241	0.0	11.54806	35.356462428080405	
23202.688991728704	750.0	4.6843040627313695	0.0	434409.0	4135.888488937802	56.692976	0.0	2.665264999999998	42.523882025230556	
23205.722407239908	750.0	5.650888551527782	0.0	337059.0	3033.4155112035883	54.76216	0.0	1.930816	41.66792139000558	
23209.69590461614	750.0	5.677391175293137	0.0	366214.0	3973.4973762346444	58.858709	4.096548999999996	0.0	48.406541934633836	
23213.883529391504	750.0	5.489766399929699	0.0	360831.0	4187.624775363439	60.531124	1.6724150000000009	0.0	49.100589048161304	
23217.751212485804	750.0	5.622083305628576	0.0	372963.0	3867.683094301123	69.564049	9.032924999999999	0.0	58.9438058139744	
23221.293217835	750.0	6.080077956436687	0.0	405596.0	3542.0053491918884	60.564875	0.0	8.999173999999996	39.08272725573663	
23224.39381947666	750.0	6.979476314773835	0.0	350713.0	3100.6016416628527	67.172129	6.6072539999999975	0.0	56.195305162945644	
23228.050649466124	750.0	7.322646325311724	0.0	386472.0	3656.8299894621114	62.777649	0.0	4.3944800000000015	45.8423031210838	
23232.136684327084	750.0	7.236611464349757	0.0	399894.0	4086.0348609619664	55.443233	0.0	7.334415999999997	36.51150936895389	
23235.942518506774	750.0	7.43077728466225	0.0	401853.0	3805.834179687507	47.960406	0.0	7.482827	30.016831048248612	
23239.086201194896	750.0	8.287094596538514	0.0	343800.0	3143.682688123736	55.451197	7.4907910000000015	0.0	46.53210385732817	
23242.948519794383	750.0	8.42477599705379	0.0	359903.0	3862.3185994847245	66.786337	11.335140000000003	0.0	57.277353060696605	
23248.57352998322	750.0	6.799765808218744	0.0	379700.0	5625.0101888350455	66.676537	0.0	0.109800000000007	53.69031629537219	
23253.263301793395	750.0	6.109993998042125	0.0	425781.0	4689.7718101766195	65.665965	0.0	1.0105719999999963	51.87874368281537	
23255.686308313507	750.0	7.686987477929521	0.0	277716.0	2423.0065201126035	68.231907	2.565942000000007	0.0	55.88863627581473	
23259.670751584694	750.0	7.702544206742472	0.0	400396.0	3984.4432711870495	69.601487	1.3695799999999991	0.0	56.69205323288801	
23263.585056611842	750.0	7.788239179593513	0.0	400508.0	3914.3050271489583	67.821489	0.0	1.7799980000000062	52.88789921294314	
23267.732883344324	750.0	7.640412447109225	0.0	358218.0	4147.826732484289	64.789531	0.0	3.031958000000003	48.99180250230414	
23270.893285063878	750.0	8.480010727559014	0.0	400322.0	3160.4017195502097	60.651768	0.0	4.137763	44.31426861062449	
23273.70695053451	750.0	9.66634525692655	0.0	369834.0	2813.6654706324666	68.369339	7.7175709999999995	0.0	57.54006651746116	
23275.36648440982	300.0	12.006811381616131	0.0	163444.0	1659.5338753104159	17.178658	0.0	51.190681	-42.426248896999155	
23277.194840537544	300.0	14.178455253890952	0.0	179328.0	1828.3561277251795	28.893466	11.714808000000001	0.0	25.298969194880584	
23280.985478583727	750.0	14.38781720770805	0.0	365161.0	3790.638046182901	60.276519	31.383053	0.0	57.73788894705108	
23284.479375701838	750.0	14.89392008959636	0.0	321064.0	3493.89711811169	67.040505	6.763985999999996	0.0	56.13053433110116	
23290.31552543211	750.0	13.057770359321962	0.0	361565.0	5836.149730274399	66.788635	0.0	0.2518699999999967	53.6345161054191	
23296.063298407247	750.0	11.309997384185872	0.0	378327.0	5747.772975136089	62.32333	0.0	4.465305000000001	45.38239461526515	
23303.44613971619	750.0	7.9271560752424435	0.0	390680.0	7382.841308943428	61.525566	0.0	0.7977640000000008	48.59802426280343	
23309.890827108513	750.0	5.4824686829177605	0.0	345516.0	6444.687392324683	79.583372	18.057806	0.0	70.11833935431406	
23314.290896979466	750.0	5.082398811965036	0.0	384505.0	4400.069870952725	64.443828	0.0	15.139544	35.852891186903015	
23318.09636768228	750.0	5.276928109152282	0.0	372093.0	3805.470702812754	58.879512	0.0	5.564315999999998	41.299771933747785	
23322.18860156643	750.0	5.184694224999748	0.0	438281.0	4092.2338841525334	62.327504	3.4479919999999993	0.0	51.15101669476942	
23326.076213088734	750.0	5.297082702693244	0.0	398987.0	3887.611522306505	63.729239	1.4017350000000022	0.0	51.728421217727	
23327.746345272633	300.0	7.626950518793484	0.0	160064.0	1670.13218389976	27.591437	0.0	36.137802	-17.636567298595534	
23332.00599606025	750.0	7.367299731180731	0.0	331053.0	4259.6507876127525	60.678126	33.086689	0.0	58.585645433710944	
23339.055086797274	750.0	4.3182089941550315	0.0	314107.0	7049.0907370257	75.210559	14.532433000000005	0.0	65.36453832212788	
