10073.33713952665	750.0	4.0	1.7227784527213061	450283.0	1722.7784527213062	64.858346	0.0	0.0	2.6580067436171007	
10076.195464353283	1200.0	5.141675173368664	0.0	611087.0	2858.3248266313362	69.839987	4.981640999999996	0.0	57.97033059622316	
10078.423138128164	1200.0	6.914001398485716	0.0	571051.0	2227.673774882948	73.587374	3.7473870000000034	0.0	60.77622417883262	
10080.60035660155	1200.0	8.736782925102322	0.0	617681.0	2177.218473383394	69.474665	0.0	4.112708999999995	51.81297205080018	
10084.722752096674	1850.0	8.61438742997792	0.0	996749.0	4122.395495124401	75.455188	5.980523000000005	0.0	63.023488927640194	
10087.18210052609	1200.0	10.155039000560162	0.0	520315.0	2459.3484294177574	75.14582	0.0	0.3093680000000063	60.65121996179534	
10089.935497749151	750.0	11.401641777499202	0.0	352642.0	2753.3972230609593	81.00828	5.862459999999999	0.0	67.6912292345531	
10093.751080672067	1200.0	11.586058854584014	0.0	709534.0	3815.582922915187	82.426144	1.4178639999999945	0.0	67.56765661211375	
10096.985429905904	1200.0	12.35170962074661	0.0	584846.0	3234.3492338374053	82.430225	0.004080999999999335	0.0	67.14984568949134	
10099.733500553575	1200.0	13.603638973076082	0.0	560821.0	2748.070647670527	76.960357	0.0	5.469867999999991	56.71266867445105	
10101.591777979793	750.0	15.745361546858042	0.0	353220.0	1858.2774262180383	70.008689	0.0	6.951667999999998	49.25310527285025	
10105.44832546247	1200.0	15.888814064182167	0.0	594078.0	3856.5474826758764	70.906301	0.8976119999999952	0.0	57.65646860355332	
10109.377783656926	1200.0	15.959355869726071	0.0	624282.0	3929.458194456097	73.534048	2.6277469999999994	0.0	60.397441453335624	
10113.954168558546	1200.0	15.38297096810575	0.0	687371.0	4576.38490162032	70.998108	0.0	2.5359399999999965	54.776127730538505	
10117.525919616002	1200.0	15.811219910650331	0.0	526950.0	3571.751057455418	67.735752	0.0	3.262355999999997	51.24250829039699	
10121.522294005152	1200.0	15.814845521501805	0.0	587876.0	3996.374389148527	72.569044	4.833292	0.0	60.237368188531434	
10126.227955157345	1200.0	15.109184369307972	0.0	617242.0	4705.661152193833	75.662786	3.0937419999999918	0.0	62.339125264249624	
10129.14191792021	750.0	16.19522160644376	0.0	372963.0	2913.9627628642115	69.564049	0.0	6.098737	49.78149799493421	
10132.640898936716	750.0	16.696240589937567	0.0	405596.0	3498.981016506196	60.564875	0.0	8.999173999999996	39.08272725573663	
10135.637128854944	750.0	17.70001067170854	0.0	350713.0	2996.229918229026	67.172129	6.6072539999999975	0.0	56.195305162945644	
10138.724828150245	750.0	18.612311376406936	0.0	386472.0	3087.699295301605	62.777649	0.0	4.3944800000000015	45.8423031210838	
10143.107835474364	750.0	18.22930405228735	0.0	399894.0	4383.007324119587	55.443233	0.0	7.334415999999997	36.51150936895389	
10153.642370782416	1200.0	11.694768744236173	0.0	656471.0	10534.535308051176	63.455907	8.012674000000004	0.0	53.466807853156645	
10163.000351669216	1200.0	6.336787857435716	0.0	536667.0	9357.980886800457	68.420849	4.964942000000001	0.0	56.763485235890926	
10169.218401757184	750.0	4.118737769468031	0.0	359903.0	6218.050087967686	66.786337	0.0	1.6345120000000009	52.16558832707676	
10172.016434377689	750.0	5.320705148962765	0.0	379700.0	2798.032620505266	66.676537	0.0	0.109800000000007	53.69031629537219	
10176.26257136808	1200.0	5.074568158570143	0.0	696376.0	4246.136990392622	80.745588	14.069051000000002	0.0	69.91408581334386	
10179.558008762016	1200.0	5.77913076463457	0.0	487160.0	3295.4373939355733	80.893459	0.14787099999999498	0.0	65.89120220426116	
10183.243779731112	1200.0	6.093359795540346	0.0	622896.0	3685.7709690942243	80.053124	0.0	0.8403349999999961	64.24386573042244	
10187.080209225162	1200.0	6.2569303014901125	0.0	641447.0	3836.4294940502327	80.154442	0.10131800000000624	0.0	65.2514564240098	
10191.59624456852	1200.0	5.740894958132232	0.0	570392.0	4516.03534335788	78.009495	0.0	2.144947000000002	61.12892222454211	
10196.33770136613	1200.0	4.999438160521075	0.0	620283.0	4741.456797611157	72.909556	0.0	5.099939000000006	53.67453510265016	
10198.818644837624	750.0	6.518494689027195	0.0	369834.0	2480.94347149388	68.369339	0.0	4.540216999999998	50.42328474062561	
10203.553613745686	1850.0	5.783525780965715	0.0	1035329.0	4734.96890806148	71.430146	3.060806999999997	0.0	58.744684099017014	
10206.648453198462	1200.0	6.6886863281883375	0.0	690253.0	3094.839452777377	87.732581	16.302435000000003	0.0	76.4968627852952	
10209.270599699053	1200.0	8.06653982759672	0.0	598727.0	2622.146500591618	77.763467	0.0	9.96911399999999	52.61912849502004	
10211.027613360719	1200.0	10.309526165932068	0.0	487812.0	1757.013661664652	77.846693	0.08322599999999625	0.0	63.29163035592236	
10213.44136018592	1200.0	11.895779340731556	0.0	575591.0	2413.746825200511	77.292461	0.0	0.554231999999999	62.20941215869677	
10216.348742689279	1200.0	12.988396837372287	0.0	605884.0	2907.382503359269	74.001829	0.0	3.290632000000002	56.519254990333565	
10219.793055423619	1200.0	13.544084103030693	0.0	587506.0	3444.3127343415945	72.886388	0.0	1.1154410000000041	57.88246197348263	
10223.151429156496	750.0	14.185710370153352	0.0	345516.0	3358.3737328773414	79.583372	6.6969840000000005	0.0	66.73313750009174	
10225.188093964261	750.0	16.1490455623888	0.0	384505.0	2036.6648077645505	64.443828	0.0	15.139544	35.852891186903015	
10227.364583729135	750.0	17.972555797516428	0.0	372093.0	2176.4897648723727	58.879512	0.0	5.564315999999998	41.299771933747785	
10231.283835745135	1200.0	18.05330378151627	0.0	634861.0	3919.252016000154	75.003938	16.124426000000007	0.0	65.66391940766388	
10234.93660619943	750.0	18.400533327220444	0.0	398987.0	3652.7704542958254	63.729239	0.0	11.274699000000005	39.34830115448027	
10239.708358401267	750.0	17.628781125382986	0.0	393804.0	4771.75220183746	62.845425	0.0	0.883814000000001	49.62451534898482	
10252.701140191417	1200.0	8.635999335233539	0.0	538612.0	12992.781790149447	74.51099	11.665565000000008	0.0	63.91782743622792	
10261.112454332302	750.0	4.224685194348434	0.0	314107.0	8411.314140885104	75.210559	0.6995689999999968	0.0	61.242738256780044	
