14273.918280014004	750.0	4.0	2.855960794164828	450283.0	2855.9607941648283	64.858346	0.0	0.0	-29.973013917654377	
14276.163619105979	1200.0	5.754660908027485	0.0	611087.0	2245.3390919725152	69.839987	4.981640999999996	0.0	57.97033059622316	
14278.985110304395	1200.0	6.933169709609942	0.0	571051.0	2821.491198417543	73.587374	3.7473870000000034	0.0	60.77622417883262	
14284.242988677104	1850.0	5.6752913368995	0.0	933276.0	5257.878372710442	78.955826	5.368452000000005	0.0	65.80580334984123	
14290.062101870379	1850.0	4.0	0.14382185637482053	996749.0	5819.11319327432	75.455188	0.0	3.500637999999995	53.38580846473293	
14293.074808874191	1850.0	4.987292996186863	0.0	801058.0	3012.7070038131374	86.249306	10.794117999999997	0.0	73.59935374672818	
14295.414922780794	1200.0	6.647179089584961	0.0	561791.0	2340.1139066019027	89.177904	2.928597999999994	0.0	73.73588534977478	
14298.169788424057	1200.0	7.892313446322469	0.0	709534.0	2754.865643262491	82.426144	0.0	6.751760000000004	59.981563733654696	
14300.071469310205	1200.0	9.99063256017218	0.0	584846.0	1901.6808861502884	82.430225	0.004080999999999335	0.0	67.14984568949134	
14303.767606413587	1850.0	10.294495456790695	0.0	913888.0	3696.1371033814844	86.733288	4.303063000000009	0.0	72.0750888505126	
14306.40012568032	1200.0	11.661976190057052	0.0	607410.0	2632.519266733644	82.096766	0.0	4.636521999999999	61.946878270919974	
14311.47991117559	1850.0	10.582190694786856	0.0	917428.0	5079.785495270197	82.202545	0.10577899999999829	0.0	66.98732635875223	
14316.562664259198	1850.0	9.499437611180182	0.0	946851.0	5082.753083606673	83.629776	1.4272310000000061	0.0	68.58980497651146	
14321.934527894977	1850.0	8.127573975400656	0.0	1036454.0	5371.863635779527	80.875505	0.0	2.754271000000003	62.909657170689236	
14327.879686522334	1850.0	6.182415348043375	0.0	821631.0	5945.158627357281	78.494849	0.0	2.380656000000002	61.28988207838268	
14332.01019011759	1200.0	6.0519117527874995	0.0	587876.0	4130.503595255876	72.569044	0.0	5.925804999999997	52.50991222251557	
14336.09566442125	1200.0	5.966437449128421	0.0	617242.0	4085.474303659079	75.662786	3.0937419999999918	0.0	62.339125264249624	
14338.331172084372	750.0	7.730929786004321	0.0	372963.0	2235.5076631241	69.564049	0.0	6.098737	49.78149799493421	
14340.451587639856	750.0	9.61051423052016	0.0	405596.0	2120.415555484161	60.564875	0.0	8.999173999999996	39.08272725573663	
14342.405600940852	750.0	11.65650092952494	0.0	350713.0	1954.013300995219	67.172129	6.6072539999999975	0.0	56.195305162945644	
14345.845729917233	750.0	12.21637195314209	0.0	386472.0	3440.1289763828504	62.777649	0.0	4.3944800000000015	45.8423031210838	
14351.236807731893	1200.0	10.825294138483562	0.0	616206.0	5391.077814658528	68.532883	5.7552340000000015	0.0	57.09385149382384	
14356.643358993042	1200.0	9.418742877334104	0.0	656471.0	5406.551261149458	63.455907	0.0	5.076975999999995	45.69259308258809	
14361.906035847987	1200.0	8.15606602238872	0.0	536667.0	5262.676854945384	68.420849	4.964942000000001	0.0	56.763485235890926	
14365.195317308604	750.0	8.866784561771933	0.0	359903.0	3289.2814606167867	66.786337	0.0	1.6345120000000009	52.16558832707676	
14369.553171184705	750.0	8.508930685671745	0.0	379700.0	4357.853876100186	66.676537	0.0	0.109800000000007	53.69031629537219	
14373.732853845548	750.0	8.329248024829019	0.0	425781.0	4179.682660842726	65.665965	0.0	1.0105719999999963	51.87874368281537	
14376.11959448367	750.0	9.942507386705055	0.0	277716.0	2386.7406381239657	68.231907	2.565942000000007	0.0	55.88863627581473	
14380.300657281377	1200.0	9.761444588997954	0.0	622896.0	4181.062797707099	80.053124	11.82121699999999	0.0	68.6578466864324	
14384.282471422206	1200.0	9.779630448169547	0.0	641447.0	3981.814140828408	80.154442	0.10131800000000624	0.0	65.2514564240098	
14394.281006109126	1200.0	4.0	0.21890423874910084	570392.0	9998.534686918647	78.009495	0.0	2.144947000000002	54.82537470511774	
14398.108967376107	1200.0	4.172038733017827	0.0	620283.0	3827.9612669821736	72.909556	0.0	5.099939000000006	53.67453510265016	
14401.21579093687	1200.0	5.065215172254237	0.0	584349.0	3106.82356076359	79.771897	6.862341000000001	0.0	66.94207121321617	
14405.9503366818	1850.0	4.330669427323858	0.0	1035329.0	4734.5457449303785	71.430146	0.0	8.341751000000002	48.982062277546724	
14408.449639508826	1200.0	5.831366600297363	0.0	690253.0	2499.302827026495	87.732581	16.302435000000003	0.0	76.4968627852952	
14411.63656768735	1850.0	6.644438421773799	0.0	943942.0	3186.928178523564	90.168439	2.4358580000000103	0.0	74.42794802438888	
14414.234664839627	1850.0	8.046341269495633	0.0	728962.0	2598.0971522781656	86.066994	0.0	4.101445000000012	65.87698482373372	
14417.138405896987	1850.0	9.14260021213451	0.0	938587.0	2903.7410573611232	86.593761	0.5267670000000066	0.0	70.83169447059112	
14419.710817286908	1850.0	10.570188822213817	0.0	908665.0	2572.4113899206936	82.415248	0.0	4.178512999999995	62.70254805849999	
14422.08583100119	1850.0	12.195175107932311	0.0	930577.0	2375.0137142815065	83.556577	1.141328999999999	0.0	68.44262199794545	
14423.728714920915	1200.0	14.552291188206668	0.0	566904.0	1642.883919725642	86.974261	3.417683999999994	0.0	72.01535138746164	
14426.969786410935	1850.0	15.311219698187344	0.0	1025005.0	3241.0714900193257	85.276808	0.0	1.6974529999999959	67.7584082266182	
14432.264628491448	2850.0	14.016377617674253	0.0	1343002.0	5294.842080513089	87.659279	2.3824709999999953	0.0	72.28702985263917	
14435.978980419253	1850.0	14.302025689868882	0.0	973972.0	3714.351927805372	84.84845	0.0	2.8108289999999982	66.21434068733927	
14441.285087981683	1850.0	12.99591812743951	0.0	958994.0	5306.107562429373	87.119023	2.270572999999999	0.0	71.79614403033668	
14447.134999132493	1850.0	11.146006976630082	0.0	982064.0	5849.9111508094265	86.680563	0.0	0.4384599999999921	70.28304003058662	
14453.388038590885	2850.0	8.892967518238565	0.0	1231456.0	6253.039458391517	92.485503	5.804939999999988	0.0	77.39416269406718	
14459.736086774155	2850.0	6.544919334968521	0.0	1364537.0	6348.048183270044	97.895096	5.409593000000001	0.0	81.85775079398817	
