24497.735184053985	750.0	4.0	5.693969597015465	450283.0	5693.969597015464	64.858346	0.0	0.0	-111.69606986001969	
24501.95180882681	750.0	4.0	0.21662477282360304	398865.0	4216.624772823603	57.017244	0.0	7.841101999999999	31.069039526968034	
24505.51213926258	750.0	4.439669564229602	0.0	350812.0	3560.3304357703987	60.430767	3.413523000000005	0.0	49.53439726135709	
24509.3341138629	750.0	4.617694963906462	0.0	382355.0	3821.974600323139	55.551349	0.0	4.879418000000001	39.207823032133746	
24513.739601455378	750.0	4.212207371427448	0.0	411561.0	4405.487592479014	51.003805	0.0	4.547544000000002	35.708620955217725	
24516.772253888634	750.0	5.179554938173249	0.0	318564.0	3032.6524332541994	62.986308	11.982503000000001	0.0	54.252000083560986	
24520.359200316216	750.0	5.592608510590567	0.0	352642.0	3586.9464275826813	81.00828	18.021971999999998	0.0	71.31441799403183	
24522.17204119553	300.0	7.779767631282124	0.0	173849.0	1812.8408793084434	35.451274	0.0	45.557006	-20.973827497774316	
24526.1997594259	750.0	7.752049400908811	0.0	374758.0	4027.718230373314	70.789292	35.338018000000005	0.0	67.81963505559679	
24530.12755372953	750.0	7.824255097280699	0.0	362795.0	3927.7943036281113	64.786022	0.0	6.0032700000000006	45.836272051926805	
24534.018580232525	750.0	7.933228594286673	0.0	353220.0	3891.026502994027	70.008689	5.222667000000001	0.0	58.18502339881593	
24539.827968204445	750.0	6.123840622362968	0.0	405134.0	5809.387971923705	59.00323	0.0	11.005459000000002	35.63150226952917	
24544.511320252088	750.0	5.440488574722372	0.0	386351.0	4683.352047640596	59.358241	0.3550109999999975	0.0	47.71472422025977	
24546.365576178454	300.0	7.586232648356896	0.0	179801.0	1854.2559263654764	23.726678	0.0	35.631563	-20.372516939980503	
24548.211708970462	300.0	9.740099856351332	0.0	140051.0	1846.1327920055642	21.119447	0.0	2.6072309999999987	12.458195192670239	
24550.08424667455	300.0	11.867562152264684	0.0	138313.0	1872.537704086648	19.984984	0.0	1.1344630000000002	13.060022413833098	
24552.02453237381	300.0	13.927276453005323	0.0	143509.0	1940.285699259361	18.452936	0.0	1.5320479999999996	11.340692041651348	
24554.3120090806	300.0	15.639799746212269	0.0	150616.0	2287.4767067930534	35.116669	16.663733	0.0	32.04404556367689	
24560.572914230168	750.0	13.378894596646115	0.0	405596.0	6260.905149566156	60.564875	25.448206	0.0	56.21368234169137	
24564.79685931532	750.0	13.154949511493273	0.0	350713.0	4223.945085152843	67.172129	6.6072539999999975	0.0	56.195305162945644	
24569.201450991623	750.0	12.750357835189948	0.0	386472.0	4404.591676303325	62.777649	0.0	4.3944800000000015	45.8423031210838	
24575.648368870687	750.0	10.303439956127509	0.0	399894.0	6446.917879062438	55.443233	0.0	7.334415999999997	36.51150936895389	
24585.112436221403	750.0	4.839372605410459	0.0	401853.0	9464.06735071705	47.960406	0.0	7.482827	30.016831048248612	
24590.05010080154	750.0	4.0	0.09829197473153908	343800.0	4937.664580141998	55.451197	7.4907910000000015	0.0	43.70169665718042	
24593.84678369844	750.0	4.203317103102969	0.0	359903.0	3796.682896897031	66.786337	11.335140000000003	0.0	57.277353060696605	
24597.45550429424	750.0	4.594596507300377	0.0	379700.0	3608.720595802592	66.676537	0.0	0.109800000000007	53.69031629537219	
24599.4385340263	300.0	6.61156677524486	0.0	181901.0	1983.0297320555176	27.469573	0.0	39.206964	-20.996151468092872	
24602.900560797636	750.0	7.149540003908216	0.0	277716.0	3462.0267713366443	68.231907	40.76233400000001	0.0	67.27007478642625	
24604.761800617514	300.0	9.28830018402741	0.0	153605.0	1861.2398198808055	28.256686	0.0	39.975221000000005	-21.14466441143817	
24606.678341311355	300.0	11.371759490190614	0.0	149029.0	1916.5406938367964	23.365013	0.0	4.891672999999997	11.9361771276123	
24608.834179234884	300.0	13.215921566661752	0.0	157421.0	2155.8379235288603	25.589487	2.224473999999997	0.0	19.672976118502646	
24611.261395921218	300.0	14.788704880327646	0.0	157488.0	2427.2166863341063	17.795984	0.0	7.793502999999998	4.1409219906483	
24614.179008390063	300.0	15.871092411486785	0.0	143881.0	2917.612468840862	25.091594	7.29561	0.0	20.762364294012507	
24619.195438948864	300.0	14.854661852685703	0.0	163444.0	5016.430558801081	17.178658	0.0	7.912936000000002	3.491389644148983	
24624.776703808777	300.0	13.273396992772268	0.0	179328.0	5581.264859913436	28.893466	11.714808000000001	0.0	25.298969194880584	
24634.719601752404	750.0	7.330499049144931	0.0	365161.0	9942.897943627337	60.276519	31.383053	0.0	57.73788894705108	
24639.32275378886	750.0	6.727347012689712	0.0	321064.0	4603.152036455219	67.040505	6.763985999999996	0.0	56.13053433110116	
24644.893020995405	750.0	5.157079806143374	0.0	361565.0	5570.267206546339	66.788635	0.0	0.2518699999999967	53.6345161054191	
24648.33740568368	750.0	5.712695117867475	0.0	378327.0	3444.3846882758985	62.32333	0.0	4.465305000000001	45.38239461526515	
24650.89958236121	750.0	7.150518440338053	0.0	390680.0	2562.1766775294227	61.525566	0.0	0.7977640000000008	48.59802426280343	
24652.89558715393	750.0	9.154513647617556	0.0	345516.0	1996.0047927204967	79.583372	18.057806	0.0	70.11833935431406	
24656.825490405554	750.0	9.224610395997482	0.0	384505.0	3929.9032516200737	64.443828	0.0	15.139544	35.852891186903015	
24659.537065800447	750.0	10.513035001101528	0.0	372093.0	2711.575394895954	58.879512	0.0	5.564315999999998	41.299771933747785	
24663.38776940651	750.0	10.662331395038525	0.0	438281.0	3850.7036060630035	62.327504	3.4479919999999993	0.0	51.15101669476942	
24666.226208657146	750.0	11.823892144401512	0.0	398987.0	2838.4392506370136	63.729239	1.4017350000000022	0.0	51.728421217727	
24670.196454593723	750.0	11.85364620782547	0.0	393804.0	3970.245936576043	62.845425	0.0	0.883814000000001	49.62451534898482	
24678.71740224296	1200.0	7.332698558583987	0.0	538612.0	8520.947649241483	74.51099	11.665565000000008	0.0	63.91782743622792	
24684.77924481028	750.0	5.2708559912679664	0.0	314107.0	6061.84256731602	75.210559	0.6995689999999968	0.0	61.242738256780044	
