13331.863734630642	750.0	4.0	3.974865311257283	450283.0	3974.865311257283	64.858346	0.0	0.0	-62.19289158422989	
13335.703144376697	1200.0	4.1605902539448225	0.0	611087.0	3839.4097460551775	69.839987	4.981640999999996	0.0	57.97033059622316	
13338.348763751184	1200.0	5.514970879456616	0.0	571051.0	2645.619374488207	73.587374	3.7473870000000034	0.0	60.77622417883262	
13341.159645576317	1200.0	6.704089054324043	0.0	617681.0	2810.881825132573	69.474665	0.0	4.112708999999995	51.81297205080018	
13347.13573800612	1850.0	4.727996624520344	0.0	996749.0	5976.092429803699	75.455188	5.980523000000005	0.0	63.023488927640194	
13350.414326104737	1850.0	5.449408525902763	0.0	801058.0	3278.5880986175803	86.249306	10.794117999999997	0.0	73.59935374672818	
13353.200260126661	1200.0	6.663474503979201	0.0	561791.0	2785.934021923562	89.177904	2.928597999999994	0.0	73.73588534977478	
13356.778283878693	1200.0	7.085450751947052	0.0	709534.0	3578.0237520321493	82.426144	0.0	6.751760000000004	59.981563733654696	
13359.536638096532	1200.0	8.327096534108513	0.0	584846.0	2758.3542178385387	82.430225	0.004080999999999335	0.0	67.14984568949134	
13364.562723650199	1850.0	7.301010980441874	0.0	913888.0	5026.0855536666395	86.733288	4.303063000000009	0.0	72.0750888505126	
13367.573133110041	1200.0	8.290601520600385	0.0	607410.0	3010.4094598414895	82.096766	0.0	4.636521999999999	61.946878270919974	
13372.259043201846	1850.0	7.604691428796642	0.0	917428.0	4685.910091803743	82.202545	0.10577899999999829	0.0	66.98732635875223	
13376.281256854267	1850.0	7.582477776376465	0.0	946851.0	4022.213652420177	83.629776	1.4272310000000061	0.0	68.58980497651146	
13381.213040998247	1850.0	6.6506936323965755	0.0	1036454.0	4931.784143979889	80.875505	0.0	2.754271000000003	62.909657170689236	
13385.774851271397	1850.0	6.088883359245962	0.0	821631.0	4561.810273150613	78.494849	0.0	2.380656000000002	61.28988207838268	
13390.213175744873	1850.0	5.65055888577051	0.0	923170.0	4438.324473475453	83.7301	5.235250999999991	0.0	69.80945114237906	
13394.264789757037	1850.0	5.598944873605566	0.0	966699.0	4051.614012164944	86.226021	2.49592100000001	0.0	71.10700694933738	
13397.350980550984	1850.0	6.512754079658815	0.0	885714.0	3086.190793946751	85.258591	0.0	0.9674300000000073	68.51753380735349	
13400.832602347336	1850.0	7.031132283306468	0.0	987708.0	3481.6217963523472	79.995224	0.0	5.263367000000002	59.5019982027586	
13403.070849346415	1200.0	8.792885284227141	0.0	586839.0	2238.2469990793265	79.134663	0.0	0.8605609999999899	63.444560336070744	
13405.42679395806	1200.0	10.436940672581928	0.0	601738.0	2355.9446116452123	74.235946	0.0	4.898717000000005	55.01135256729831	
13409.156471371285	1850.0	10.707263259357159	0.0	955231.0	3729.677413224768	79.031768	4.795822000000001	0.0	65.69949125877463	
13416.72218553902	2850.0	7.141549091622451	0.0	1505760.0	7565.714167734708	85.954529	6.922760999999994	0.0	72.19615249656655	
13420.707763103865	1850.0	7.155971526778018	0.0	874175.0	3985.5775648444346	80.700778	0.0	5.253750999999994	60.109735226601934	
13423.351242731767	1200.0	8.512491898876725	0.0	587236.0	2643.4796279012935	78.698824	0.0	2.001953999999998	61.86443112432193	
13426.241193702432	1200.0	9.62254092821135	0.0	590335.0	2889.9509706653735	79.644231	0.945407000000003	0.0	65.07087268298653	
13428.772084103795	1200.0	11.091650526847799	0.0	696376.0	2530.89040136355	80.745588	1.101356999999993	0.0	66.05008180256124	
13433.511428615871	1200.0	10.352306014769855	0.0	487160.0	4739.344512077945	80.893459	0.14787099999999498	0.0	65.89120220426116	
13440.151359790352	1200.0	7.712374840288057	0.0	622896.0	6639.931174481797	80.053124	0.0	0.8403349999999961	64.24386573042244	
13443.690694353945	1200.0	8.173040276695097	0.0	641447.0	3539.334563592961	80.154442	0.10131800000000624	0.0	65.2514564240098	
13447.184854210673	1200.0	8.678880419967218	0.0	570392.0	3494.1598567278784	78.009495	0.0	2.144947000000002	61.12892222454211	
13450.653501804152	1200.0	9.210232826488049	0.0	620283.0	3468.6475934791697	72.909556	0.0	5.099939000000006	53.67453510265016	
13452.904679993835	750.0	10.959054636805307	0.0	369834.0	2251.1781896827415	68.369339	0.0	4.540216999999998	50.42328474062561	
13455.433693810826	750.0	12.430040819813007	0.0	412837.0	2529.013816992302	49.996929	0.0	18.372409999999995	20.187729359352712	
13458.369401574446	750.0	13.49433305619303	0.0	401088.0	2935.7077636199747	69.915275	19.918345999999993	0.0	62.48480537634975	
13463.551070679232	1200.0	12.312663951405513	0.0	598727.0	5181.6691047875165	77.763467	7.848192000000012	0.0	65.53488519734074	
13470.91915849318	1200.0	8.944576137457966	0.0	487812.0	7368.087813947546	77.846693	0.08322599999999625	0.0	63.29163035592236	
13473.853644814279	750.0	10.010089816359649	0.0	361565.0	2934.486321098319	66.788635	0.0	11.058058000000003	42.16916284841154	
13478.556762434051	1200.0	9.306972196588434	0.0	605884.0	4703.117619771214	74.001829	7.213194000000001	0.0	62.15993849268205	
13484.698807369423	1200.0	7.164927261216196	0.0	587506.0	6142.044935372239	72.886388	0.0	1.1154410000000041	57.88246197348263	
13489.060650673846	750.0	6.803083956792563	0.0	345516.0	4361.843304423633	79.583372	6.6969840000000005	0.0	66.73313750009174	
13495.551033300448	1200.0	4.312701330189491	0.0	641452.0	6490.382626603072	75.706383	0.0	3.8769889999999947	57.34071953352638	
13499.617812422786	1200.0	4.245922207852512	0.0	599477.0	4066.779122336978	71.343181	0.0	4.363202000000001	53.129647516624864	
13502.394184771092	750.0	5.469549859545726	0.0	438281.0	2776.372348306787	62.327504	0.0	9.015677000000004	40.55799003037691	
13505.16361773978	750.0	6.700116890857721	0.0	398987.0	2769.4329686880046	63.729239	1.4017350000000022	0.0	51.728421217727	
13509.849430555983	1200.0	6.014304074655285	0.0	638661.0	4685.812816202436	77.309224	13.579985	0.0	66.8580976027805	
13515.012693852483	1200.0	4.8510407781558476	0.0	538612.0	5163.263296499437	74.51099	0.0	2.7982339999999937	57.47289772290094	
13519.63459739153	1200.0	4.229137239106998	0.0	550906.0	4621.90353904885	86.366143	11.855152999999987	0.0	74.01446138471348	
