1518.3744001862137	750.0	4.0	1.3915974527875299	450283.0	1391.5974527875298	64.858346	0.0	0.0	12.194666163930002	
1521.8247378958524	1850.0	4.549662290361272	0.0	957685.0	3450.337709638728	81.460624	16.602278	0.0	71.27448018930758	
1524.935985334212	1850.0	5.438414852001426	0.0	877771.0	3111.2474383598455	82.465457	1.004833000000005	0.0	67.47787934365968	
1530.1080273568234	2850.0	4.26637282939023	0.0	1520281.0	5172.042022611196	89.788956	7.323498999999998	0.0	75.56294146774755	
1534.2766558456744	2850.0	4.097744340539237	0.0	1472558.0	4168.628488850993	85.928154	0.0	3.8608019999999925	66.01472302608317	
1536.7575259358325	1850.0	5.616874250381223	0.0	801058.0	2480.870090158014	86.249306	0.3211519999999979	0.0	70.47870772988122	
1538.6033311082067	1200.0	7.7710690780069465	0.0	561791.0	1845.8051723742765	89.177904	2.928597999999994	0.0	73.73588534977478	
1542.5445258366904	1850.0	7.829874349523372	0.0	1060487.0	3941.194728483574	90.155937	0.9780329999999964	0.0	73.98296967737969	
1545.8054977592747	1850.0	8.568902426939067	0.0	852833.0	3260.971922584305	90.218296	0.06235900000000072	0.0	73.76293677284315	
1549.3287757424307	1850.0	9.045624443782977	0.0	913888.0	3523.2779831560883	86.733288	0.0	3.4850079999999934	67.09530890568334	
1554.1987095113739	1850.0	8.175690674839855	0.0	939819.0	4869.933768943122	89.239922	2.5066340000000054	0.0	73.66267519085076	
1557.3287321162504	1850.0	9.045668069963522	0.0	917428.0	3130.0226048763343	82.202545	0.0	7.037377000000006	59.489158180343004	
1561.2402951352256	1850.0	9.134105050988175	0.0	946851.0	3911.5630189753474	83.629776	1.4272310000000061	0.0	68.58980497651146	
1565.6792332725915	1850.0	8.695166913622135	0.0	1036454.0	4438.938137366039	80.875505	0.0	2.754271000000003	62.909657170689236	
1570.3044773966465	2850.0	8.069922789567133	0.0	1231445.0	4625.244124055002	88.830113	7.954607999999993	0.0	74.9389488095803	
1573.5053801207866	1850.0	8.86902006542708	0.0	923170.0	3200.902724140053	83.7301	0.0	5.100013000000004	62.83838720493218	
1577.6275972620201	1850.0	8.746802924193423	0.0	966699.0	4122.217141233657	86.226021	2.49592100000001	0.0	71.10700694933738	
1580.279252983726	1200.0	10.09514720248757	0.0	581493.0	2651.655721705853	79.137254	0.0	7.088767000000004	56.83863512869361	
1584.5146975811126	1850.0	9.859702605100994	0.0	987708.0	4235.444597386577	79.995224	0.8579699999999946	0.0	65.34207530148709	
1586.7281247313676	1200.0	11.646275454846018	0.0	586839.0	2213.4271502549764	79.134663	0.0	0.8605609999999899	63.444560336070744	
1590.4307748520837	1850.0	11.943625334130003	0.0	891604.0	3702.650120716015	81.773294	2.6386310000000037	0.0	67.37851107636527	
1596.0794339317642	2850.0	10.294966254449653	0.0	1468126.0	5648.659079680349	89.398189	7.624894999999995	0.0	75.3218079019016	
1603.6920102950382	4300.0	6.682389891175422	0.0	2221506.0	7612.576363274231	99.974279	10.576089999999994	0.0	85.15808233461482	
1608.0906855932474	2850.0	6.283714592966251	0.0	1323990.0	4398.675298209171	89.320458	0.0	10.653820999999994	61.680283532329035	
1611.2143750341588	1850.0	7.160025152054877	0.0	897976.0	3123.6894409113743	86.994267	0.0	2.3261910000000086	68.54583583539701	
1614.7743581563752	1850.0	7.60004202983864	0.0	905935.0	3559.983122216237	89.133614	2.1393470000000008	0.0	73.46320174835421	
1619.116294453096	1850.0	7.2581057331176595	0.0	1076599.0	4341.93629672098	90.791041	1.6574270000000126	0.0	74.72328004362873	
1623.2369727545083	2850.0	7.137427431705622	0.0	1141971.0	4120.678301412037	93.311238	2.520196999999996	0.0	77.11471857796661	
1626.6217327358343	1850.0	7.752667450379629	0.0	972798.0	3384.759981325993	88.832031	0.0	4.479207000000002	67.81789264544551	
1629.6508142333166	1850.0	8.72358595289733	0.0	975811.0	3029.0814974822993	89.334885	0.5028539999999992	0.0	73.14603000751325	
1632.45107690087	1850.0	9.923323285343931	0.0	873429.0	2800.2626675533993	87.120667	0.0	2.2142180000000025	68.77168736090755	
1636.5856481016299	1850.0	9.788752084584008	0.0	954453.0	4134.571200759923	83.67714	0.0	3.443527000000003	64.551065096847	
1640.495703915182	1850.0	9.878696271031904	0.0	885062.0	3910.055813552104	87.533761	3.856621000000004	0.0	72.61998329554336	
1646.9171245282118	2850.0	7.45727565800227	0.0	1587293.0	6421.420613029634	81.858634	0.0	5.675127000000003	60.64324528679841	
1649.076406962473	1200.0	9.297993223741125	0.0	690253.0	2159.282434261145	87.732581	5.873947000000001	0.0	73.38946994749392	
1652.077732844984	1850.0	10.29666734123025	0.0	943942.0	3001.3258825108746	90.168439	2.4358580000000103	0.0	74.42794802438888	
1654.9836109121734	1850.0	11.390789274040785	0.0	728962.0	2905.878067189465	86.066994	0.0	4.101445000000012	65.87698482373372	
1659.5346423480241	1850.0	10.839757838190094	0.0	938587.0	4551.031435850691	86.593761	0.5267670000000066	0.0	70.83169447059112	
1666.6472303171447	1850.0	7.727169869069526	0.0	908665.0	7112.587969120567	82.415248	0.0	4.178512999999995	62.70254805849999	
1670.5863680599243	1850.0	7.788032126289891	0.0	930577.0	3939.137742779635	83.556577	1.141328999999999	0.0	68.44262199794545	
1673.063642795369	1200.0	9.310757390845101	0.0	566904.0	2477.27473544479	86.974261	3.417683999999994	0.0	72.01535138746164	
1677.194416906337	1850.0	9.179983279876998	0.0	1025005.0	4130.774110968103	85.276808	0.0	1.6974529999999959	67.7584082266182	
1682.432380780588	2850.0	7.942019405626037	0.0	1343002.0	5237.963874250961	87.659279	2.3824709999999953	0.0	72.28702985263917	
1685.7587213047516	1850.0	8.615678881462188	0.0	973972.0	3326.340524163851	84.84845	0.0	2.8108289999999982	66.21434068733927	
1690.067421105696	1850.0	8.306979080517962	0.0	958994.0	4308.699800944224	87.119023	2.270572999999999	0.0	71.79614403033668	
1694.5126662805928	1850.0	7.861733905621084	0.0	982064.0	4445.245174896878	86.680563	0.0	0.4384599999999921	70.28304003058662	
1700.0641738230952	2850.0	6.310226363118639	0.0	1231456.0	5551.507542502444	92.485503	5.804939999999988	0.0	77.39416269406718	
1706.3002402212735	2850.0	4.074159964940398	0.0	1364537.0	6236.066398178242	97.895096	5.409593000000001	0.0	81.85775079398817	
