9884.001957762295	750.0	4.0	2.342534869962582	450283.0	2342.534869962582	64.858346	0.0	0.0	-15.188445425937466	
9888.121218156388	1200.0	4.0	0.11926039409261102	611087.0	4119.260394092611	69.839987	4.981640999999996	0.0	54.536118606341624	
9890.258241093781	1200.0	5.862977062606765	0.0	571051.0	2137.022937393235	73.587374	3.7473870000000034	0.0	60.77622417883262	
9895.137370381244	2850.0	4.983847775144067	0.0	1520281.0	4879.129287462698	89.788956	16.201582000000002	0.0	78.20835770906703	
9899.764518782044	2850.0	4.356699374343433	0.0	1472558.0	4627.148400800635	85.928154	0.0	3.8608019999999925	66.01472302608317	
9902.632263015335	1850.0	5.4889551410520285	0.0	801058.0	2867.744233291404	86.249306	0.3211519999999979	0.0	70.47870772988122	
9905.024026702347	1200.0	7.097191454040132	0.0	561791.0	2391.763687011897	89.177904	2.928597999999994	0.0	73.73588534977478	
9910.444630182637	1850.0	5.676587973751687	0.0	1060487.0	5420.603480288445	90.155937	0.9780329999999964	0.0	73.98296967737969	
9913.76877831442	1850.0	6.352439841969553	0.0	852833.0	3324.148131782134	90.218296	0.06235900000000072	0.0	73.76293677284315	
9916.785875718744	1850.0	7.335342437643683	0.0	913888.0	3017.09740432587	86.733288	0.0	3.4850079999999934	67.09530890568334	
9919.723294650652	1850.0	8.397923505736864	0.0	939819.0	2937.4189319068196	89.239922	2.5066340000000054	0.0	73.66267519085076	
9922.596844855267	1850.0	9.52437330112173	0.0	917428.0	2873.5502046151346	82.202545	0.0	7.037377000000006	59.489158180343004	
9925.566045189902	1850.0	10.555172966487167	0.0	946851.0	2969.200334634562	83.629776	1.4272310000000061	0.0	68.58980497651146	
9928.917668732352	1850.0	11.203549424037048	0.0	1036454.0	3351.6235424501187	80.875505	0.0	2.754271000000003	62.909657170689236	
9934.388339746218	2850.0	9.73287841017131	0.0	1231445.0	5470.671013865737	88.830113	7.954607999999993	0.0	74.9389488095803	
9938.628459975036	1850.0	9.492758181352803	0.0	923170.0	4240.120228818507	83.7301	0.0	5.100013000000004	62.83838720493218	
9942.195399617052	1850.0	9.925818539336078	0.0	966699.0	3566.9396420167245	86.226021	2.49592100000001	0.0	71.10700694933738	
9944.700891689245	1200.0	11.420326467144013	0.0	581493.0	2505.4920721920644	79.137254	0.0	7.088767000000004	56.83863512869361	
9948.108354863047	1850.0	12.012863293340764	0.0	987708.0	3407.463173803249	79.995224	0.8579699999999946	0.0	65.34207530148709	
9950.511173977542	1200.0	13.610044178845873	0.0	586839.0	2402.819114494891	79.134663	0.0	0.8605609999999899	63.444560336070744	
9953.219873698743	1200.0	14.901344457644715	0.0	601738.0	2708.6997212011593	74.235946	0.0	4.898717000000005	55.01135256729831	
9959.213417696634	1850.0	12.907800459753096	0.0	955231.0	5993.543997891619	79.031768	4.795822000000001	0.0	65.69949125877463	
9964.305110981824	1850.0	11.816107174563069	0.0	968026.0	5091.6932851900265	73.123347	0.0	5.908421000000004	52.99779644730492	
9968.607162131117	1850.0	11.514056025272025	0.0	874175.0	4302.051149291045	80.700778	7.577431000000004	0.0	67.94181803672566	
9972.429340132128	1200.0	11.691878024258475	0.0	587236.0	3822.1780010135494	78.698824	0.0	2.001953999999998	61.86443112432193	
9976.206773573917	1200.0	11.914444582470363	0.0	590335.0	3777.433441788111	79.644231	0.945407000000003	0.0	65.07087268298653	
9980.673777988548	1200.0	11.447440167838952	0.0	696376.0	4467.004414631412	80.745588	1.101356999999993	0.0	66.05008180256124	
9984.14136357316	1200.0	11.979854583227198	0.0	487160.0	3467.585584611754	80.893459	0.14787099999999498	0.0	65.89120220426116	
9986.507553056856	750.0	13.61366509953241	0.0	400396.0	2366.1894836947863	69.601487	0.0	11.291971999999987	44.303187811671584	
9989.379293301152	750.0	14.741924855234663	0.0	400508.0	2871.7402442977473	67.821489	0.0	1.7799980000000062	52.88789921294314	
9992.215162512628	750.0	15.906055643759146	0.0	358218.0	2835.8692114755177	64.789531	0.0	3.031958000000003	48.99180250230414	
9995.121363250084	750.0	16.9998549063037	0.0	400322.0	2906.2007374554464	60.651768	0.0	4.137763	44.31426861062449	
9998.40360977022	750.0	17.717608386167637	0.0	369834.0	3282.246520136061	68.369339	7.7175709999999995	0.0	57.54006651746116	
10003.764324706324	1200.0	16.356893450064504	0.0	670129.0	5360.714936103134	62.28877	0.0	6.080568999999997	43.639332434497476	
10007.43141066092	750.0	16.68980749546786	0.0	401088.0	3667.0859545966455	69.915275	7.6265049999999945	0.0	58.822186338307795	
10013.751856198625	1200.0	14.369361957762454	0.0	598727.0	6320.4455377054055	77.763467	7.848192000000012	0.0	65.53488519734074	
10021.158797085267	750.0	10.962421071121094	0.0	321064.0	7406.9408866413605	67.040505	0.0	10.72296200000001	42.738008305810055	
10027.211381130272	750.0	8.909837026116188	0.0	361565.0	6052.584045004906	66.788635	0.0	0.2518699999999967	53.6345161054191	
10034.676500533084	750.0	5.444717623303684	0.0	378327.0	7465.119402812503	62.32333	0.0	4.465305000000001	45.38239461526515	
10039.764634639572	1200.0	4.35658351681431	0.0	587506.0	5088.134106489374	72.886388	10.563057999999998	0.0	62.21343448466478	
10041.664830520152	750.0	6.456387636232929	0.0	345516.0	1900.195880581381	79.583372	6.6969840000000005	0.0	66.73313750009174	
10046.032472200826	1200.0	6.088745955560217	0.0	641452.0	4367.641680672712	75.706383	0.0	3.8769889999999947	57.34071953352638	
10049.708918352944	1200.0	6.412299803441989	0.0	599477.0	3676.4461521182275	71.343181	0.0	4.363202000000001	53.129647516624864	
10053.28176373746	1200.0	6.839454418927817	0.0	634861.0	3572.845384514173	75.003938	3.660757000000004	0.0	61.95010051241022	
10058.393106125888	1200.0	5.728112030499447	0.0	630203.0	5111.34238842837	77.745919	2.7419809999999956	0.0	63.99851811947875	
10062.942818759453	1200.0	5.178399396933807	0.0	638661.0	4549.712633565639	77.309224	0.0	0.4366950000000003	62.348315386019244	
10068.009107509039	1850.0	4.112110647346403	0.0	830730.0	5066.288749587405	84.040637	6.731413000000003	0.0	70.51825899442247	
10071.61436107393	1850.0	4.50685708245587	0.0	846370.0	3605.253564890532	92.020773	7.980136000000002	0.0	77.64872889128998	
