6836.895260786902	750.0	4.0	5.105653885378062	450283.0	5105.653885378062	64.858346	0.0	0.0	-94.75498152878438	
6841.050962526562	300.0	4.0	0.15570173966025685	155580.0	4155.701739660257	18.412623	0.0	46.445723	-40.83038132888244	
6845.107047988176	750.0	4.0	0.05608546161372078	350812.0	4056.085461613721	60.430767	42.01814400000001	0.0	59.42244430382129	
6847.6411609273155	1200.0	5.465887060860728	0.0	617681.0	2534.112939139271	69.474665	9.043897999999999	0.0	58.87137604797988	
6852.255500998059	1850.0	4.851546990117164	0.0	996749.0	4614.340070743564	75.455188	5.980523000000005	0.0	63.023488927640194	
6855.088978693356	1850.0	6.0180692948193855	0.0	801058.0	2833.477695297779	86.249306	10.794117999999997	0.0	73.59935374672818	
6857.298748860802	1200.0	7.8082991273728055	0.0	561791.0	2209.7701674465798	89.177904	2.928597999999994	0.0	73.73588534977478	
6860.883331232307	1850.0	8.22371675586889	0.0	1060487.0	3584.582371503915	90.155937	0.9780329999999964	0.0	73.98296967737969	
6863.674174567526	1850.0	9.432873420649402	0.0	852833.0	2790.8433352194884	90.218296	0.06235900000000072	0.0	73.76293677284315	
6866.609725082892	1850.0	10.497322905283436	0.0	913888.0	2935.550515365966	86.733288	0.0	3.4850079999999934	67.09530890568334	
6869.698371430864	1850.0	11.408676557310692	0.0	939819.0	3088.646347972745	89.239922	2.5066340000000054	0.0	73.66267519085076	
6872.769893089124	1850.0	12.337154899051274	0.0	917428.0	3071.5216582594167	82.202545	0.0	7.037377000000006	59.489158180343004	
6878.087970529577	1850.0	11.019077458597472	0.0	946851.0	5318.077440453803	83.629776	1.4272310000000061	0.0	68.58980497651146	
6881.670194532303	1850.0	11.436853455871885	0.0	1036454.0	3582.224002725586	80.875505	0.0	2.754271000000003	62.909657170689236	
6884.622393753307	1850.0	12.4846542348681	0.0	821631.0	2952.1992210037847	78.494849	0.0	2.380656000000002	61.28988207838268	
6886.701878528846	1200.0	14.405169459329551	0.0	587876.0	2079.484775538551	72.569044	0.0	5.925804999999997	52.50991222251557	
6889.188010730001	1200.0	15.91903725817377	0.0	617242.0	2486.13220115578	75.662786	3.0937419999999918	0.0	62.339125264249624	
6891.675503292432	1200.0	17.431544695743227	0.0	581493.0	2487.4925624305424	79.137254	3.4744680000000017	0.0	65.39510155551699	
6897.239166536791	1200.0	15.867881451383582	0.0	639204.0	5563.663244359647	72.000653	0.0	7.136600999999999	50.743888071584934	
6901.879104347215	1200.0	15.227943640959957	0.0	586839.0	4639.937810423626	79.134663	7.1340100000000035	0.0	66.48334667339239	
6906.264962097134	1200.0	14.84208589104029	0.0	601738.0	4385.857749919668	74.235946	0.0	4.898717000000005	55.01135256729831	
6911.280908727533	1200.0	13.826139260641437	0.0	616206.0	5015.946630398851	68.532883	0.0	5.703063	49.32801204213999	
6918.79683904822	1200.0	10.310208939954812	0.0	656471.0	7515.930320686626	63.455907	0.0	5.076975999999995	45.69259308258809	
6925.26403217506	1200.0	7.843015813115599	0.0	536667.0	6467.193126839212	68.420849	4.964942000000001	0.0	56.763485235890926	
6928.9399516204185	750.0	8.167096367756404	0.0	359903.0	3675.919445359196	66.786337	0.0	1.6345120000000009	52.16558832707676	
6932.419818945452	750.0	8.687229042722983	0.0	379700.0	3479.8673250334195	66.676537	0.0	0.109800000000007	53.69031629537219	
6936.851402004241	750.0	8.255645983933704	0.0	425781.0	4431.583058789281	65.665965	0.0	1.0105719999999963	51.87874368281537	
6939.326605451047	750.0	9.780442537128081	0.0	277716.0	2475.203446805622	68.231907	2.565942000000007	0.0	55.88863627581473	
6942.453611488481	750.0	10.653436499693113	0.0	400396.0	3127.006037434968	69.601487	1.3695799999999991	0.0	56.69205323288801	
6946.572030188131	750.0	10.535017800043393	0.0	400508.0	4118.418699649719	67.821489	0.0	1.7799980000000062	52.88789921294314	
6951.054462893544	1200.0	10.052585094631006	0.0	570392.0	4482.432705412387	78.009495	10.188006000000001	0.0	66.44044460886136	
6956.468687174976	1200.0	8.638360813197979	0.0	620283.0	5414.224281433027	72.909556	0.0	5.099939000000006	53.67453510265016	
6959.152343225828	750.0	9.954704762346088	0.0	369834.0	2683.656050851891	68.369339	0.0	4.540216999999998	50.42328474062561	
6961.85618481749	750.0	11.250863170684399	0.0	412837.0	2703.8415916616877	49.996929	0.0	18.372409999999995	20.187729359352712	
6966.195429834224	750.0	10.911618153950325	0.0	401088.0	4339.245016734074	69.915275	19.918345999999993	0.0	62.48480537634975	
6973.022604258085	1200.0	8.084443730089253	0.0	598727.0	6827.174423861072	77.763467	7.848192000000012	0.0	65.53488519734074	
6977.2842519086535	750.0	7.822796079521253	0.0	321064.0	4261.647650568	67.040505	0.0	10.72296200000001	42.738008305810055	
6980.148676133816	750.0	8.958371854359838	0.0	361565.0	2864.424225161416	66.788635	0.0	0.2518699999999967	53.6345161054191	
6982.51060425029	750.0	10.596443737884757	0.0	378327.0	2361.928116475081	62.32333	0.0	4.465305000000001	45.38239461526515	
6985.493163160116	750.0	11.6138848280595	0.0	390680.0	2982.558909825254	61.525566	0.0	0.7977640000000008	48.59802426280343	
6988.3377048699995	750.0	12.769343118175833	0.0	345516.0	2844.541709883668	79.583372	18.057806	0.0	70.11833935431406	
6992.595944069572	750.0	12.51110391860226	0.0	384505.0	4258.239199573574	64.443828	0.0	15.139544	35.852891186903015	
6995.223920929493	750.0	13.883127058681152	0.0	372093.0	2627.976859921107	58.879512	0.0	5.564315999999998	41.299771933747785	
6998.09528780687	750.0	15.011760181304327	0.0	438281.0	2871.3668773768236	62.327504	3.4479919999999993	0.0	51.15101669476942	
7003.4261994991475	750.0	13.680848489027005	0.0	398987.0	5330.911692277324	63.729239	1.4017350000000022	0.0	51.728421217727	
7012.027004991297	1200.0	9.080042996878376	0.0	638661.0	8600.80549214863	77.309224	13.579985	0.0	66.8580976027805	
7017.302090832698	1200.0	7.804957155476989	0.0	538612.0	5275.0858414013865	74.51099	0.0	2.7982339999999937	57.47289772290094	
7022.617123447348	1200.0	6.489924540827943	0.0	550906.0	5315.032614649046	86.366143	11.855152999999987	0.0	74.01446138471348	
