188.96347542784554	750.0	4.0	1.4342768133466879	450283.0	1434.276813346688	64.858346	0.0	0.0	10.965674989886764	
191.10231800442196	1200.0	5.861157423423616	0.0	611087.0	2138.8425765763845	69.839987	4.981640999999996	0.0	57.97033059622316	
194.03932245117048	1850.0	6.924152976675084	0.0	877771.0	2937.004446748531	82.465457	12.625470000000007	0.0	70.94049867874341	
197.72864740079197	1850.0	7.234828027053599	0.0	933276.0	3689.3249496214858	78.955826	0.0	3.509630999999999	60.48244280749914	
202.48082694248052	1850.0	6.4826484853650514	0.0	996749.0	4752.179541688547	75.455188	0.0	3.500637999999995	57.52729019743525	
204.7085374979178	1200.0	8.254937929927769	0.0	520315.0	2227.710555437283	75.14582	0.0	0.3093680000000063	60.65121996179534	
208.5927998386983	1200.0	8.370675589147234	0.0	561791.0	3884.262340780533	89.177904	14.032083999999998	0.0	77.04440839463294	
215.9777927123535	1850.0	4.985682715492043	0.0	1060487.0	7384.992873655192	90.155937	0.9780329999999964	0.0	73.98296967737969	
218.3396591718646	1200.0	6.623816255980952	0.0	584846.0	2361.8664595110913	82.430225	0.0	7.7257120000000015	58.95165796560955	
220.6362791091495	1200.0	8.327196318696084	0.0	560821.0	2296.619937284868	76.960357	0.0	5.469867999999991	56.71266867445105	
223.22237308455794	1200.0	9.74110234328764	0.0	607410.0	2586.0939754084457	82.096766	5.1364090000000004	0.0	68.39672667617816	
228.446458320414	1850.0	8.517017107431569	0.0	917428.0	5224.0852358560705	82.202545	0.10577899999999829	0.0	66.98732635875223	
232.28157021809196	1200.0	8.681905209753626	0.0	624282.0	3835.111897677943	73.534048	0.0	8.668497000000002	50.41718205886191	
235.6466125972138	1200.0	9.316862830631768	0.0	687371.0	3365.0423791218586	70.998108	0.0	2.5359399999999965	54.776127730538505	
238.3497575223223	1200.0	10.613717905523279	0.0	526950.0	2703.144925108489	67.735752	0.0	3.262355999999997	51.24250829039699	
241.18300331973077	1200.0	11.780472108114804	0.0	587876.0	2833.245797408476	72.569044	4.833292	0.0	60.237368188531434	
243.94155263938242	1200.0	13.021922788463153	0.0	617242.0	2758.549319651651	75.662786	3.0937419999999918	0.0	62.339125264249624	
247.09738834022147	1200.0	13.866087087624098	0.0	581493.0	3155.835700839053	79.137254	3.4744680000000017	0.0	65.39510155551699	
254.90647766509747	1200.0	10.056997762748113	0.0	639204.0	7809.089324875986	72.000653	0.0	7.136600999999999	50.743888071584934	
260.11967872621227	750.0	8.843796701633298	0.0	350713.0	5213.201061114814	67.172129	0.0	4.828524000000002	49.10347287348152	
264.7479515188617	750.0	8.215523908983833	0.0	386472.0	4628.272792649467	62.777649	0.0	4.3944800000000015	45.8423031210838	
270.1861451801725	1200.0	6.777330247673049	0.0	616206.0	5438.193661310783	68.532883	5.7552340000000015	0.0	57.09385149382384	
275.5861849775459	1200.0	5.377290450299706	0.0	656471.0	5400.039797373343	63.455907	0.0	5.076975999999995	45.69259308258809	
280.0762776898682	1850.0	4.887197737977358	0.0	874175.0	4490.092712322348	80.700778	17.244870999999996	0.0	70.82244021473207	
282.69575005807843	1850.0	6.267725369767142	0.0	897976.0	2619.4723682102153	86.994267	6.293488999999994	0.0	72.88920259297404	
285.96004529966757	1850.0	7.003430128178028	0.0	905935.0	3264.2952415891136	89.133614	2.1393470000000008	0.0	73.46320174835421	
289.91712191288804	1850.0	7.046353514957598	0.0	1076599.0	3957.0766132204303	90.791041	1.6574270000000126	0.0	74.72328004362873	
291.3660152137207	1200.0	9.597460214124931	0.0	487160.0	1448.893300832668	80.893459	0.0	9.897582000000014	55.345817533980046	
293.1262039225236	1200.0	11.837271505321999	0.0	622896.0	1760.1887088029334	80.053124	0.0	0.8403349999999961	64.24386573042244	
295.31260156637734	1200.0	13.650873861468286	0.0	641447.0	2186.397643853712	80.154442	0.10131800000000624	0.0	65.2514564240098	
297.9166948444935	1200.0	15.04678058335206	0.0	570392.0	2604.0932781162264	78.009495	0.0	2.144947000000002	61.12892222454211	
303.2721526356871	1850.0	13.691322792158422	0.0	954453.0	5355.457791193638	83.67714	5.667644999999993	0.0	69.8934403748377	
307.5141509655512	1850.0	13.449324462294342	0.0	885062.0	4241.998329864081	87.533761	3.856621000000004	0.0	72.61998329554336	
319.187619002088	4300.0	5.775856425757534	0.0	2286761.0	11673.468036536808	99.974277	12.440516000000002	0.0	85.71362656453715	
324.31428574204284	1850.0	4.649189685802719	0.0	1026056.0	5126.666739954815	97.037422	0.0	2.936854999999994	76.40348103841788	
327.83340220870593	1850.0	5.130073219139595	0.0	943942.0	3519.116466663125	90.168439	0.0	6.868983	66.4141484151412	
330.8044365313359	1850.0	6.159038896509627	0.0	728962.0	2971.0343226299674	86.066994	0.0	4.101445000000012	65.87698482373372	
333.4774341879507	1200.0	7.48604123989489	0.0	575591.0	2672.9976566147375	77.292461	0.0	8.774532999999991	53.4876820866369	
337.39372160083576	1850.0	7.5697538270098415	0.0	908665.0	3916.2874128850485	82.415248	5.122787000000002	0.0	68.66239046371803	
341.3266839817122	1850.0	7.636791446133358	0.0	930577.0	3932.9623808764823	83.556577	1.141328999999999	0.0	68.44262199794545	
343.58994196287875	750.0	9.373533464966851	0.0	345516.0	2263.2579811665078	79.583372	0.0	3.973205000000007	60.52206071503834	
345.9802285580593	1200.0	10.983246869786303	0.0	641452.0	2390.2865951805493	75.706383	0.0	3.8769889999999947	57.34071953352638	
354.6892748502765	1850.0	6.274200577569127	0.0	886255.0	8709.046292217176	78.86339	3.157006999999993	0.0	65.06857148325741	
359.9598367234363	1850.0	5.003638704409306	0.0	973972.0	5270.5618731598215	84.84845	5.985060000000004	0.0	70.98000474499611	
363.5663273278634	1850.0	5.397148099982159	0.0	958994.0	3606.4906044271465	87.119023	2.270572999999999	0.0	71.79614403033668	
367.4549311225479	1850.0	5.508544305297639	0.0	982064.0	3888.6037946845195	86.680563	0.0	0.4384599999999921	70.28304003058662	
372.28721448410414	2850.0	4.676260943741449	0.0	1231456.0	4832.28336155619	92.485503	5.804939999999988	0.0	77.39416269406718	
376.33383036482405	2850.0	4.629645063021546	0.0	1364537.0	4046.6158807199026	97.895096	5.409593000000001	0.0	81.85775079398817	
