3229.271833587565	750.0	4.0	4.034106319630938	450283.0	4034.106319630938	64.858346	0.0	0.0	-63.89879053582562	
3232.9029221778255	1200.0	4.368911409739468	0.0	611087.0	3631.0885902605323	69.839987	4.981640999999996	0.0	57.97033059622316	
3237.1949751971943	1200.0	4.076858390370987	0.0	571051.0	4292.053019368481	73.587374	3.7473870000000034	0.0	60.77622417883262	
3240.8486897109206	1200.0	4.423143876644556	0.0	617681.0	3653.714513726432	69.474665	0.0	4.112708999999995	51.81297205080018	
3244.015438436774	1200.0	5.256395150791664	0.0	652874.0	3166.7487258528918	64.23322	0.0	5.241444999999999	46.176398894182356	
3248.79023569179	1850.0	4.481597895775276	0.0	801058.0	4774.797255016388	86.249306	22.016086	0.0	76.94318105795827	
3252.270362113144	1200.0	5.001471474420965	0.0	561791.0	3480.1264213543104	89.177904	2.928597999999994	0.0	73.73588534977478	
3254.9692725427662	1200.0	6.30256104479878	0.0	709534.0	2698.910429622186	82.426144	0.0	6.751760000000004	59.981563733654696	
3256.7872690221693	1200.0	8.48456456539543	0.0	584846.0	1817.9964794033488	82.430225	0.004080999999999335	0.0	67.14984568949134	
3260.1620931207126	1850.0	9.109740466852037	0.0	913888.0	3374.824098543395	86.733288	4.303063000000009	0.0	72.0750888505126	
3262.6781774584783	1200.0	10.593656129086867	0.0	607410.0	2516.0843377651686	82.096766	0.0	4.636521999999999	61.946878270919974	
3266.2752826890774	1850.0	10.996550898487904	0.0	917428.0	3597.1052305989638	82.202545	0.10577899999999829	0.0	66.98732635875223	
3269.961495762531	1850.0	11.31033782503439	0.0	946851.0	3686.213073453513	83.629776	1.4272310000000061	0.0	68.58980497651146	
3275.923958425642	1850.0	9.347875161922905	0.0	1036454.0	5962.462663111484	80.875505	0.0	2.754271000000003	62.909657170689236	
3280.5442489987313	1850.0	8.727584588833441	0.0	821631.0	4620.290573089465	78.494849	0.0	2.380656000000002	61.28988207838268	
3284.1322016884756	1850.0	9.1396318990892	0.0	923170.0	3587.952689744242	83.7301	5.235250999999991	0.0	69.80945114237906	
3287.591111155319	1850.0	9.680722432245654	0.0	966699.0	3458.9094668435473	86.226021	2.49592100000001	0.0	71.10700694933738	
3293.193689533301	1850.0	8.078144054263623	0.0	885714.0	5602.578377982029	85.258591	0.0	0.9674300000000073	68.51753380735349	
3297.13043039736	1850.0	8.14140319020484	0.0	987708.0	3936.740864058783	79.995224	0.0	5.263367000000002	59.5019982027586	
3299.5888706732517	1200.0	9.682962914313357	0.0	586839.0	2458.4402758914844	79.134663	0.0	0.8605609999999899	63.444560336070744	
3303.1815489197293	1850.0	10.090284667835695	0.0	891604.0	3592.6782464776625	81.773294	2.6386310000000037	0.0	67.37851107636527	
3307.7701456097407	2850.0	9.50168797782428	0.0	1468126.0	4588.5966900114145	89.398189	7.624894999999995	0.0	75.3218079019016	
3313.456471950909	4300.0	7.815361636655809	0.0	2221506.0	5686.326341168471	99.974279	10.576089999999994	0.0	85.15808233461482	
3319.929661883334	4300.0	5.342171704230632	0.0	2044075.0	6473.189932425177	99.974278	0.0	9.999999974752427e-07	82.00670639071444	
3325.052342101648	4300.0	4.2194914859169605	0.0	2186790.0	5122.6802183136715	99.95975	0.0	0.014527999999998542	81.97898948094914	
3328.042112286046	2850.0	5.229721301518679	0.0	1480464.0	2989.7701843982813	97.271626	0.0	2.688124000000002	76.8657319735762	
3331.085749821577	2850.0	6.186083765988108	0.0	1547572.0	3043.637535530572	97.509012	0.23738600000000076	0.0	79.98960524126286	
3334.0257629089215	2850.0	7.2460706786434566	0.0	1141971.0	2940.0130873446506	93.311238	0.0	4.1977739999999955	71.90993807585392	
3336.053435047324	1850.0	9.218398540241182	0.0	972798.0	2027.6721384022744	88.832031	0.0	4.479207000000002	67.81789264544551	
3343.1984412457164	2850.0	6.073392341848251	0.0	1561263.0	7145.006198392931	96.863845	8.031813999999997	0.0	81.76573046974684	
3348.3654112759277	2850.0	4.90642231163697	0.0	1341201.0	5166.9700302112815	94.816085	0.0	2.0477599999999967	75.46555707996981	
3352.8618742478316	2850.0	4.409959339733336	0.0	1497683.0	4496.462971903633	92.910185	0.0	1.9059000000000026	74.001961573178	
3355.7057313612513	2850.0	5.566102226313629	0.0	1358081.0	2843.857113419707	95.193139	2.2829540000000037	0.0	78.63781093814865	
3361.1395259365286	4300.0	4.13230765103658	0.0	2286761.0	5433.794575277049	99.974277	4.7811379999999986	0.0	83.43134975324747	
3363.7722312197748	1850.0	5.499602367790493	0.0	1026056.0	2632.705283246087	97.037422	0.0	2.936854999999994	76.40348103841788	
3367.4845911186176	2850.0	5.787242468947566	0.0	1439896.0	3712.3598988429258	97.217465	0.18004299999999773	0.0	79.72560718309609	
3370.48523899406	2850.0	6.7865945935050735	0.0	1139291.0	3000.647875442493	93.825455	0.0	3.392009999999999	73.2003437122793	
3375.927433537865	2850.0	5.344400049700084	0.0	1499009.0	5442.194543804989	93.982147	0.1566919999999925	0.0	76.97865487614874	
3379.530242651655	1850.0	5.741590935910487	0.0	908665.0	3602.809113789597	82.415248	0.0	11.566898999999992	54.86347886137618	
3383.404622186285	1850.0	5.867211401280159	0.0	930577.0	3874.3795346303286	83.556577	1.141328999999999	0.0	68.44262199794545	
3384.8579567449324	750.0	8.413876842632535	0.0	345516.0	1453.3345586476235	79.583372	0.0	3.973205000000007	60.52206071503834	
3387.319553845051	1200.0	9.952279742514234	0.0	641452.0	2461.597100118301	75.706383	0.0	3.8769889999999947	57.34071953352638	
3390.4719101544147	1850.0	10.799923433150221	0.0	886255.0	3152.3563093640137	78.86339	3.157006999999993	0.0	65.06857148325741	
3393.6845306884957	1850.0	11.587302899069021	0.0	973972.0	3212.6205340811985	84.84845	5.985060000000004	0.0	70.98000474499611	
3397.6112678183795	1850.0	11.660565769185151	0.0	958994.0	3926.737129883869	87.119023	2.270572999999999	0.0	71.79614403033668	
3402.7144198083884	1850.0	10.557413779176626	0.0	982064.0	5103.151990008525	86.680563	0.0	0.4384599999999921	70.28304003058662	
3409.5335041789567	2850.0	7.738329408608344	0.0	1231456.0	6819.084370568282	92.485503	5.804939999999988	0.0	77.39416269406718	
3416.4123429379997	1850.0	4.859490649565187	0.0	846370.0	6878.838759043158	92.020773	0.0	0.46472999999998876	74.7777973135027	
