17156.659312380052	750.0	4.0	3.5333118074124745	450283.0	3533.3118074124745	64.858346	0.0	0.0	-49.47795509072393	
17160.985530995087	750.0	4.0	0.3262186150318439	398865.0	4326.218615031844	57.017244	0.0	7.841101999999999	27.913184728798758	
17164.304460407275	750.0	4.681070587810729	0.0	350812.0	3318.9294121892713	60.430767	3.413523000000005	0.0	49.53439726135709	
17167.46203902669	750.0	5.523491968397539	0.0	382355.0	3157.578619413191	55.551349	0.0	4.879418000000001	39.207823032133746	
17172.493913459817	750.0	4.491617535269025	0.0	411561.0	5031.874433128513	51.003805	0.0	4.547544000000002	35.708620955217725	
17177.55270834076	750.0	4.0	0.5671773456734	318564.0	5058.794880942425	62.986308	11.982503000000001	0.0	37.91961030973371	
17179.048991186293	300.0	6.503717154466189	0.0	153295.0	1496.2828455338117	42.291519	0.0	20.694789	11.19796765968998	
17180.606377099608	300.0	8.946331241155551	0.0	173849.0	1557.3859133106382	35.451274	0.0	6.840245000000003	20.10461217328575	
17184.33979135717	750.0	9.21291698359179	0.0	374758.0	3733.4142575637607	70.789292	35.338018000000005	0.0	67.81963505559679	
17190.360192645385	750.0	7.192515695378443	0.0	362795.0	6020.401288213347	64.786022	0.0	6.0032700000000006	45.836272051926805	
17195.51012664484	750.0	6.042581695924295	0.0	353220.0	5149.933999454147	70.008689	5.222667000000001	0.0	58.18502339881593	
17199.487548421355	750.0	6.06515991940534	0.0	405134.0	3977.4217765189564	59.00323	0.0	11.005459000000002	35.63150226952917	
17202.477456024913	750.0	7.075252315848325	0.0	386351.0	2989.9076035570147	59.358241	0.3550109999999975	0.0	47.71472422025977	
17205.949003840244	750.0	7.603704500519525	0.0	434409.0	3471.547815328801	56.692976	0.0	2.665264999999998	42.523882025230556	
17210.32267826999	1200.0	7.230030070774971	0.0	526950.0	4373.674429744554	67.735752	11.042776000000003	0.0	57.99429751138527	
17214.96704723819	1200.0	6.585661102576471	0.0	587876.0	4644.368968198501	72.569044	4.833292	0.0	60.237368188531434	
17220.02811786195	1200.0	5.524590478811736	0.0	617242.0	5061.070623764735	75.662786	3.0937419999999918	0.0	62.339125264249624	
17224.116715540582	750.0	5.435992800182369	0.0	372963.0	4088.597678629367	69.564049	0.0	6.098737	49.78149799493421	
17227.39049226993	750.0	6.1622160708317715	0.0	405596.0	3273.776729350598	60.564875	0.0	8.999173999999996	39.08272725573663	
17230.106470208393	750.0	7.44623813237093	0.0	350713.0	2715.977938460841	67.172129	6.6072539999999975	0.0	56.195305162945644	
17233.59120644308	750.0	7.961501897679477	0.0	386472.0	3484.7362346914542	62.777649	0.0	4.3944800000000015	45.8423031210838	
17237.25201794776	750.0	8.300690393000274	0.0	399894.0	3660.811504679203	55.443233	0.0	7.334415999999997	36.51150936895389	
17243.415626315265	1200.0	6.137082025498087	0.0	656471.0	6163.608367502187	63.455907	8.012674000000004	0.0	53.466807853156645	
17248.07521144829	1200.0	5.477496892476153	0.0	536667.0	4659.585133021933	68.420849	4.964942000000001	0.0	56.763485235890926	
17250.987601882534	750.0	6.565106458231205	0.0	359903.0	2912.3904342449487	66.786337	0.0	1.6345120000000009	52.16558832707676	
17254.302213875235	750.0	7.250494465532549	0.0	379700.0	3314.6119926986557	66.676537	0.0	0.109800000000007	53.69031629537219	
17257.867463677434	750.0	7.685244663333264	0.0	425781.0	3565.2498021992847	65.665965	0.0	1.0105719999999963	51.87874368281537	
17261.128787692	750.0	8.423920648767371	0.0	277716.0	3261.3240145658933	68.231907	2.565942000000007	0.0	55.88863627581473	
17264.86217759476	750.0	8.690530746002661	0.0	400396.0	3733.389902764709	69.601487	1.3695799999999991	0.0	56.69205323288801	
17268.119955303522	750.0	9.432753037239607	0.0	400508.0	3257.7777087630543	67.821489	0.0	1.7799980000000062	52.88789921294314	
17272.936071301676	750.0	8.61663703908745	0.0	358218.0	4816.115998152155	64.789531	0.0	3.031958000000003	48.99180250230414	
17278.586463031483	750.0	6.966245309283258	0.0	400322.0	5650.391729804192	60.651768	0.0	4.137763	44.31426861062449	
17281.7643620112	750.0	7.788346329567271	0.0	369834.0	3177.8989797159875	68.369339	7.7175709999999995	0.0	57.54006651746116	
17286.71817868839	750.0	6.8345296523783965	0.0	412837.0	4953.816677188875	49.996929	0.0	18.372409999999995	20.187729359352712	
17294.06713499075	750.0	4.0	0.5144266499826936	401088.0	7348.95630236109	69.915275	19.918345999999993	0.0	47.67142007164187	
17297.775190349046	750.0	4.2919446417005584	0.0	365161.0	3708.055358299441	60.276519	0.0	9.638755999999994	38.15992246287269	
17300.559254940985	750.0	5.50788004975894	0.0	321064.0	2784.0645919416183	67.040505	6.763985999999996	0.0	56.13053433110116	
17303.344071359443	750.0	6.72306363129949	0.0	361565.0	2784.81641845945	66.788635	0.0	0.2518699999999967	53.6345161054191	
17306.499684516933	750.0	7.567450473809697	0.0	378327.0	3155.6131574897927	62.32333	0.0	4.465305000000001	45.38239461526515	
17309.712440395233	750.0	8.354694595508544	0.0	390680.0	3212.7558783011523	61.525566	0.0	0.7977640000000008	48.59802426280343	
17312.584982702057	750.0	9.482152288683785	0.0	345516.0	2872.542306824759	79.583372	18.057806	0.0	70.11833935431406	
17317.79074990637	1200.0	8.276385084374047	0.0	641452.0	5205.767204309737	75.706383	0.0	3.8769889999999947	57.34071953352638	
17323.54071074532	1200.0	6.526424245421441	0.0	599477.0	5749.9608389526065	71.343181	0.0	4.363202000000001	53.129647516624864	
17327.1910491097	750.0	6.8760858810393435	0.0	438281.0	3650.3383643820976	62.327504	0.0	9.015677000000004	40.55799003037691	
17330.27292418471	750.0	7.794210806029554	0.0	398987.0	3081.8750750097897	63.729239	1.4017350000000022	0.0	51.728421217727	
17336.090053763866	1200.0	5.977081226874534	0.0	638661.0	5817.12957915502	77.309224	13.579985	0.0	66.8580976027805	
17341.22199388414	1200.0	4.845141106596869	0.0	538612.0	5131.940120277665	74.51099	0.0	2.7982339999999937	57.47289772290094	
17346.03190163819	1200.0	4.035233352549444	0.0	550906.0	4809.9077540474245	86.366143	11.855152999999987	0.0	74.01446138471348	
