5129.967905956285	750.0	4.0	5.259051639025879	450283.0	5259.051639025879	64.858346	0.0	0.0	-99.17220997085329	
5133.770691152297	750.0	4.197214803987857	0.0	398865.0	3802.7851960121425	57.017244	0.0	7.841101999999999	37.30694774282116	
5136.865100391977	750.0	5.1028055643086425	0.0	350812.0	3094.4092396792153	60.430767	3.413523000000005	0.0	49.53439726135709	
5140.35915704311	750.0	5.60874891317517	0.0	382355.0	3494.056651133472	55.551349	0.0	4.879418000000001	39.207823032133746	
5145.836069440175	1200.0	4.131836516108855	0.0	652874.0	5476.912397066316	64.23322	8.681871000000001	0.0	54.32451676193826	
5150.280904295513	1200.0	4.0	0.3129983392285658	520315.0	4444.834855337421	75.14582	10.912599999999998	0.0	55.21803041005604	
5152.113098252389	750.0	6.167806043123929	0.0	352642.0	1832.1939568760706	81.00828	5.862459999999999	0.0	67.6912292345531	
5156.364467641957	1200.0	5.916436653556414	0.0	709534.0	4251.369389567515	82.426144	1.4178639999999945	0.0	67.56765661211375	
5159.463293632424	1200.0	6.817610663088921	0.0	584846.0	3098.8259904674937	82.430225	0.004080999999999335	0.0	67.14984568949134	
5165.032537747576	1850.0	5.248366547937726	0.0	913888.0	5569.244115151195	86.733288	4.303063000000009	0.0	72.0750888505126	
5169.105847535258	1200.0	5.175056760255422	0.0	607410.0	4073.3097876823035	82.096766	0.0	4.636521999999999	61.946878270919974	
5173.804508417347	1850.0	4.476395878166492	0.0	917428.0	4698.6608820889305	82.202545	0.10577899999999829	0.0	66.98732635875223	
5177.436274935819	1200.0	4.844629359694725	0.0	624282.0	3631.7665184717657	73.534048	0.0	8.668497000000002	50.41718205886191	
5181.386676371052	1200.0	4.894227924461738	0.0	687371.0	3950.401435232987	70.998108	0.0	2.5359399999999965	54.776127730538505	
5185.496086372786	1850.0	4.784817922728798	0.0	821631.0	4109.410001732941	78.494849	7.496741	0.0	66.04957101492738	
5188.434713711357	1200.0	5.8461905841561	0.0	587876.0	2938.6273385726977	72.569044	0.0	5.925804999999997	52.50991222251557	
5191.423195550374	1200.0	6.857708745140042	0.0	617242.0	2988.4818390160576	75.662786	3.0937419999999918	0.0	62.339125264249624	
5193.642194878349	750.0	8.638709417164293	0.0	372963.0	2218.9993279757487	69.564049	0.0	6.098737	49.78149799493421	
5198.1034486076005	1200.0	8.177455687912634	0.0	639204.0	4461.253729251659	72.000653	2.4366040000000027	0.0	59.041852363208044	
5202.126447438252	1200.0	8.154456857260964	0.0	586839.0	4022.9988306516702	79.134663	7.1340100000000035	0.0	66.48334667339239	
5206.317222645004	1200.0	7.9636816505090104	0.0	601738.0	4190.775206751954	74.235946	0.0	4.898717000000005	55.01135256729831	
5211.0473777967945	1200.0	7.233526498719146	0.0	616206.0	4730.155151789863	68.532883	0.0	5.703063	49.32801204213999	
5216.1086462907315	1200.0	6.1722580047818	0.0	656471.0	5061.268493937347	63.455907	0.0	5.076975999999995	45.69259308258809	
5219.864510025959	1200.0	6.41639426955385	0.0	536667.0	3755.86373522795	68.420849	4.964942000000001	0.0	56.763485235890926	
5222.127103628502	750.0	8.153800667012096	0.0	359903.0	2262.5936025417536	66.786337	0.0	1.6345120000000009	52.16558832707676	
5224.662695879909	750.0	9.618208415604197	0.0	379700.0	2535.5922514078993	66.676537	0.0	0.109800000000007	53.69031629537219	
5228.160337037446	1200.0	10.120567258066986	0.0	696376.0	3497.641157537212	80.745588	14.069051000000002	0.0	69.91408581334386	
5230.8069864366535	1200.0	11.473917858858636	0.0	487160.0	2646.6493992083483	80.893459	0.14787099999999498	0.0	65.89120220426116	
5235.454084533464	1200.0	10.82681976204843	0.0	622896.0	4647.098096810207	80.053124	0.0	0.8403349999999961	64.24386573042244	
5239.817125887564	1200.0	10.463778407949096	0.0	641447.0	4363.041354099333	80.154442	0.10131800000000624	0.0	65.2514564240098	
5244.661274200944	1200.0	9.619630094568143	0.0	570392.0	4844.148313380952	78.009495	0.0	2.144947000000002	61.12892222454211	
5248.149466200907	750.0	10.131438094605976	0.0	400322.0	3488.191999962167	60.651768	0.0	17.357727000000004	30.28790174518381	
5252.280542735174	750.0	10.00036156033825	0.0	369834.0	4131.076534267726	68.369339	7.7175709999999995	0.0	57.54006651746116	
5258.038938972916	1200.0	8.241965322596535	0.0	670129.0	5758.396237741716	62.28877	0.0	6.080568999999997	43.639332434497476	
5261.73988773002	750.0	8.541016565492558	0.0	401088.0	3700.948757103975	69.915275	7.6265049999999945	0.0	58.822186338307795	
5267.340769027229	1200.0	6.940135268284192	0.0	598727.0	5600.881297208367	77.763467	7.848192000000012	0.0	65.53488519734074	
5271.997648612386	1200.0	6.283255683126787	0.0	487812.0	4656.879585157405	77.846693	0.08322599999999625	0.0	63.29163035592236	
5275.371327777191	750.0	6.909576518321649	0.0	361565.0	3373.6791648051376	66.788635	0.0	11.058058000000003	42.16916284841154	
5279.4311284053865	750.0	6.849775890126589	0.0	378327.0	4059.80062819506	62.32333	0.0	4.465305000000001	45.38239461526515	
5284.380354059072	750.0	5.900550236441863	0.0	390680.0	4949.225653684725	61.525566	0.0	0.7977640000000008	48.59802426280343	
5288.625544580854	750.0	5.655359714659849	0.0	345516.0	4245.190521782014	79.583372	18.057806	0.0	70.11833935431406	
5292.167730652277	750.0	6.113173643235826	0.0	384505.0	3542.186071424024	64.443828	0.0	15.139544	35.852891186903015	
5295.852302605345	750.0	6.4286016901686756	0.0	372093.0	3684.5719530671504	58.879512	0.0	5.564315999999998	41.299771933747785	
5300.221997157006	750.0	6.058907138507655	0.0	438281.0	4369.69455166102	62.327504	3.4479919999999993	0.0	51.15101669476942	
5304.130962705339	750.0	6.14994159017525	0.0	398987.0	3908.965548332405	63.729239	1.4017350000000022	0.0	51.728421217727	
5308.302967783632	750.0	5.977936511881899	0.0	393804.0	4172.00507829335	62.845425	0.0	0.883814000000001	49.62451534898482	
5312.710962404102	750.0	5.56994189141181	0.0	331053.0	4407.994620470089	60.678126	0.0	2.167299	46.42725130719397	
5316.852699589795	750.0	5.428204705719108	0.0	314107.0	4141.737185692702	75.210559	14.532433000000005	0.0	65.36453832212788	
