13898.01185711771	750.0	4.0	1.6132241480558394	450283.0	1613.2241480558394	64.858346	0.0	0.0	5.812723022125439	
13900.50675919614	1200.0	5.50509792157064	0.0	611087.0	2494.90207842936	69.839987	4.981640999999996	0.0	57.97033059622316	
13904.478371588593	1850.0	5.533485529118037	0.0	877771.0	3971.6123924526023	82.465457	12.625470000000007	0.0	70.94049867874341	
13908.614363700652	1850.0	5.397493417057965	0.0	933276.0	4135.992112060073	78.955826	0.0	3.509630999999999	60.48244280749914	
13913.14187941456	2850.0	4.869977703152701	0.0	1472558.0	4527.5157139052635	85.928154	6.9723280000000045	0.0	72.18858503636858	
13915.647232638536	1850.0	6.36462447917479	0.0	801058.0	2505.3532239779115	86.249306	0.3211519999999979	0.0	70.47870772988122	
13917.62468132653	1200.0	8.387175791182607	0.0	561791.0	1977.4486879921837	89.177904	2.928597999999994	0.0	73.73588534977478	
13920.904207718906	1200.0	9.107649398804895	0.0	709534.0	3279.5263923777115	82.426144	0.0	6.751760000000004	59.981563733654696	
13923.51190019622	1200.0	10.499956921492991	0.0	584846.0	2607.692477311905	82.430225	0.004080999999999335	0.0	67.14984568949134	
13926.194270890814	1200.0	11.81758622689937	0.0	560821.0	2682.370694593619	76.960357	0.0	5.469867999999991	56.71266867445105	
13929.910999176349	1200.0	12.10085794136273	0.0	607410.0	3716.7282855366407	82.096766	5.1364090000000004	0.0	68.39672667617816	
13936.935910755315	1850.0	9.075946362395621	0.0	917428.0	7024.91157896711	82.202545	0.10577899999999829	0.0	66.98732635875223	
13942.161141163788	1200.0	7.85071595392518	0.0	624282.0	5225.230408470442	73.534048	0.0	8.668497000000002	50.41718205886191	
13948.555487085066	1200.0	5.4563700326449585	0.0	687371.0	6394.345921280221	70.998108	0.0	2.5359399999999965	54.776127730538505	
13952.538092986833	1200.0	5.473764130878182	0.0	526950.0	3982.6059017667762	67.735752	0.0	3.262355999999997	51.24250829039699	
13955.829790170113	1200.0	6.182066947598292	0.0	587876.0	3291.6971832798904	72.569044	4.833292	0.0	60.237368188531434	
13959.159811196592	1200.0	6.852045921119192	0.0	617242.0	3330.0210264791	75.662786	3.0937419999999918	0.0	62.339125264249624	
13960.812308964089	750.0	9.199548153622377	0.0	372963.0	1652.4977674968152	69.564049	0.0	6.098737	49.78149799493421	
13964.004923789007	1200.0	10.006933328703823	0.0	639204.0	3192.614824918555	72.000653	2.4366040000000027	0.0	59.041852363208044	
13968.176670337138	750.0	9.835186780575157	0.0	350713.0	4171.746548128665	67.172129	0.0	4.828524000000002	49.10347287348152	
13974.438063684436	750.0	7.573793433277215	0.0	386472.0	6261.393347297942	62.777649	0.0	4.3944800000000015	45.8423031210838	
13979.212531788862	1200.0	6.799325328851146	0.0	616206.0	4774.46810442607	68.532883	5.7552340000000015	0.0	57.09385149382384	
13985.883103856884	1850.0	4.128753260828911	0.0	968026.0	6670.572068022235	73.123347	4.590463999999997	0.0	60.634452170993036	
13989.134353885247	1850.0	4.877503232466099	0.0	874175.0	3251.250028362812	80.700778	7.577431000000004	0.0	67.94181803672566	
13992.155362901432	1850.0	5.856494216280562	0.0	897976.0	3021.009016185537	86.994267	6.293488999999994	0.0	72.88920259297404	
13995.389316289396	1850.0	6.622540828315588	0.0	905935.0	3233.953387964973	89.133614	2.1393470000000008	0.0	73.46320174835421	
13998.50078323049	1850.0	7.511073887224149	0.0	1076599.0	3111.466941091439	90.791041	1.6574270000000126	0.0	74.72328004362873	
13999.770877840212	1200.0	10.240979277501683	0.0	487160.0	1270.094609722466	80.893459	0.0	9.897582000000014	55.345817533980046	
14001.211304483051	1200.0	12.80055263466333	0.0	622896.0	1440.4266428383548	80.053124	0.0	0.8403349999999961	64.24386573042244	
14002.973395343723	1200.0	15.038461773991205	0.0	641447.0	1762.0908606721239	80.154442	0.10131800000000624	0.0	65.2514564240098	
14005.79149541009	1850.0	16.22036170762419	0.0	873429.0	2818.1000663670156	87.120667	6.966224999999994	0.0	73.19670708740219	
14011.36657409782	2850.0	14.645283019895512	0.0	1497683.0	5575.078687728676	92.910185	5.789518000000001	0.0	77.74923102961907	
14020.071683126622	2850.0	9.940173991094474	0.0	1358081.0	8705.109028801038	95.193139	2.2829540000000037	0.0	78.63781093814865	
14029.300722272854	2850.0	4.711134844861299	0.0	1587293.0	9229.039146233175	81.858634	0.0	13.334505000000007	52.51665388389554	
14032.593346503925	1200.0	5.418510613790193	0.0	690253.0	3292.6242310711054	87.732581	5.873947000000001	0.0	73.38946994749392	
14036.863470784821	1850.0	5.148386332894722	0.0	943942.0	4270.124280895471	90.168439	2.4358580000000103	0.0	74.42794802438888	
14039.807599888049	1850.0	6.204257229666649	0.0	728962.0	2944.1291032280724	86.066994	0.0	4.101445000000012	65.87698482373372	
14043.995782819224	1850.0	6.0160742984920805	0.0	938587.0	4188.182931174569	86.593761	0.5267670000000066	0.0	70.83169447059112	
14049.946651864382	2850.0	4.065205253334276	0.0	1427478.0	5950.869045157805	90.92969	4.335928999999993	0.0	75.63881945364574	
14053.498864304858	1850.0	4.51299281285857	0.0	930577.0	3552.2124404757055	83.556577	0.0	7.373112999999989	60.279673853959906	
14055.616217770223	1200.0	6.395639347492463	0.0	566904.0	2117.3534653661072	86.974261	3.417683999999994	0.0	72.01535138746164	
14059.443482171777	1850.0	6.568374945936539	0.0	1025005.0	3827.264401555924	85.276808	0.0	1.6974529999999959	67.7584082266182	
14064.27245355389	2850.0	5.739403563825532	0.0	1343002.0	4828.971382111006	87.659279	2.3824709999999953	0.0	72.28702985263917	
14069.232258417058	2850.0	4.77959870065551	0.0	1587250.0	4959.804863170023	95.172719	7.513440000000003	0.0	80.1790532906648	
14073.738481501461	2850.0	4.273375616252712	0.0	1464921.0	4506.223084402798	96.481395	1.3086760000000055	0.0	79.43852922609656	
14077.69985472203	2850.0	4.31200239568484	0.0	1483527.0	3961.373220567871	95.602302	0.0	0.8790930000000117	77.37135948851477	
14082.076817674186	2850.0	4.0	0.06496055647124377	1231456.0	4376.962952156084	92.485503	0.0	3.1167990000000003	70.48693688578507	
14084.373828686377	1850.0	5.702988987809924	0.0	846370.0	2297.011012190076	92.020773	0.0	0.46472999999998876	74.7777973135027	
