4556.814633576693	750.0	4.0	1.384287999087403	450283.0	1384.287999087403	64.858346	0.0	0.0	12.40514856026492	
4560.278581190479	1850.0	4.536052386213855	0.0	957685.0	3463.9476137861448	81.460624	16.602278	0.0	71.27448018930758	
4563.25726679982	1850.0	5.557366776872499	0.0	877771.0	2978.6856093413558	82.465457	1.004833000000005	0.0	67.47787934365968	
4566.303116704063	1850.0	6.51151687263018	0.0	933276.0	3045.8499042423196	78.955826	0.0	3.509630999999999	60.48244280749914	
4570.97596088917	2850.0	5.838672687522522	0.0	1472558.0	4672.844185107658	85.928154	6.9723280000000045	0.0	72.18858503636858	
4573.57766393025	1850.0	7.23696964644179	0.0	801058.0	2601.7030410807315	86.249306	0.3211519999999979	0.0	70.47870772988122	
4575.280815874206	1200.0	9.533817702485733	0.0	561791.0	1703.151943956057	89.177904	2.928597999999994	0.0	73.73588534977478	
4577.830568308117	1200.0	10.984065268575616	0.0	709534.0	2549.7524339101165	82.426144	0.0	6.751760000000004	59.981563733654696	
4579.851628803887	1200.0	12.963004772805155	0.0	584846.0	2021.0604957704609	82.430225	0.004080999999999335	0.0	67.14984568949134	
4583.100893736086	1200.0	13.713739840606623	0.0	560821.0	3249.264932198532	76.960357	0.0	5.469867999999991	56.71266867445105	
4585.114612528605	1200.0	15.700021048086942	0.0	607410.0	2013.718792519679	82.096766	5.1364090000000004	0.0	68.39672667617816	
4588.399753656536	1850.0	16.414879920156746	0.0	917428.0	3285.1411279301983	82.202545	0.10577899999999829	0.0	66.98732635875223	
4592.292305801869	1200.0	16.522327774823264	0.0	624282.0	3892.552145333482	73.534048	0.0	8.668497000000002	50.41718205886191	
4599.16629976583	1200.0	13.648333810860528	0.0	687371.0	6873.993963962736	70.998108	0.0	2.5359399999999965	54.776127730538505	
4603.157255725021	1200.0	13.657377851669727	0.0	526950.0	3990.9559591908005	67.735752	0.0	3.262355999999997	51.24250829039699	
4610.871926440451	1200.0	9.942707136240875	0.0	587876.0	7714.6707154288515	72.569044	4.833292	0.0	60.237368188531434	
4617.369048847114	1200.0	7.445584729577824	0.0	617242.0	6497.122406663051	75.662786	3.0937419999999918	0.0	62.339125264249624	
4620.827456532123	750.0	7.987177044568978	0.0	372963.0	3458.4076850088454	69.564049	0.0	6.098737	49.78149799493421	
4627.915436849336	1200.0	4.899196727355641	0.0	639204.0	7087.980317213337	72.000653	2.4366040000000027	0.0	59.041852363208044	
4630.450215780147	750.0	6.364417796544074	0.0	350713.0	2534.7789308115675	67.172129	0.0	4.828524000000002	49.10347287348152	
4633.13379581427	750.0	7.680837762421734	0.0	386472.0	2683.58003412234	62.777649	0.0	4.3944800000000015	45.8423031210838	
4637.309176611493	1200.0	7.505456965198389	0.0	616206.0	4175.380797223344	68.532883	5.7552340000000015	0.0	57.09385149382384	
4641.287994622748	1200.0	7.526638953944644	0.0	656471.0	3978.8180112537448	63.455907	0.0	5.076975999999995	45.69259308258809	
4644.1825948192145	1200.0	8.632038757477625	0.0	536667.0	2894.600196467019	68.420849	4.964942000000001	0.0	56.763485235890926	
4646.7708982617905	750.0	10.04373531490175	0.0	359903.0	2588.3034425758738	66.786337	0.0	1.6345120000000009	52.16558832707676	
4650.713720228822	1200.0	10.100913347869575	0.0	590335.0	3942.8219670321755	79.644231	12.857894000000002	0.0	68.62045501785624	
4655.961069651508	1200.0	8.853563925183206	0.0	696376.0	5247.3494226863695	80.745588	1.101356999999993	0.0	66.05008180256124	
4659.981637720742	1200.0	8.832995855950752	0.0	487160.0	4020.568069232453	80.893459	0.14787099999999498	0.0	65.89120220426116	
4666.56137697427	1200.0	6.253256602421178	0.0	622896.0	6579.739253529574	80.053124	0.0	0.8403349999999961	64.24386573042244	
4670.8707844931205	1200.0	5.943849083571242	0.0	641447.0	4309.407518849936	80.154442	0.10131800000000624	0.0	65.2514564240098	
4674.691485775647	1200.0	6.123147801043486	0.0	570392.0	3820.7012825277557	78.009495	0.0	2.144947000000002	61.12892222454211	
4678.292798487269	1200.0	6.521835089423039	0.0	620283.0	3601.3127116204464	72.909556	0.0	5.099939000000006	53.67453510265016	
4680.6096549292315	750.0	8.204978647459468	0.0	369834.0	2316.856441963571	68.369339	0.0	4.540216999999998	50.42328474062561	
4685.8591198587355	1850.0	6.955513717955751	0.0	1035329.0	5249.464929503717	71.430146	3.060806999999997	0.0	58.744684099017014	
4689.85633991775	1200.0	6.958293658940899	0.0	690253.0	3997.220059014852	87.732581	16.302435000000003	0.0	76.4968627852952	
4692.604774581194	1200.0	8.209858995497118	0.0	598727.0	2748.434663443781	77.763467	0.0	9.96911399999999	52.61912849502004	
4695.524189286441	1200.0	9.290444290250223	0.0	487812.0	2919.4147052468943	77.846693	0.08322599999999625	0.0	63.29163035592236	
4699.4667913208095	1200.0	9.347842255881869	0.0	575591.0	3942.602034368354	77.292461	0.0	0.554231999999999	62.20941215869677	
4704.241667340055	1850.0	8.572966236635825	0.0	908665.0	4774.876019246046	82.415248	5.122787000000002	0.0	68.66239046371803	
4710.278606776513	1850.0	6.536026800178208	0.0	930577.0	6036.9394364576165	83.556577	1.141328999999999	0.0	68.44262199794545	
4714.073950147914	1200.0	6.740683428777951	0.0	566904.0	3795.343371400257	86.974261	3.417683999999994	0.0	72.01535138746164	
4719.516612099778	1200.0	5.298021476913477	0.0	641452.0	5442.661951864474	75.706383	0.0	11.267877999999996	49.498994656230956	
4724.487954132041	1850.0	4.326679444650694	0.0	886255.0	4971.342032262783	78.86339	3.157006999999993	0.0	65.06857148325741	
4728.567165994063	1850.0	4.247467582628185	0.0	973972.0	4079.211862022509	84.84845	5.985060000000004	0.0	70.98000474499611	
4732.812288931015	1850.0	4.002344645676397	0.0	958994.0	4245.122936951789	87.119023	2.270572999999999	0.0	71.79614403033668	
4736.726214848893	1850.0	4.088418727798889	0.0	982064.0	3913.925917877508	86.680563	0.0	0.4384599999999921	70.28304003058662	
4740.2733574803	1850.0	4.541276096391832	0.0	830730.0	3547.1426314070577	84.040637	0.0	2.6399260000000027	65.71153085892459	
4744.044110183956	1850.0	4.770523392735176	0.0	846370.0	3770.752703656656	92.020773	7.980136000000002	0.0	77.64872889128998	
