6647.020289573671	750.0	4.0	1.464606764188326	450283.0	1464.606764188326	64.858346	0.0	0.0	10.0922963495983	
6650.11016726021	1850.0	4.91012231346156	0.0	957685.0	3089.87768653844	81.460624	16.602278	0.0	71.27448018930758	
6652.956982589677	1850.0	6.063306983994513	0.0	877771.0	2846.815329467048	82.465457	1.004833000000005	0.0	67.47787934365968	
6655.976727147796	1850.0	7.04356242587505	0.0	933276.0	3019.744558119462	78.955826	0.0	3.509630999999999	60.48244280749914	
6660.47670018766	2850.0	6.543589386011283	0.0	1472558.0	4499.973039863768	85.928154	6.9723280000000045	0.0	72.18858503636858	
6664.042055518582	1850.0	6.978234055089211	0.0	801058.0	3565.355330922072	86.249306	0.3211519999999979	0.0	70.47870772988122	
6665.982298738608	1200.0	9.03799083506286	0.0	561791.0	1940.2432200263509	89.177904	2.928597999999994	0.0	73.73588534977478	
6669.225838077057	1850.0	9.794451496613403	0.0	1060487.0	3243.539338449458	90.155937	0.9780329999999964	0.0	73.98296967737969	
6672.109620932453	1850.0	10.910668641217331	0.0	852833.0	2883.782855396071	90.218296	0.06235900000000072	0.0	73.76293677284315	
6675.848487386214	1850.0	11.171802187456189	0.0	913888.0	3738.866453761141	86.733288	0.0	3.4850079999999934	67.09530890568334	
6682.137903242773	1850.0	8.882386330897603	0.0	939819.0	6289.415856558586	89.239922	2.5066340000000054	0.0	73.66267519085076	
6686.334759210246	1850.0	8.685530363424455	0.0	917428.0	4196.855967473149	82.202545	0.0	7.037377000000006	59.489158180343004	
6690.267350671557	1850.0	8.752938902112913	0.0	946851.0	3932.5914613115438	83.629776	1.4272310000000061	0.0	68.58980497651146	
6694.8809739929875	1850.0	8.139315580682808	0.0	1036454.0	4613.623321430104	80.875505	0.0	2.754271000000003	62.909657170689236	
6700.22112414927	2850.0	6.799165424400517	0.0	1231445.0	5340.150156282291	88.830113	7.954607999999993	0.0	74.9389488095803	
6704.212764450743	1850.0	6.807525122927266	0.0	923170.0	3991.6403014732514	83.7301	0.0	5.100013000000004	62.83838720493218	
6708.438531963524	1850.0	6.581757610146828	0.0	966699.0	4225.767512780438	86.226021	2.49592100000001	0.0	71.10700694933738	
6712.087505138142	1850.0	6.932784435528221	0.0	885714.0	3648.9731746186067	85.258591	0.0	0.9674300000000073	68.51753380735349	
6715.959253624113	1850.0	7.061035949556739	0.0	987708.0	3871.7484859714828	79.995224	0.0	5.263367000000002	59.5019982027586	
6718.250491874599	1200.0	8.769797699071061	0.0	586839.0	2291.238250485678	79.134663	0.0	0.8605609999999899	63.444560336070744	
6720.375307146148	1200.0	10.644982427521805	0.0	601738.0	2124.815271549256	74.235946	0.0	4.898717000000005	55.01135256729831	
6724.06677050913	1850.0	10.953519064539002	0.0	955231.0	3691.4633629828045	79.031768	4.795822000000001	0.0	65.69949125877463	
6727.802751429224	1850.0	11.217538144445196	0.0	968026.0	3735.980920093805	73.123347	0.0	5.908421000000004	52.99779644730492	
6731.102523649013	1850.0	11.917765924656416	0.0	874175.0	3299.7722197887792	80.700778	7.577431000000004	0.0	67.94181803672566	
6733.212730939576	1200.0	13.80755863409401	0.0	587236.0	2110.207290562407	78.698824	0.0	2.001953999999998	61.86443112432193	
6735.402728927279	1200.0	15.61756064639129	0.0	590335.0	2189.99798770272	79.644231	0.945407000000003	0.0	65.07087268298653	
6738.416434538266	1200.0	16.60385503540425	0.0	696376.0	3013.7056109870387	80.745588	1.101356999999993	0.0	66.05008180256124	
6742.015357602272	1200.0	17.00493197139738	0.0	487160.0	3598.9230640068745	80.893459	0.14787099999999498	0.0	65.89120220426116	
6746.015584356088	1200.0	17.00470521758175	0.0	622896.0	4000.2267538156257	80.053124	0.0	0.8403349999999961	64.24386573042244	
6749.499627262575	1200.0	17.52066231109487	0.0	641447.0	3484.0429064868804	80.154442	0.10131800000000624	0.0	65.2514564240098	
6752.3501836872965	1200.0	18.670105886372895	0.0	570392.0	2850.556424721977	78.009495	0.0	2.144947000000002	61.12892222454211	
6756.790664986201	1200.0	18.229624587468873	0.0	620283.0	4440.481298904021	72.909556	0.0	5.099939000000006	53.67453510265016	
6760.692155014502	750.0	18.328134559167182	0.0	369834.0	3901.490028301691	68.369339	0.0	4.540216999999998	50.42328474062561	
6769.36724175649	1850.0	13.65304781717863	0.0	1035329.0	8675.086741988553	71.430146	3.060806999999997	0.0	58.744684099017014	
6774.384288232799	1200.0	12.636001340870342	0.0	690253.0	5017.046476308286	87.732581	16.302435000000003	0.0	76.4968627852952	
6778.13160984589	1200.0	12.888679727778856	0.0	598727.0	3747.321613091486	77.763467	0.0	9.96911399999999	52.61912849502004	
6780.91136910376	1200.0	14.10892046990805	0.0	487812.0	2779.7592578708063	77.846693	0.08322599999999625	0.0	63.29163035592236	
6783.929999152262	1200.0	15.09029042140714	0.0	575591.0	3018.6300485009087	77.292461	0.0	0.554231999999999	62.20941215869677	
6787.982999649716	1200.0	15.03728992395304	0.0	605884.0	4053.0004974541007	74.001829	0.0	3.290632000000002	56.519254990333565	
6791.649091114876	1200.0	15.371198458792703	0.0	587506.0	3666.091465160336	72.886388	0.0	1.1154410000000041	57.88246197348263	
6793.930675612281	750.0	17.089613961387638	0.0	345516.0	2281.584497405065	79.583372	6.6969840000000005	0.0	66.73313750009174	
6796.51903980549	750.0	18.501249768178518	0.0	384505.0	2588.364193209122	64.443828	0.0	15.139544	35.852891186903015	
6798.809769233934	750.0	20.210520339734153	0.0	372093.0	2290.7294284443647	58.879512	0.0	5.564315999999998	41.299771933747785	
6801.45732202282	750.0	21.562967550848814	0.0	438281.0	2647.5527888853408	62.327504	3.4479919999999993	0.0	51.15101669476942	
6805.314633825687	750.0	21.70565574798063	0.0	398987.0	3857.311802868187	63.729239	1.4017350000000022	0.0	51.728421217727	
6813.7148199518315	750.0	17.30546962183729	0.0	393804.0	8400.18612614334	62.845425	0.0	0.883814000000001	49.62451534898482	
6824.865630817612	1200.0	10.15465875605602	0.0	538612.0	11150.810865781268	74.51099	11.665565000000008	0.0	63.91782743622792	
6831.789606901523	750.0	7.230682672144636	0.0	314107.0	6923.976083911384	75.210559	0.6995689999999968	0.0	61.242738256780044	
