21216.67039619786	750.0	4.0	6.308048004947866	450283.0	6308.0480049478665	64.858346	0.0	0.0	-129.37901856477725	
21219.700053907814	300.0	4.9703422900424306	0.0	155580.0	3029.6577099575693	18.412623	0.0	46.445723	-36.3468075049402	
21221.307632426844	300.0	7.362763771014124	0.0	139857.0	1607.5785190283066	17.596212	0.0	0.8164109999999987	11.374421591985136	
21223.26857229832	300.0	9.401823899538504	0.0	155432.0	1960.9398714756198	19.997309	2.401097	0.0	14.989583049748727	
21225.661978488664	300.0	11.008417709192697	0.0	163442.0	2393.406190345805	16.877619	0.0	3.119690000000002	8.322067973538104	
21227.096627198785	300.0	13.573768999071778	0.0	126289.0	1434.6487101209204	18.579568	1.701948999999999	0.0	13.580570417102745	
21230.842541584214	750.0	13.827854613645057	0.0	352642.0	3745.9143854267195	81.00828	62.428712000000004	0.0	84.54636358634622	
21238.726693760313	750.0	9.94370243754577	0.0	437162.0	7884.152176099287	69.475262	0.0	11.533017999999998	43.94053818670605	
21245.858396268635	750.0	6.811999929221896	0.0	374758.0	7131.702508323873	70.789292	1.3140300000000025	0.0	57.681454273815504	
21249.962362424	750.0	6.708033773855589	0.0	362795.0	4103.966155366307	64.786022	0.0	6.0032700000000006	45.836272051926805	
21254.28460428841	750.0	6.38579190944955	0.0	353220.0	4322.241864406039	70.008689	5.222667000000001	0.0	58.18502339881593	
21259.63466819734	750.0	5.03572800051475	0.0	405134.0	5350.063908934801	59.00323	0.0	11.005459000000002	35.63150226952917	
21262.475073842652	750.0	6.195322355202121	0.0	386351.0	2840.405645312629	59.358241	0.3550109999999975	0.0	47.71472422025977	
21265.254478244522	750.0	7.415917953334047	0.0	434409.0	2779.4044018680747	56.692976	0.0	2.665264999999998	42.523882025230556	
21270.145378803496	1200.0	6.525017394358625	0.0	526950.0	4890.9005589754215	67.735752	11.042776000000003	0.0	57.99429751138527	
21275.356278551277	1200.0	5.314117646576913	0.0	587876.0	5210.899747781712	72.569044	4.833292	0.0	60.237368188531434	
21280.454323937218	1200.0	4.216072260633189	0.0	617242.0	5098.045385943724	75.662786	3.0937419999999918	0.0	62.339125264249624	
21283.055717142666	750.0	5.614679055183984	0.0	372963.0	2601.393205449205	69.564049	0.0	6.098737	49.78149799493421	
21287.842212154224	1200.0	4.828184043628534	0.0	639204.0	4786.49501155545	72.000653	2.4366040000000027	0.0	59.041852363208044	
21290.52507060275	750.0	6.145325595101895	0.0	350713.0	2682.8584485266397	67.172129	0.0	4.828524000000002	49.10347287348152	
21293.26750198669	750.0	7.402894211165761	0.0	386472.0	2742.4313839361334	62.777649	0.0	4.3944800000000015	45.8423031210838	
21296.75219321131	750.0	7.9182029865462695	0.0	399894.0	3484.6912246194925	55.443233	0.0	7.334415999999997	36.51150936895389	
21302.62126714268	1200.0	6.04912905517676	0.0	656471.0	5869.073931369509	63.455907	8.012674000000004	0.0	53.466807853156645	
21307.34815702977	1200.0	5.322239168084385	0.0	536667.0	4726.889887092375	68.420849	4.964942000000001	0.0	56.763485235890926	
21310.2725889425	750.0	6.397807255357486	0.0	359903.0	2924.4319127268996	66.786337	0.0	1.6345120000000009	52.16558832707676	
21313.42063992869	750.0	7.249756269167167	0.0	379700.0	3148.0509861903183	66.676537	0.0	0.109800000000007	53.69031629537219	
21316.8678842655	750.0	7.802511932357743	0.0	425781.0	3447.2443368094246	65.665965	0.0	1.0105719999999963	51.87874368281537	
21319.994115468242	1200.0	8.676280729615206	0.0	487160.0	3126.2312027425373	80.893459	15.227493999999993	0.0	70.38450099378304	
21324.101130097555	1200.0	8.569266100298352	0.0	622896.0	4107.014629316855	80.053124	0.0	0.8403349999999961	64.24386573042244	
21329.240112688793	1200.0	7.4302835090647115	0.0	641447.0	5138.98259123364	80.154442	0.10131800000000624	0.0	65.2514564240098	
21332.31841017883	750.0	8.351986019027215	0.0	358218.0	3078.2974900374966	64.789531	0.0	15.364911000000006	35.90655330554103	
21335.110317932136	750.0	9.560078265718115	0.0	400322.0	2791.9077533091004	60.651768	0.0	4.137763	44.31426861062449	
21338.387799670563	750.0	10.282596527291982	0.0	369834.0	3277.4817384261332	68.369339	7.7175709999999995	0.0	57.54006651746116	
21344.10949026806	1200.0	8.560905929793847	0.0	670129.0	5721.690597498135	62.28877	0.0	6.080568999999997	43.639332434497476	
21347.970895029728	750.0	8.699501168124549	0.0	401088.0	3861.404761669298	69.915275	7.6265049999999945	0.0	58.822186338307795	
21351.143805865766	750.0	9.526590332087396	0.0	365161.0	3172.9108360371524	60.276519	0.0	9.638755999999994	38.15992246287269	
21352.490800581305	300.0	12.179595616544315	0.0	131610.0	1346.994715543082	28.4111	0.0	31.865419	-12.40940026705902	
21353.898559759855	300.0	14.7718364379944	0.0	124011.0	1407.7591785499155	21.943337	0.0	6.4677630000000015	9.059928450350393	
21358.37843340275	750.0	14.29196279509742	0.0	378327.0	4479.873642896978	62.32333	40.379993	0.0	62.152167681469585	
21366.81294359457	750.0	9.85745260327543	0.0	390680.0	8434.510191821992	61.525566	0.0	0.7977640000000008	48.59802426280343	
21371.282369348726	750.0	9.388026849120266	0.0	345516.0	4469.425754155162	79.583372	18.057806	0.0	70.11833935431406	
21377.43889194134	750.0	7.231504256510293	0.0	384505.0	6156.522592609973	64.443828	0.0	15.139544	35.852891186903015	
21383.376572106245	750.0	5.293824091602264	0.0	372093.0	5937.680164908029	58.879512	0.0	5.564315999999998	41.299771933747785	
21387.44471700553	750.0	5.2256791923180925	0.0	438281.0	4068.1448992841715	62.327504	3.4479919999999993	0.0	51.15101669476942	
21391.94047036707	1200.0	4.729925830774806	0.0	630203.0	4495.753361543287	77.745919	15.418415000000003	0.0	67.77573493369582	
21396.602541537835	1200.0	4.067854660009269	0.0	638661.0	4662.071170765536	77.309224	0.0	0.4366950000000003	62.348315386019244	
21399.871916968914	1200.0	4.798479228931098	0.0	538612.0	3269.3754310781724	74.51099	0.0	2.7982339999999937	57.47289772290094	
21403.804144851263	1200.0	4.86625134658203	0.0	550906.0	3932.227882349067	86.366143	11.855152999999987	0.0	74.01446138471348	
