18317.926559263844	750.0	4.0	2.005422751396268	450283.0	2005.4227513962683	64.858346	0.0	0.0	-5.480994026642385	
18321.386173470226	1200.0	4.540385793619016	0.0	611087.0	3459.6142063809843	69.839987	4.981640999999996	0.0	57.97033059622316	
18324.66671536802	1200.0	5.259843895824612	0.0	571051.0	3280.5418977944046	73.587374	3.7473870000000034	0.0	60.77622417883262	
18328.00103211275	1200.0	5.92552715109844	0.0	617681.0	3334.3167447261712	69.474665	0.0	4.112708999999995	51.81297205080018	
18333.410672278613	1850.0	4.515886985232072	0.0	996749.0	5409.640165866368	75.455188	5.980523000000005	0.0	63.023488927640194	
18336.717871015644	1200.0	5.208688248200839	0.0	520315.0	3307.198737031234	75.14582	0.0	0.3093680000000063	60.65121996179534	
18339.106565767783	750.0	6.8199934960629855	0.0	352642.0	2388.6947521378534	81.00828	5.862459999999999	0.0	67.6912292345531	
18342.718106263237	1200.0	7.2084530006088645	0.0	709534.0	3611.540495454121	82.426144	1.4178639999999945	0.0	67.56765661211375	
18345.306057757272	1200.0	8.620501506576165	0.0	584846.0	2587.9514940326994	82.430225	0.004080999999999335	0.0	67.14984568949134	
18349.423980266936	1850.0	8.502578996914995	0.0	913888.0	4117.92250966117	86.733288	4.303063000000009	0.0	72.0750888505126	
18352.101539112355	1200.0	9.825020151494174	0.0	607410.0	2677.5588454208214	82.096766	0.0	4.636521999999999	61.946878270919974	
18356.527532356526	1850.0	9.399026907324812	0.0	917428.0	4425.993244169364	82.202545	0.10577899999999829	0.0	66.98732635875223	
18359.82165494958	1200.0	10.104904314272787	0.0	624282.0	3294.1225930520245	73.534048	0.0	8.668497000000002	50.41718205886191	
18363.79536341294	1200.0	10.131195850913947	0.0	687371.0	3973.708463358838	70.998108	0.0	2.5359399999999965	54.776127730538505	
18366.82029700362	1200.0	11.106262260229869	0.0	526950.0	3024.9335906840784	67.735752	0.0	3.262355999999997	51.24250829039699	
18370.519493337524	1200.0	11.40706592632837	0.0	587876.0	3699.1963339014974	72.569044	4.833292	0.0	60.237368188531434	
18374.09971884913	1200.0	11.826840414722346	0.0	617242.0	3580.2255116060237	75.662786	3.0937419999999918	0.0	62.339125264249624	
18377.23262581369	1200.0	12.69393345016242	0.0	581493.0	3132.9069645599266	79.137254	3.4744680000000017	0.0	65.39510155551699	
18382.432214719534	1200.0	11.494344544318476	0.0	639204.0	5199.588905843945	72.000653	0.0	7.136600999999999	50.743888071584934	
18385.65746585192	750.0	12.269093411930955	0.0	350713.0	3225.25113238752	67.172129	0.0	4.828524000000002	49.10347287348152	
18391.34444979189	750.0	10.582109471962967	0.0	386472.0	5686.983939967988	62.777649	0.0	4.3944800000000015	45.8423031210838	
18397.14150217717	750.0	8.785057086680691	0.0	399894.0	5797.052385282274	55.443233	0.0	7.334415999999997	36.51150936895389	
18403.93803253202	1200.0	5.988526731829361	0.0	656471.0	6796.530354851331	63.455907	8.012674000000004	0.0	53.466807853156645	
18408.301707686795	1200.0	5.624851577059454	0.0	536667.0	4363.675154769907	68.420849	4.964942000000001	0.0	56.763485235890926	
18411.341396901116	750.0	6.5851623627378055	0.0	359903.0	3039.6892143216483	66.786337	0.0	1.6345120000000009	52.16558832707676	
18415.45992046919	750.0	6.466638794663272	0.0	379700.0	4118.523568074534	66.676537	0.0	0.109800000000007	53.69031629537219	
18420.627545723488	750.0	5.299013540367844	0.0	425781.0	5167.625254295428	65.665965	0.0	1.0105719999999963	51.87874368281537	
18423.358601013482	750.0	6.567958250373097	0.0	277716.0	2731.055289994747	68.231907	2.565942000000007	0.0	55.88863627581473	
18427.21779795047	750.0	6.708761313386955	0.0	400396.0	3859.196936986143	69.601487	1.3695799999999991	0.0	56.69205323288801	
18430.799023476615	750.0	7.127535787239406	0.0	400508.0	3581.2255261475484	67.821489	0.0	1.7799980000000062	52.88789921294314	
18434.040814928063	750.0	7.885744335792251	0.0	358218.0	3241.7914514471554	64.789531	0.0	3.031958000000003	48.99180250230414	
18438.421801203232	750.0	7.5047580606217075	0.0	400322.0	4380.986275170544	60.651768	0.0	4.137763	44.31426861062449	
18440.554845435854	300.0	9.371713827998702	0.0	143881.0	2133.044232623004	25.091594	0.0	35.560173999999996	-19.140824429842464	
18443.65699469318	300.0	10.269564570669658	0.0	163444.0	3102.1492573290457	17.178658	0.0	7.912936000000002	3.491389644148983	
18447.264880731163	300.0	10.661678532691003	0.0	179328.0	3607.8860379786547	28.893466	11.714808000000001	0.0	25.298969194880584	
18454.883323037437	750.0	7.043236226414793	0.0	365161.0	7618.44230627621	60.276519	31.383053	0.0	57.73788894705108	
18461.23882394506	750.0	4.687735318791341	0.0	321064.0	6355.500907623453	67.040505	6.763985999999996	0.0	56.13053433110116	
18464.257315764804	750.0	5.669243499048852	0.0	361565.0	3018.4918197424886	66.788635	0.0	0.2518699999999967	53.6345161054191	
18467.19266895909	750.0	6.733890304760097	0.0	378327.0	2935.353194288755	62.32333	0.0	4.465305000000001	45.38239461526515	
18471.330926701456	1200.0	6.595632562395169	0.0	587506.0	4138.257742364928	72.886388	10.563057999999998	0.0	62.21343448466478	
18474.176829794258	750.0	7.749729469593459	0.0	345516.0	2845.90309280171	79.583372	6.6969840000000005	0.0	66.73313750009174	
18477.566078906093	750.0	8.360480357759373	0.0	384505.0	3389.2491118340845	64.443828	0.0	15.139544	35.852891186903015	
18480.739183878675	750.0	9.187375385178859	0.0	372093.0	3173.1049725805146	58.879512	0.0	5.564315999999998	41.299771933747785	
18484.447847259646	750.0	9.478712004209108	0.0	438281.0	3708.6633809697505	62.327504	3.4479919999999993	0.0	51.15101669476942	
18487.838120479493	750.0	10.088438784360447	0.0	398987.0	3390.2732198486606	63.729239	1.4017350000000022	0.0	51.728421217727	
18493.718326530397	1200.0	8.208232733456356	0.0	638661.0	5880.206050904091	77.309224	13.579985	0.0	66.8580976027805	
18499.295224464786	1200.0	6.631334799068839	0.0	538612.0	5576.897934387517	74.51099	0.0	2.7982339999999937	57.47289772290094	
18505.26226363014	1200.0	4.664295633719139	0.0	550906.0	5967.0391653497	86.366143	11.855152999999987	0.0	74.01446138471348	
