2848.7865077369456	750.0	4.0	2.54228302815134	450283.0	2542.28302815134	64.858346	0.0	0.0	-20.940376106930294	
2851.3086372879034	1200.0	5.477870449042001	0.0	611087.0	2522.1295509579986	69.839987	4.981640999999996	0.0	57.97033059622316	
2853.8702728860417	1200.0	6.916234850904006	0.0	571051.0	2561.6355981379957	73.587374	3.7473870000000034	0.0	60.77622417883262	
2856.6095613444995	1200.0	8.176946392445926	0.0	617681.0	2739.2884584580806	69.474665	0.0	4.112708999999995	51.81297205080018	
2859.2856072358577	1200.0	9.500900501088054	0.0	652874.0	2676.045891357871	64.23322	0.0	5.241444999999999	46.176398894182356	
2861.342027801551	1200.0	11.444479935394824	0.0	520315.0	2056.4205656932295	75.14582	10.912599999999998	0.0	64.23110350586552	
2863.930378996549	750.0	12.856128740397226	0.0	352642.0	2588.3511949975987	81.00828	5.862459999999999	0.0	67.6912292345531	
2867.9243190204857	750.0	12.862188716460542	0.0	437162.0	3993.9400239366846	69.475262	0.0	11.533017999999998	43.94053818670605	
2876.277992269032	750.0	8.508515467913837	0.0	374758.0	8353.673248546706	70.789292	1.3140300000000025	0.0	57.681454273815504	
2883.2324996315956	750.0	5.554008105350281	0.0	362795.0	6954.507362563555	64.786022	0.0	6.0032700000000006	45.836272051926805	
2886.3432663716467	750.0	6.443241365298971	0.0	353220.0	3110.76674005131	70.008689	5.222667000000001	0.0	58.18502339881593	
2890.3486989907146	750.0	6.437808746231289	0.0	405134.0	4005.432619067682	59.00323	0.0	11.005459000000002	35.63150226952917	
2894.3191414632142	750.0	6.467366273732078	0.0	386351.0	3970.4424724992105	59.358241	0.3550109999999975	0.0	47.71472422025977	
2897.5658529376456	750.0	7.220654799300515	0.0	434409.0	3246.711474431563	56.692976	0.0	2.665264999999998	42.523882025230556	
2901.5988336102887	1200.0	7.187674126657672	0.0	526950.0	4032.9806726428437	67.735752	11.042776000000003	0.0	57.99429751138527	
2905.903865058154	1200.0	6.882642678792147	0.0	587876.0	4305.0314478655255	72.569044	4.833292	0.0	60.237368188531434	
2911.2548169627416	1200.0	5.5316907742047725	0.0	617242.0	5350.951904587374	75.662786	3.0937419999999918	0.0	62.339125264249624	
2914.13064676137	750.0	6.655860975576738	0.0	372963.0	2875.829798628034	69.564049	0.0	6.098737	49.78149799493421	
2919.6975114884544	1200.0	5.088996248492373	0.0	639204.0	5566.864727084365	72.000653	2.4366040000000027	0.0	59.041852363208044	
2922.2858712918965	750.0	6.500636445050511	0.0	350713.0	2588.359803441862	67.172129	0.0	4.828524000000002	49.10347287348152	
2924.770558628529	750.0	8.015949108417534	0.0	386472.0	2484.6873366329783	62.777649	0.0	4.3944800000000015	45.8423031210838	
2929.5402170756847	1200.0	7.246290661262487	0.0	616206.0	4769.658447155047	68.532883	5.7552340000000015	0.0	57.09385149382384	
2935.144567287041	1200.0	5.64194044990615	0.0	656471.0	5604.350211356337	63.455907	0.0	5.076975999999995	45.69259308258809	
2939.9335829483916	1200.0	4.852924788555151	0.0	536667.0	4789.015661350999	68.420849	4.964942000000001	0.0	56.763485235890926	
2944.5935691134787	1200.0	4.192938623468599	0.0	587236.0	4659.986165086551	78.698824	10.277974999999998	0.0	67.05104630050491	
2948.670652044141	1200.0	4.1158556928061	0.0	590335.0	4077.0829306624987	79.644231	0.945407000000003	0.0	65.07087268298653	
2952.340789274935	1200.0	4.445718462011934	0.0	696376.0	3670.1372307941665	80.745588	1.101356999999993	0.0	66.05008180256124	
2955.737804009225	1200.0	5.04870372772223	0.0	487160.0	3397.0147342897044	80.893459	0.14787099999999498	0.0	65.89120220426116	
2960.729525082286	1200.0	4.056982654661135	0.0	622896.0	4991.721073061095	80.053124	0.0	0.8403349999999961	64.24386573042244	
2963.113771214555	1200.0	5.672736522391937	0.0	641447.0	2384.2461322691984	80.154442	0.10131800000000624	0.0	65.2514564240098	
2965.1622048110403	1200.0	7.624302925906626	0.0	570392.0	2048.4335964853108	78.009495	0.0	2.144947000000002	61.12892222454211	
2967.527789346153	1200.0	9.25871839079407	0.0	620283.0	2365.584535112556	72.909556	0.0	5.099939000000006	53.67453510265016	
2969.159912220546	1200.0	11.626595516400805	0.0	584349.0	1632.122874393267	79.771897	6.862341000000001	0.0	66.94207121321617	
2972.6789366789035	1850.0	12.10757105804311	0.0	1035329.0	3519.0244583576955	71.430146	0.0	8.341751000000002	48.982062277546724	
2975.403239173377	1200.0	13.383268563569349	0.0	690253.0	2724.3024944737613	87.732581	16.302435000000003	0.0	76.4968627852952	
2980.1808083574665	1850.0	12.605699379480138	0.0	943942.0	4777.5691840892105	90.168439	2.4358580000000103	0.0	74.42794802438888	
2984.1970609808914	1850.0	12.58944675605512	0.0	728962.0	4016.252623425017	86.066994	0.0	4.101445000000012	65.87698482373372	
2988.2994741729876	1200.0	12.487033563959022	0.0	575591.0	4102.413192096099	77.292461	0.0	8.774532999999991	53.4876820866369	
2991.957736315327	1200.0	12.828771421619253	0.0	605884.0	3658.262142339768	74.001829	0.0	3.290632000000002	56.519254990333565	
2999.3194006532626	1200.0	9.467107083683736	0.0	587506.0	7361.664337935518	72.886388	0.0	1.1154410000000041	57.88246197348263	
3001.7256374631456	750.0	11.06087027380109	0.0	345516.0	2406.236809882645	79.583372	6.6969840000000005	0.0	66.73313750009174	
3010.0209635334704	1850.0	6.765544203476017	0.0	1025005.0	8295.326070325074	85.276808	5.6934360000000055	0.0	71.25588594817646	
3014.1562639832	1850.0	6.630243753746497	0.0	886255.0	4135.300449729519	78.86339	0.0	6.413418000000007	57.32324393169883	
3018.7047860188	1850.0	6.081721718146306	0.0	973972.0	4548.522035600192	84.84845	5.985060000000004	0.0	70.98000474499611	
3024.294821189766	1850.0	4.49168654718053	0.0	958994.0	5590.035170965776	87.119023	2.270572999999999	0.0	71.79614403033668	
3027.819577300394	1850.0	4.966930436552523	0.0	982064.0	3524.756110628007	86.680563	0.0	0.4384599999999921	70.28304003058662	
3032.632916372516	2850.0	4.153591364430558	0.0	1231456.0	4813.339072121964	92.485503	5.804939999999988	0.0	77.39416269406718	
3036.4106088441486	1850.0	4.375898892797675	0.0	846370.0	3777.692471632883	92.020773	0.0	0.46472999999998876	74.7777973135027	
