15039.758180142722	750.0	4.0	4.851455205977005	450283.0	4851.455205977005	64.858346	0.0	0.0	-87.43509835002129	
15041.961845022426	300.0	5.796335120296149	0.0	155580.0	2203.664879703851	18.412623	0.0	46.445723	-36.3468075049402	
15044.118711558345	300.0	7.639468584376665	0.0	139857.0	2156.8665359194842	17.596212	0.0	0.8164109999999987	11.374421591985136	
15046.780879828517	300.0	8.97730031420655	0.0	155432.0	2662.1682701701147	19.997309	2.401097	0.0	14.989583049748727	
15054.23254999083	750.0	5.525630151894687	0.0	411561.0	7451.670162311863	51.003805	31.006496	0.0	49.772613983746766	
15058.805574268012	750.0	4.95260587471239	0.0	318564.0	4573.024277182297	62.986308	11.982503000000001	0.0	54.252000083560986	
15060.148653830656	300.0	7.609526312067558	0.0	153295.0	1343.0795626448314	42.291519	0.0	20.694789	11.19796765968998	
15061.451978837575	300.0	10.306201305149852	0.0	173849.0	1303.325006917706	35.451274	0.0	6.840245000000003	20.10461217328575	
15062.964908682647	300.0	12.793271460076786	0.0	150710.0	1512.9298450730657	28.497356	0.0	6.953917999999998	14.094724445226447	
15064.561060670983	300.0	15.197119471739093	0.0	139105.0	1596.1519883376939	21.660501	0.0	6.836855	8.428788135904757	
15069.679461750267	750.0	14.078718392454377	0.0	353220.0	5118.401079284717	70.008689	48.34818800000001	0.0	71.03520216699869	
15078.896110816413	750.0	8.862069326307514	0.0	405134.0	9216.649066146863	59.00323	0.0	11.005459000000002	35.63150226952917	
15085.011407799753	750.0	6.746772342968172	0.0	386351.0	6115.296983339342	59.358241	0.3550109999999975	0.0	47.71472422025977	
15091.219637835693	750.0	4.538542307027355	0.0	434409.0	6208.230035940816	56.692976	0.0	2.665264999999998	42.523882025230556	
15094.478924401415	750.0	5.27925574130427	0.0	337059.0	3259.2865657230855	54.76216	0.0	1.930816	41.66792139000558	
15097.845003966839	750.0	5.91317617588143	0.0	366214.0	3366.0795654228405	58.858709	4.096548999999996	0.0	48.406541934633836	
15102.014165975845	750.0	5.744014166875198	0.0	360831.0	4169.1620090062315	60.531124	1.6724150000000009	0.0	49.100589048161304	
15106.130272028955	750.0	5.627908113765694	0.0	372963.0	4116.1060531095045	69.564049	9.032924999999999	0.0	58.9438058139744	
15109.454389387372	750.0	6.303790755347416	0.0	405596.0	3324.1173584182775	60.564875	0.0	8.999173999999996	39.08272725573663	
15111.438240776044	750.0	8.319939366677318	0.0	350713.0	1983.851388670098	67.172129	6.6072539999999975	0.0	56.195305162945644	
15113.45281196825	750.0	10.305368174469615	0.0	386472.0	2014.5711922077026	62.777649	0.0	4.3944800000000015	45.8423031210838	
15116.532734184466	750.0	11.225445958254166	0.0	399894.0	3079.9222162154497	55.443233	0.0	7.334415999999997	36.51150936895389	
15120.45721645018	750.0	11.300963692540419	0.0	401853.0	3924.482265713747	47.960406	0.0	7.482827	30.016831048248612	
15125.83633632283	750.0	9.921843819890789	0.0	343800.0	5379.11987264963	55.451197	7.4907910000000015	0.0	46.53210385732817	
15129.991728951212	750.0	9.766451191509615	0.0	359903.0	4155.392628381174	66.786337	11.335140000000003	0.0	57.277353060696605	
15136.23224977609	750.0	7.52593036663057	0.0	379700.0	6240.520824879045	66.676537	0.0	0.109800000000007	53.69031629537219	
15142.654531558279	750.0	5.103648584443378	0.0	425781.0	6422.281782187192	65.665965	0.0	1.0105719999999963	51.87874368281537	
15144.773394106724	750.0	6.984786035998548	0.0	277716.0	2118.8625484448303	68.231907	2.565942000000007	0.0	55.88863627581473	
15147.584531662385	750.0	8.173648480335979	0.0	400396.0	2811.137555662569	69.601487	1.3695799999999991	0.0	56.69205323288801	
15149.864885103289	750.0	9.893295039432314	0.0	400508.0	2280.353440903665	67.821489	0.0	1.7799980000000062	52.88789921294314	
15151.697054222503	750.0	12.06112592021884	0.0	358218.0	1832.1691192134736	64.789531	0.0	3.031958000000003	48.99180250230414	
15153.375981446849	750.0	14.382198695870777	0.0	400322.0	1678.9272243480639	60.651768	0.0	4.137763	44.31426861062449	
15156.663256387284	750.0	15.094923755436719	0.0	369834.0	3287.2749404340575	68.369339	7.7175709999999995	0.0	57.54006651746116	
15162.164575771776	750.0	13.593604370943963	0.0	412837.0	5501.319384492758	49.996929	0.0	18.372409999999995	20.187729359352712	
15165.178244536366	300.0	14.57993560635531	0.0	179328.0	3013.6687645886514	28.893466	0.0	21.103463	-0.5824608160667033	
15171.545557174217	750.0	12.212622968505135	0.0	365161.0	6367.312637850175	60.276519	31.383053	0.0	57.73788894705108	
15176.973855321094	750.0	10.784324821626848	0.0	321064.0	5428.298146878288	67.040505	6.763985999999996	0.0	56.13053433110116	
15179.872633358404	750.0	11.88554678431752	0.0	361565.0	2898.7780373093265	66.788635	0.0	0.2518699999999967	53.6345161054191	
15183.790382687055	750.0	11.967797455666192	0.0	378327.0	3917.7493286513295	62.32333	0.0	4.465305000000001	45.38239461526515	
15189.844154321429	750.0	9.914025821291549	0.0	390680.0	6053.771634374643	61.525566	0.0	0.7977640000000008	48.59802426280343	
15198.138121761767	750.0	5.6200583809528055	0.0	345516.0	8293.967440338743	79.583372	18.057806	0.0	70.11833935431406	
15204.077699414463	750.0	4.0	0.31951927174327466	384505.0	5939.57765269608	64.443828	0.0	15.139544	26.652041882591075	
15206.564661817894	300.0	5.5130375965688065	0.0	145210.0	2486.9624034311937	23.926655	0.0	40.517173	-25.3867828879665	
15211.595828192905	750.0	4.481871221558618	0.0	438281.0	5031.166375010189	62.327504	38.400848999999994	0.0	61.56597402151633	
15215.234570105382	750.0	4.843129309081064	0.0	398987.0	3638.7419124775533	63.729239	1.4017350000000022	0.0	51.728421217727	
15219.535587029819	750.0	4.5421123846443106	0.0	393804.0	4301.0169244367535	62.845425	0.0	0.883814000000001	49.62451534898482	
15223.442796458325	750.0	4.634902956138758	0.0	331053.0	3907.2094285055528	60.678126	0.0	2.167299	46.42725130719397	
15228.097764897262	1200.0	4.0	0.020065482799438542	550906.0	4654.968438938196	86.366143	25.688016999999995	0.0	77.55845754343426	
