22762.815232399644	750.0	4.0	10.535228578788095	450283.0	10535.228578788096	64.858346	0.0	0.0	-251.10454463341725	
22764.206079348176	300.0	6.609153051467327	0.0	155580.0	1390.8469485326723	18.412623	0.0	46.445723	-36.3468075049402	
22765.888671286273	300.0	8.926561113369436	0.0	139857.0	1682.5919380978908	17.596212	0.0	0.8164109999999987	11.374421591985136	
22768.168559365637	300.0	10.646673034004781	0.0	155432.0	2279.888079364655	19.997309	2.401097	0.0	14.989583049748727	
22770.324399289726	300.0	12.490833109915867	0.0	163442.0	2155.8399240889144	16.877619	0.0	3.119690000000002	8.322067973538104	
22771.897199187148	300.0	14.918033212494962	0.0	126289.0	1572.7998974209063	18.579568	1.701948999999999	0.0	13.580570417102745	
22773.981828538825	300.0	16.833403860820415	0.0	153295.0	2084.629351674547	42.291519	23.711951000000003	0.0	40.220602433691965	
22776.20602221777	300.0	18.609210181872594	0.0	173849.0	2224.193678947818	35.451274	0.0	6.840245000000003	20.10461217328575	
22782.01185066142	750.0	16.80338173822519	0.0	374758.0	5805.828443647401	70.789292	35.338018000000005	0.0	67.81963505559679	
22789.781086996067	750.0	13.034145403575703	0.0	362795.0	7769.236334649488	64.786022	0.0	6.0032700000000006	45.836272051926805	
22798.789344417535	750.0	8.02588798210968	0.0	353220.0	9008.257421466024	70.008689	5.222667000000001	0.0	58.18502339881593	
22805.864250489023	750.0	4.950981910622771	0.0	405134.0	7074.906071486909	59.00323	0.0	11.005459000000002	35.63150226952917	
22808.969652206066	300.0	5.845580193576861	0.0	160746.0	3105.4017170459088	21.445722	0.0	37.557508	-24.347686554114247	
22811.89127603712	300.0	6.9239563625260505	0.0	179801.0	2921.62383105081	23.726678	2.2809559999999998	0.0	18.112191156964666	
22814.562566227276	300.0	8.25266617236984	0.0	140051.0	2671.290190156211	21.119447	0.0	2.6072309999999987	12.458195192670239	
22817.197304193633	300.0	9.617928206015206	0.0	138313.0	2634.7379663546344	19.984984	0.0	1.1344630000000002	13.060022413833098	
22820.762261877957	300.0	10.052970521688257	0.0	143509.0	3564.9576843269488	18.452936	0.0	1.5320479999999996	11.340692041651348	
22823.375527862918	300.0	11.439704536728973	0.0	150616.0	2613.2659849592833	35.116669	16.663733	0.0	32.04404556367689	
22827.966872670295	750.0	10.848359729348857	0.0	405596.0	4591.344807380118	60.564875	25.448206	0.0	56.21368234169137	
22831.457663933168	750.0	11.357568466475575	0.0	350713.0	3490.79126287328	67.172129	6.6072539999999975	0.0	56.195305162945644	
22833.70047318776	300.0	13.11475921188549	0.0	157671.0	2242.809254590086	28.807059	0.0	38.36507	-18.970184520798494	
22836.426650573725	300.0	14.388581825916667	0.0	157812.0	2726.1773859688233	21.07483	0.0	7.732229	6.982791919539274	
22840.03224170321	300.0	14.782990696430202	0.0	163927.0	3605.5911294864645	16.837774	0.0	4.237055999999999	7.102799135832186	
22846.171339240915	750.0	12.643893158727352	0.0	343800.0	6139.097537702853	55.451197	38.613423	0.0	55.805763065674086	
22851.58723442571	750.0	11.227997973930771	0.0	359903.0	5415.895184796581	66.786337	11.335140000000003	0.0	57.277353060696605	
22856.081263150645	750.0	10.733969249001067	0.0	379700.0	4494.028724929704	66.676537	0.0	0.109800000000007	53.69031629537219	
22860.87945435041	750.0	9.935778049235916	0.0	425781.0	4798.191199765152	65.665965	0.0	1.0105719999999963	51.87874368281537	
22865.29290937488	750.0	9.52232302476457	0.0	277716.0	4413.455024471346	68.231907	2.565942000000007	0.0	55.88863627581473	
22869.21669798082	300.0	9.598534418821194	0.0	153605.0	3923.788605943377	28.256686	0.0	39.975221000000005	-21.14466441143817	
22873.09299162365	300.0	9.722240775995932	0.0	149029.0	3876.293642825261	23.365013	0.0	4.891672999999997	11.9361771276123	
22877.101931635072	300.0	9.713300764571141	0.0	157421.0	4008.94001142479	25.589487	2.224473999999997	0.0	19.672976118502646	
22881.109406080635	300.0	9.705826319004952	0.0	157488.0	4007.4744455661876	17.795984	0.0	7.793502999999998	4.1409219906483	
22884.410765290722	300.0	10.404467108920283	0.0	143881.0	3301.359210084671	25.091594	7.29561	0.0	20.762364294012507	
22887.941160431277	300.0	10.87407196836664	0.0	163444.0	3530.3951405536427	17.178658	0.0	7.912936000000002	3.491389644148983	
22893.137936143645	300.0	9.677296256000686	0.0	179328.0	5196.775712365953	28.893466	11.714808000000001	0.0	25.298969194880584	
22898.56038100118	300.0	8.25485139846117	0.0	159914.0	5422.444857539515	21.738399	0.0	7.155066999999999	8.157137465372118	
22902.045114202985	300.0	8.770118196658116	0.0	131610.0	3484.7332018030556	28.4111	6.672701	0.0	23.388048410401066	
22904.724583263203	300.0	10.09064913643994	0.0	124011.0	2679.4690602181763	21.943337	0.0	6.4677630000000015	9.059928450350393	
22907.737242653708	300.0	11.077989745935069	0.0	144254.0	3012.6593905048708	12.774971	0.0	9.168365999999999	-1.5701075315708106	
22914.43294158761	750.0	8.382290812034913	0.0	390680.0	6695.698933900155	61.525566	48.750595	0.0	63.97074180840831	
22922.89390802382	750.0	4.0	0.07867562417494628	345516.0	8460.96643620986	79.583372	18.057806	0.0	67.8528028875873	
22926.45640477118	300.0	4.43750325264163	0.0	161857.0	3562.49674735837	26.901789	0.0	52.681582999999996	-35.7735638949358	
22929.19089793081	300.0	5.70301009301199	0.0	145210.0	2734.4931596296396	23.926655	0.0	2.9751340000000006	14.445278068529426	
22931.802851628232	300.0	7.091056395586747	0.0	172312.0	2611.9536974252424	26.146503	2.219847999999999	0.0	20.143335165183682	
22934.193392415717	300.0	8.700515608101574	0.0	167025.0	2390.540787485174	26.908827	0.7623239999999996	0.0	20.354647499322645	
22939.61748771009	750.0	7.276420313731242	0.0	393804.0	5424.095294370332	62.845425	35.936598000000004	0.0	61.270325171427885	
22943.17250151538	750.0	7.7214065084429935	0.0	331053.0	3555.013805288249	60.678126	0.0	2.167299	46.42725130719397	
22947.26173208176	750.0	7.632175942059384	0.0	314107.0	4089.230566383609	75.210559	14.532433000000005	0.0	65.36453832212788	
