18127.451349650884	750.0	4.0	7.571061952176263	450283.0	7571.061952176264	64.858346	0.0	0.0	-165.74865891319948	
18130.964072267412	750.0	4.487277383472729	0.0	398865.0	3512.7226165272714	57.017244	0.0	7.841101999999999	37.30694774282116	
18134.058827914607	750.0	5.392521736278202	0.0	350812.0	3094.7556471945263	60.430767	3.413523000000005	0.0	49.53439726135709	
18136.83878020227	750.0	6.612569448615386	0.0	382355.0	2779.952287662816	55.551349	0.0	4.879418000000001	39.207823032133746	
18139.962049427108	750.0	7.489300223777478	0.0	411561.0	3123.269224837908	51.003805	0.0	4.547544000000002	35.708620955217725	
18142.14571552508	750.0	9.305634125806707	0.0	318564.0	2183.6660979707726	62.986308	11.982503000000001	0.0	54.252000083560986	
18143.20312977224	300.0	12.248219878649179	0.0	153295.0	1057.4142471575271	42.291519	0.0	20.694789	11.19796765968998	
18144.49904762786	300.0	14.952302023025263	0.0	173849.0	1295.9178556239171	35.451274	0.0	6.840245000000003	20.10461217328575	
18149.392219570327	750.0	14.059130080558797	0.0	374758.0	4893.171942466465	70.789292	35.338018000000005	0.0	67.81963505559679	
18155.254894855607	750.0	12.196454795279267	0.0	362795.0	5862.675285279529	64.786022	0.0	6.0032700000000006	45.836272051926805	
18163.93150200403	750.0	7.519847646854308	0.0	353220.0	8676.607148424959	70.008689	5.222667000000001	0.0	58.18502339881593	
18171.035256539075	750.0	4.416093111809472	0.0	405134.0	7103.754535044836	59.00323	0.0	11.005459000000002	35.63150226952917	
18174.070246567368	750.0	5.381103083516177	0.0	386351.0	3034.9900282932963	59.358241	0.3550109999999975	0.0	47.71472422025977	
18177.39475178839	750.0	6.056597862494454	0.0	434409.0	3324.5052210217227	56.692976	0.0	2.665264999999998	42.523882025230556	
18180.15088155515	750.0	7.300468095731751	0.0	337059.0	2756.1297667627027	54.76216	0.0	1.930816	41.66792139000558	
18183.01545805562	750.0	8.435891595262209	0.0	366214.0	2864.5765004695427	58.858709	4.096548999999996	0.0	48.406541934633836	
18185.8080027688	750.0	9.643346882081227	0.0	360831.0	2792.5447131809815	60.531124	1.6724150000000009	0.0	49.100589048161304	
18189.908013466225	750.0	9.54333618465627	0.0	372963.0	4100.010697424956	69.564049	9.032924999999999	0.0	58.9438058139744	
18194.562306149262	750.0	8.88904350161562	0.0	405596.0	4654.292683040653	60.564875	0.0	8.999173999999996	39.08272725573663	
18201.33705792262	750.0	6.114291728258497	0.0	350713.0	6774.751773357122	67.172129	6.6072539999999975	0.0	56.195305162945644	
18206.373232904425	750.0	5.078116746451126	0.0	386472.0	5036.17498180737	62.777649	0.0	4.3944800000000015	45.8423031210838	
18210.665207270555	750.0	4.786142380321856	0.0	399894.0	4291.9743661292705	55.443233	0.0	7.334415999999997	36.51150936895389	
18214.02515089449	750.0	5.426198756389049	0.0	401853.0	3359.9436239328074	47.960406	0.0	7.482827	30.016831048248612	
18217.922852421958	1200.0	5.5284972289185905	0.0	536667.0	3897.701527470458	68.420849	20.460443000000005	0.0	61.38070384184248	
18220.466491155727	750.0	6.984858495151682	0.0	359903.0	2543.638733766909	66.786337	0.0	1.6345120000000009	52.16558832707676	
18223.145014698614	750.0	8.306334952263533	0.0	379700.0	2678.523542888149	66.676537	0.0	0.109800000000007	53.69031629537219	
18228.07058229294	750.0	7.380767357937784	0.0	425781.0	4925.567594325748	65.665965	0.0	1.0105719999999963	51.87874368281537	
18229.94086651786	750.0	9.51048313301645	0.0	277716.0	1870.2842249213331	68.231907	2.565942000000007	0.0	55.88863627581473	
18235.72285840565	750.0	7.728491245225433	0.0	400396.0	5781.991887791018	69.601487	1.3695799999999991	0.0	56.69205323288801	
18240.846103581756	750.0	6.6052460691191115	0.0	400508.0	5123.245176106321	67.821489	0.0	1.7799980000000062	52.88789921294314	
18243.39936053526	750.0	8.05198911561611	0.0	358218.0	2553.2569535030016	64.789531	0.0	3.031958000000003	48.99180250230414	
18246.661912275675	750.0	8.78943737519941	0.0	400322.0	3262.5517404167	60.651768	0.0	4.137763	44.31426861062449	
18249.432545092946	750.0	10.018804557929098	0.0	369834.0	2770.632817270312	68.369339	7.7175709999999995	0.0	57.54006651746116	
18252.403100923537	750.0	11.048248727336901	0.0	412837.0	2970.555830592196	49.996929	0.0	18.372409999999995	20.187729359352712	
18255.083079438155	750.0	12.368270212719812	0.0	401088.0	2679.978514617089	69.915275	19.918345999999993	0.0	62.48480537634975	
18259.906893213607	750.0	11.5444564372659	0.0	365161.0	4823.813775453912	60.276519	0.0	9.638755999999994	38.15992246287269	
18265.03928218156	750.0	10.412067469316415	0.0	321064.0	5132.388967949485	67.040505	6.763985999999996	0.0	56.13053433110116	
18273.579796480157	750.0	5.871553170716808	0.0	361565.0	8540.514298599606	66.788635	0.0	0.2518699999999967	53.6345161054191	
18280.96006745898	750.0	4.0	1.5087178081047041	378327.0	7380.2709788215125	62.32333	0.0	4.465305000000001	1.9374871473468511	
18284.121041426566	750.0	4.839026032415509	0.0	390680.0	3160.973967584491	61.525566	0.0	0.7977640000000008	48.59802426280343	
18287.007468264674	750.0	5.952599194307064	0.0	345516.0	2886.4268381084444	79.583372	18.057806	0.0	70.11833935431406	
18289.862963597683	750.0	7.097103861300343	0.0	384505.0	2855.495333006721	64.443828	0.0	15.139544	35.852891186903015	
18292.820972554746	750.0	8.139094904235414	0.0	372093.0	2958.008957064929	58.879512	0.0	5.564315999999998	41.299771933747785	
18296.185266924003	750.0	8.774800534978729	0.0	438281.0	3364.2943692566855	62.327504	3.4479919999999993	0.0	51.15101669476942	
18300.522342776127	750.0	8.437724682856967	0.0	398987.0	4337.075852121763	63.729239	1.4017350000000022	0.0	51.728421217727	
18305.078058352086	750.0	7.8820091068989875	0.0	393804.0	4555.715575957978	62.845425	0.0	0.883814000000001	49.62451534898482	
18311.373796546282	750.0	5.586270912701421	0.0	331053.0	6295.738194197566	60.678126	0.0	2.167299	46.42725130719397	
18315.921136512447	750.0	5.03893094654001	0.0	314107.0	4547.339966161412	75.210559	14.532433000000005	0.0	65.36453832212788	
