7593.473354728998	750.0	4.0	1.4326655545084757	450283.0	1432.6655545084757	64.858346	0.0	0.0	11.012072659985812	
7595.63879239165	1200.0	5.834562337347541	0.0	611087.0	2165.4376626524595	69.839987	4.981640999999996	0.0	57.97033059622316	
7600.569901493339	1850.0	4.90345323565865	0.0	877771.0	4931.109101688891	82.465457	12.625470000000007	0.0	70.94049867874341	
7603.684987201004	1850.0	5.788367527992812	0.0	933276.0	3115.0857076658376	78.955826	0.0	3.509630999999999	60.48244280749914	
7608.315490161645	2850.0	5.157864567351997	0.0	1472558.0	4630.502960640814	85.928154	6.9723280000000045	0.0	72.18858503636858	
7610.834572020786	1850.0	6.638782708211184	0.0	801058.0	2519.081859140814	86.249306	0.3211519999999979	0.0	70.47870772988122	
7612.743376282013	1200.0	8.729978446984205	0.0	561791.0	1908.8042612269778	89.177904	2.928597999999994	0.0	73.73588534977478	
7616.313254111459	1850.0	9.160100617537957	0.0	1060487.0	3569.8778294462477	90.155937	0.9780329999999964	0.0	73.98296967737969	
7620.6505319585585	1850.0	8.82282277043856	0.0	852833.0	4337.277847099398	90.218296	0.06235900000000072	0.0	73.76293677284315	
7624.632712186568	1850.0	8.840642542429359	0.0	913888.0	3982.1802280092006	86.733288	0.0	3.4850079999999934	67.09530890568334	
7628.079408634591	1850.0	9.393946094406363	0.0	939819.0	3446.696448022996	89.239922	2.5066340000000054	0.0	73.66267519085076	
7631.348192974845	1850.0	10.125161754152241	0.0	917428.0	3268.7843402541216	82.202545	0.0	7.037377000000006	59.489158180343004	
7636.035229010656	2850.0	9.438125718341718	0.0	1422919.0	4687.036035810523	93.510922	11.308376999999993	0.0	79.90245888137983	
7641.399735345434	2850.0	8.073619383563262	0.0	1578343.0	5364.506334778456	91.568178	0.0	1.9427439999999905	72.82632292630404	
7647.390256012027	2850.0	6.0830987169701585	0.0	1231445.0	5990.520666593104	88.830113	0.0	2.738065000000006	69.66361798364525	
7650.356004500395	1850.0	7.117350228602697	0.0	923170.0	2965.7484883674615	83.7301	0.0	5.100013000000004	62.83838720493218	
7653.424061693036	1850.0	8.049293035961172	0.0	966699.0	3068.0571926415237	86.226021	2.49592100000001	0.0	71.10700694933738	
7655.265246601539	1200.0	10.208108127458024	0.0	581493.0	1841.1849085031483	79.137254	0.0	7.088767000000004	56.83863512869361	
7658.657793534006	1850.0	10.815561194990735	0.0	987708.0	3392.5469324672877	79.995224	0.8579699999999946	0.0	65.34207530148709	
7661.796580465415	1850.0	11.676774263582194	0.0	923755.0	3138.7869314085424	86.363677	6.368453000000002	0.0	72.3774923683489	
7668.714246001959	2850.0	8.759108727038356	0.0	1415116.0	6917.665536543838	90.785318	4.421641000000008	0.0	75.54209038638726	
7674.137708732413	2850.0	7.3356459965850345	0.0	1468126.0	5423.4627304533215	89.398189	0.0	1.3871290000000016	71.57806374237117	
7678.993479985069	2850.0	6.479874743928976	0.0	1505760.0	4855.771252656059	85.954529	0.0	3.4436600000000084	66.4796472332252	
7683.407457406413	2850.0	6.065897322583514	0.0	1323990.0	4413.977421345461	89.320458	3.3659290000000084	0.0	73.98692668949053	
7686.768348613439	1850.0	6.705006115558499	0.0	897976.0	3360.8912070250153	86.994267	0.0	2.3261910000000086	68.54583583539701	
7691.579896162799	1850.0	5.893458566198549	0.0	905935.0	4811.54754935995	89.133614	2.1393470000000008	0.0	73.46320174835421	
7695.031961201017	1850.0	6.441393527980139	0.0	1076599.0	3452.065038218411	90.791041	1.6574270000000126	0.0	74.72328004362873	
7697.445865299335	1850.0	8.027489429661514	0.0	758197.0	2413.9040983186246	87.50057	0.0	3.290471000000011	67.95152441266671	
7700.521145389779	1850.0	8.952209339217763	0.0	972798.0	3075.2800904437513	88.832031	1.3314610000000044	0.0	72.96706372219077	
7703.947634305832	1850.0	9.525720423165138	0.0	975811.0	3426.4889160526245	89.334885	0.5028539999999992	0.0	73.14603000751325	
7707.037224955818	1850.0	10.436129773179356	0.0	873429.0	3089.5906499857806	87.120667	0.0	2.2142180000000025	68.77168736090755	
7711.980232926763	1850.0	9.493121802233793	0.0	954453.0	4943.007970945565	83.67714	0.0	3.443527000000003	64.551065096847	
7715.356788579347	1850.0	10.116566149649572	0.0	885062.0	3376.5556525842203	87.533761	3.856621000000004	0.0	72.61998329554336	
7723.215118242615	4300.0	6.258236486381757	0.0	2286761.0	7858.329663267815	99.974277	12.440516000000002	0.0	85.71362656453715	
7726.751392367332	1850.0	6.721962361664331	0.0	1026056.0	3536.2741247174267	97.037422	0.0	2.936854999999994	76.40348103841788	
7729.959437769098	1850.0	7.513916959898236	0.0	943942.0	3208.0454017660963	90.168439	0.0	6.868983	66.4141484151412	
7734.250743446336	1850.0	7.222611282660152	0.0	728962.0	4291.305677238083	86.066994	0.0	4.101445000000012	65.87698482373372	
7737.513785257366	1850.0	7.959569471630002	0.0	938587.0	3263.04181103015	86.593761	0.5267670000000066	0.0	70.83169447059112	
7741.986900663713	2850.0	7.48645406528383	0.0	1427478.0	4473.115406346172	90.92969	4.335928999999993	0.0	75.63881945364574	
7746.467833091169	2850.0	7.005521637826798	0.0	1402287.0	4480.932427457032	91.34334	0.41365000000000407	0.0	74.82041250127551	
7748.556015554273	1200.0	8.91733917472422	0.0	566904.0	2088.18246310258	86.974261	0.0	4.369078999999999	66.36139087245388	
7752.413043521651	1850.0	9.060311207345338	0.0	1025005.0	3857.02796737888	85.276808	0.0	1.6974529999999959	67.7584082266182	
7758.71973813848	2850.0	6.753616590516412	0.0	1343002.0	6306.694616828926	87.659279	2.3824709999999953	0.0	72.28702985263917	
7762.309289448629	1850.0	7.164065280367149	0.0	973972.0	3589.551310149263	84.84845	0.0	2.8108289999999982	66.21434068733927	
7767.22828809904	2850.0	6.245066629956591	0.0	1464921.0	4918.998650410558	96.481395	11.632945000000007	0.0	82.51486776588621	
7772.165238319323	2850.0	5.308116409672121	0.0	1483527.0	4936.95022028447	95.602302	0.0	0.8790930000000117	77.37135948851477	
7776.765296704575	2850.0	4.708058024419687	0.0	1231456.0	4600.058385252434	92.485503	0.0	3.1167990000000003	72.35753544954366	
7781.18308202002	1850.0	4.290272708975128	0.0	846370.0	4417.785315444559	92.020773	0.0	0.46472999999998876	74.7777973135027	
