12568.738451732308	750.0	4.0	1.5985734190571195	450283.0	1598.5734190571195	64.858346	0.0	0.0	6.234604146791504	
12571.515031715779	1200.0	5.2234200165289835	0.0	611087.0	2776.579983471017	69.839987	4.981640999999996	0.0	57.97033059622316	
12575.77532414605	1850.0	4.963127586256561	0.0	877771.0	4260.292430272422	82.465457	12.625470000000007	0.0	70.94049867874341	
12579.190913091465	1850.0	5.54753864084321	0.0	933276.0	3415.5889454133517	78.955826	0.0	3.509630999999999	60.48244280749914	
12583.881336859098	2850.0	4.857114873208572	0.0	1472558.0	4690.423767634637	85.928154	6.9723280000000045	0.0	72.18858503636858	
12586.655602996343	1850.0	6.082848735962729	0.0	801058.0	2774.2661372458433	86.249306	0.3211519999999979	0.0	70.47870772988122	
12588.66493143337	1200.0	8.073520298936423	0.0	561791.0	2009.3284370263068	89.177904	2.928597999999994	0.0	73.73588534977478	
12592.850460156074	1850.0	7.887991576233077	0.0	1060487.0	4185.528722703346	90.155937	0.9780329999999964	0.0	73.98296967737969	
12595.95169361583	1850.0	8.786758116475788	0.0	852833.0	3101.233459757288	90.218296	0.06235900000000072	0.0	73.76293677284315	
12599.082109583684	1850.0	9.656342148623358	0.0	913888.0	3130.4159678524306	86.733288	0.0	3.4850079999999934	67.09530890568334	
12601.615676256697	1200.0	11.122775475608336	0.0	607410.0	2533.5666730150224	82.096766	0.0	4.636521999999999	61.946878270919974	
12605.217713918126	1850.0	11.520737814180173	0.0	917428.0	3602.037661428163	82.202545	0.10577899999999829	0.0	66.98732635875223	
12609.262700280107	1850.0	11.475751452197995	0.0	946851.0	4044.986361982177	83.629776	1.4272310000000061	0.0	68.58980497651146	
12614.990053105374	2850.0	9.748398626932572	0.0	1578343.0	5727.352825265423	91.568178	7.938401999999996	0.0	77.25299014285042	
12619.54556171093	2850.0	9.192890021376108	0.0	1231445.0	4555.508605556465	88.830113	0.0	2.738065000000006	69.66361798364525	
12623.701304891429	1850.0	9.037146840877655	0.0	923170.0	4155.7431804984535	83.7301	0.0	5.100013000000004	62.83838720493218	
12627.999684911909	1850.0	8.738766820397966	0.0	966699.0	4298.380020479689	86.226021	2.49592100000001	0.0	71.10700694933738	
12630.45916352198	1200.0	10.27928821032621	0.0	581493.0	2459.478610071755	79.137254	0.0	7.088767000000004	56.83863512869361	
12634.334241282151	1850.0	10.404210450155775	0.0	987708.0	3875.0777601704362	79.995224	0.8579699999999946	0.0	65.34207530148709	
12637.761267773767	1850.0	10.977183958540559	0.0	923755.0	3427.026491615216	86.363677	6.368453000000002	0.0	72.3774923683489	
12643.48537440398	2850.0	9.253077328328963	0.0	1415116.0	5724.106630211595	90.785318	4.421641000000008	0.0	75.54209038638726	
12648.252439460677	2850.0	8.486012271629901	0.0	1468126.0	4767.065056699063	89.398189	0.0	1.3871290000000016	71.57806374237117	
12655.645053880013	2850.0	5.093397852294782	0.0	1505760.0	7392.614419335119	85.954529	0.0	3.4436600000000084	66.4796472332252	
12658.931354968376	1850.0	5.80709676393207	0.0	874175.0	3286.301088362712	80.700778	0.0	5.253750999999994	60.109735226601934	
12661.78419902556	1200.0	6.954252706748015	0.0	587236.0	2852.8440571840547	78.698824	0.0	2.001953999999998	61.86443112432193	
12665.134311830016	1200.0	7.60413990229291	0.0	590335.0	3350.112804455105	79.644231	0.945407000000003	0.0	65.07087268298653	
12670.939787362813	1850.0	5.798664369494169	0.0	1076599.0	5805.4755327987405	90.791041	11.146810000000002	0.0	77.55084629957622	
12674.600051225982	1850.0	6.138400506326551	0.0	758197.0	3660.263863167618	87.50057	0.0	3.290471000000011	67.95152441266671	
12679.604806462388	1850.0	5.133645269918359	0.0	972798.0	5004.755236408192	88.832031	1.3314610000000044	0.0	72.96706372219077	
12684.209319991634	1850.0	4.529131740672297	0.0	975811.0	4604.513529246062	89.334885	0.5028539999999992	0.0	73.14603000751325	
12687.865512920396	1850.0	4.87293881191114	0.0	873429.0	3656.1929287611574	87.120667	0.0	2.2142180000000025	68.77168736090755	
12691.770276648276	1850.0	4.968175084032899	0.0	954453.0	3904.7637278782404	83.67714	0.0	3.443527000000003	64.551065096847	
12694.857087970782	1850.0	5.881363761525814	0.0	885062.0	3086.8113225070856	87.533761	3.856621000000004	0.0	72.61998329554336	
12700.469643354665	2850.0	4.268808377641586	0.0	1587293.0	5612.555383884228	81.858634	0.0	5.675127000000003	60.64324528679841	
12703.419668250093	1200.0	5.31878348221369	0.0	690253.0	2950.0248954278964	87.732581	5.873947000000001	0.0	73.38946994749392	
12707.192999511939	1850.0	5.545452220368154	0.0	943942.0	3773.331261845537	90.168439	2.4358580000000103	0.0	74.42794802438888	
12710.271029982921	1850.0	6.467421749386165	0.0	728962.0	3078.0304709819884	86.066994	0.0	4.101445000000012	65.87698482373372	
12713.817780831607	1850.0	6.920670900699415	0.0	938587.0	3546.75084868675	86.593761	0.5267670000000066	0.0	70.83169447059112	
12717.927835451006	1850.0	6.810616281299037	0.0	908665.0	4110.054619400378	82.415248	0.0	4.178512999999995	62.70254805849999	
12721.325376507422	1850.0	7.41307522488336	0.0	930577.0	3397.5410564156778	83.556577	1.141328999999999	0.0	68.44262199794545	
12724.009942963768	1200.0	8.728508768538076	0.0	566904.0	2684.5664563452838	86.974261	3.417683999999994	0.0	72.01535138746164	
12728.657568551624	1850.0	8.08088318068085	0.0	1025005.0	4647.625587857226	85.276808	0.0	1.6974529999999959	67.7584082266182	
12732.395871533048	1850.0	8.342580199257856	0.0	886255.0	3738.302981422992	78.86339	0.0	6.413418000000007	57.32324393169883	
12736.288872115001	1850.0	8.449579617304746	0.0	973972.0	3893.00058195311	84.84845	5.985060000000004	0.0	70.98000474499611	
12740.88797203627	1850.0	7.85047969603721	0.0	958994.0	4599.099921267535	87.119023	2.270572999999999	0.0	71.79614403033668	
12744.855375995448	1850.0	7.883075736858084	0.0	982064.0	3967.4039591791266	86.680563	0.0	0.4384599999999921	70.28304003058662	
12752.770544069874	2850.0	4.0	0.032092337567656615	1231456.0	7915.16807442574	92.485503	5.804939999999988	0.0	76.470034518098	
12757.036548228061	1850.0	4.0	0.26600415818782497	846370.0	4266.004158187825	92.020773	0.0	0.46472999999998876	67.11796458900588	
