8548.932343804809	750.0	4.0	9.971750996673139	450283.0	9971.75099667314	64.858346	0.0	0.0	-234.87869293091538	
8552.415967714041	300.0	4.516376090767351	0.0	155580.0	3483.623909232648	18.412623	0.0	46.445723	-36.3468075049402	
8556.908003361612	750.0	4.024340443195873	0.0	350812.0	4492.035647571478	60.430767	42.01814400000001	0.0	61.03747640393585	
8560.034803963934	750.0	4.897539840875608	0.0	382355.0	3126.8006023202656	55.551349	0.0	4.879418000000001	39.207823032133746	
8564.44757354519	1200.0	4.484770259617184	0.0	652874.0	4412.769581258424	64.23322	8.681871000000001	0.0	54.32451676193826	
8567.65797662968	1200.0	5.274367175129136	0.0	520315.0	3210.403084488048	75.14582	10.912599999999998	0.0	64.23110350586552	
8569.910148215602	750.0	7.022195589207247	0.0	352642.0	2252.171585921888	81.00828	5.862459999999999	0.0	67.6912292345531	
8573.897501321555	1200.0	7.0348424832534295	0.0	709534.0	3987.3531059538186	82.426144	1.4178639999999945	0.0	67.56765661211375	
8576.44722541567	750.0	8.48511838913896	0.0	374758.0	2549.724094114471	70.789292	0.0	11.63685199999999	44.94322388247148	
8580.63741556106	750.0	8.29492824374936	0.0	362795.0	4190.190145389598	64.786022	0.0	6.0032700000000006	45.836272051926805	
8583.052963092076	750.0	9.879380712734006	0.0	353220.0	2415.5475310153547	70.008689	5.222667000000001	0.0	58.18502339881593	
8586.279341430818	750.0	10.653002373991459	0.0	405134.0	3226.378338742546	59.00323	0.0	11.005459000000002	35.63150226952917	
8590.075347940414	750.0	10.856995864396593	0.0	386351.0	3796.006509594866	59.358241	0.3550109999999975	0.0	47.71472422025977	
8595.401291678336	750.0	9.53105212647379	0.0	434409.0	5325.943737922802	56.692976	0.0	2.665264999999998	42.523882025230556	
8597.535347440531	750.0	11.396996364277342	0.0	337059.0	2134.0557621964495	54.76216	0.0	1.930816	41.66792139000558	
8601.072005455733	750.0	11.860338349075871	0.0	366214.0	3536.6580152014703	58.858709	4.096548999999996	0.0	48.406541934633836	
8603.787480569708	750.0	13.144863235099795	0.0	360831.0	2715.475113976078	60.531124	1.6724150000000009	0.0	49.100589048161304	
8604.818867404178	300.0	16.11347640063147	0.0	150616.0	1031.3868344683228	35.116669	0.0	25.414454999999997	0.11401900957756439	
8609.243704491239	750.0	15.688639313569457	0.0	405596.0	4424.837087062015	60.564875	25.448206	0.0	56.21368234169137	
8613.73174585394	750.0	15.200597950868698	0.0	350713.0	4488.041362700758	67.172129	6.6072539999999975	0.0	56.195305162945644	
8620.851464747417	750.0	12.080879057392613	0.0	386472.0	7119.718893476084	62.777649	0.0	4.3944800000000015	45.8423031210838	
8627.518526605363	750.0	9.413817199444878	0.0	399894.0	6667.061857947733	55.443233	0.0	7.334415999999997	36.51150936895389	
8635.387299761323	750.0	5.545044043486414	0.0	401853.0	7868.7731559584645	47.960406	0.0	7.482827	30.016831048248612	
8639.451094373733	750.0	5.481249431077052	0.0	343800.0	4063.794612409362	55.451197	7.4907910000000015	0.0	46.53210385732817	
8641.920718440935	750.0	7.01162536387558	0.0	359903.0	2469.624067201473	66.786337	11.335140000000003	0.0	57.277353060696605	
8644.577811007326	750.0	8.354532797483204	0.0	379700.0	2657.0925663923767	66.676537	0.0	0.109800000000007	53.69031629537219	
8647.041575993739	750.0	9.890767811070848	0.0	425781.0	2463.7649864123564	65.665965	0.0	1.0105719999999963	51.87874368281537	
8650.090623462404	1200.0	10.841720342406951	0.0	487160.0	3049.047468663895	80.893459	15.227493999999993	0.0	70.38450099378304	
8656.317119354757	1200.0	8.615224450054498	0.0	622896.0	6226.495892352454	80.053124	0.0	0.8403349999999961	64.24386573042244	
8661.43032830598	1200.0	7.502015498830229	0.0	641447.0	5113.20895122427	80.154442	0.10131800000000624	0.0	65.2514564240098	
8666.604396065613	1200.0	6.327947739196359	0.0	570392.0	5174.067759633869	78.009495	0.0	2.144947000000002	61.12892222454211	
8672.187303950548	1200.0	4.745039854262116	0.0	620283.0	5582.907884934243	72.909556	0.0	5.099939000000006	53.67453510265016	
8676.610285424049	750.0	4.3220583807617095	0.0	369834.0	4422.9814735004065	68.369339	0.0	4.540216999999998	50.42328474062561	
8680.908688175265	1200.0	4.0236556295445265	0.0	670129.0	4298.402751217183	62.28877	0.0	6.080568999999997	43.639332434497476	
8683.676782286513	1200.0	5.255561518296184	0.0	690253.0	2768.0941112483424	87.732581	25.443810999999997	0.0	79.22073285256175	
8686.417876521044	1200.0	6.514467283765935	0.0	598727.0	2741.094234530249	77.763467	0.0	9.96911399999999	52.61912849502004	
8688.245826832563	750.0	8.686516972247242	0.0	321064.0	1827.9503115186917	67.040505	0.0	10.72296200000001	42.738008305810055	
8690.770834981227	750.0	10.161508823582615	0.0	361565.0	2525.008148664627	66.788635	0.0	0.2518699999999967	53.6345161054191	
8693.408152224798	750.0	11.524191580012662	0.0	378327.0	2637.317243569953	62.32333	0.0	4.465305000000001	45.38239461526515	
8696.731948277999	750.0	12.20039552681089	0.0	390680.0	3323.7960532017723	61.525566	0.0	0.7977640000000008	48.59802426280343	
8700.054401022455	750.0	12.877942782354443	0.0	345516.0	3322.452744456449	79.583372	18.057806	0.0	70.11833935431406	
8703.694626767416	750.0	13.23771703739381	0.0	384505.0	3640.225744960632	64.443828	0.0	15.139544	35.852891186903015	
8706.568671494051	750.0	14.363672310757392	0.0	372093.0	2874.04472663642	58.879512	0.0	5.564315999999998	41.299771933747785	
8711.232395708794	750.0	13.699948096015458	0.0	438281.0	4663.724214741935	62.327504	3.4479919999999993	0.0	51.15101669476942	
8714.817009978806	750.0	14.11533382600189	0.0	398987.0	3584.6142700135674	63.729239	1.4017350000000022	0.0	51.728421217727	
8717.002728090392	300.0	15.929615714415727	0.0	160064.0	2185.718111586163	27.591437	0.0	36.137802	-17.636567298595534	
8726.620417491056	750.0	10.311926313752252	0.0	331053.0	9617.689400663474	60.678126	33.086689	0.0	58.585645433710944	
8735.752889662655	750.0	5.179454142153558	0.0	314107.0	9132.472171598694	75.210559	14.532433000000005	0.0	65.36453832212788	
