1709.160054870663	750.0	4.0	2.8598146493896546	450283.0	2859.8146493896547	64.858346	0.0	0.0	-30.083989199272928	
1712.0108960985363	1200.0	5.149158772126724	0.0	611087.0	2850.8412278732762	69.839987	4.981640999999996	0.0	57.97033059622316	
1714.8998545546917	1200.0	6.260200315971181	0.0	571051.0	2888.958456155543	73.587374	3.7473870000000034	0.0	60.77622417883262	
1719.0602976987452	1850.0	6.099757171917741	0.0	933276.0	4160.443144053441	78.955826	5.368452000000005	0.0	65.80580334984123	
1723.9085805791447	2850.0	5.251474291518273	0.0	1472558.0	4848.282880399468	85.928154	6.9723280000000045	0.0	72.18858503636858	
1727.0397053016395	1850.0	6.120349569023316	0.0	801058.0	3131.124722494957	86.249306	0.3211519999999979	0.0	70.47870772988122	
1730.056046419856	1200.0	7.104008450806855	0.0	561791.0	3016.341118216461	89.177904	2.928597999999994	0.0	73.73588534977478	
1733.2272047718013	1200.0	7.932850098861576	0.0	709534.0	3171.158351945279	82.426144	0.0	6.751760000000004	59.981563733654696	
1737.6868105612539	1850.0	7.473244309408925	0.0	852833.0	4459.60578945265	90.218296	7.7921520000000015	0.0	76.06619525153022	
1742.7317469597676	1850.0	6.428307910895246	0.0	913888.0	5044.93639851368	86.733288	0.0	3.4850079999999934	67.09530890568334	
1746.4029693809077	1200.0	6.757085489755004	0.0	607410.0	3671.222421140242	82.096766	0.0	4.636521999999999	61.946878270919974	
1751.4889566405202	1850.0	5.6710982301425	0.0	917428.0	5085.987259612503	82.202545	0.10577899999999829	0.0	66.98732635875223	
1755.3536797020563	1850.0	5.806375168606252	0.0	946851.0	3864.723061536248	83.629776	1.4272310000000061	0.0	68.58980497651146	
1759.7632874515546	1850.0	5.396767419108068	0.0	1036454.0	4409.607749498184	80.875505	0.0	2.754271000000003	62.909657170689236	
1763.5080410840337	1850.0	5.652013786628906	0.0	821631.0	3744.7536324791613	78.494849	0.0	2.380656000000002	61.28988207838268	
1769.1689830478228	1850.0	4.0	0.008928177160445557	923170.0	5660.941963789352	83.7301	5.235250999999991	0.0	69.55235612533275	
1773.0523295518747	1850.0	4.1166534959483885	0.0	966699.0	3883.346504051611	86.226021	2.49592100000001	0.0	71.10700694933738	
1775.7349972758466	1200.0	5.433985771976475	0.0	581493.0	2682.6677239719143	79.137254	0.0	7.088767000000004	56.83863512869361	
1779.8208172088596	1850.0	5.348165838963305	0.0	987708.0	4085.8199330131706	79.995224	0.8579699999999946	0.0	65.34207530148709	
1783.5525957968666	1850.0	5.61638725095637	0.0	923755.0	3731.7785880069355	86.363677	6.368453000000002	0.0	72.3774923683489	
1787.1807125459159	1850.0	5.9882705019068645	0.0	891604.0	3628.1167490495054	81.773294	0.0	4.5903829999999886	61.72188290516372	
1790.572974775035	1850.0	6.5960082727878815	0.0	955231.0	3392.2622291189823	79.031768	0.0	2.7415260000000075	61.361716707876674	
1794.617362301021	1850.0	6.551620746801678	0.0	968026.0	4044.387525986203	73.123347	0.0	5.908421000000004	52.99779644730492	
1798.0081659628315	1850.0	7.160817084991159	0.0	874175.0	3390.80366181052	80.700778	7.577431000000004	0.0	67.94181803672566	
1801.7411305410099	1850.0	7.427852506813004	0.0	897976.0	3732.964578178155	86.994267	6.293488999999994	0.0	72.88920259297404	
1805.1100402431941	1850.0	8.05894280462862	0.0	905935.0	3368.9097021843836	89.133614	2.1393470000000008	0.0	73.46320174835421	
1809.1413104725611	1850.0	8.02767257526185	0.0	1076599.0	4031.2702293667703	90.791041	1.6574270000000126	0.0	74.72328004362873	
1812.1688033738435	1850.0	9.000179673979568	0.0	758197.0	3027.492901282282	87.50057	0.0	3.290471000000011	67.95152441266671	
1816.670209581751	1850.0	8.498773466072162	0.0	972798.0	4501.406207907406	88.832031	1.3314610000000044	0.0	72.96706372219077	
1821.3875105590625	1850.0	7.781472488760614	0.0	975811.0	4717.300977311547	89.334885	0.5028539999999992	0.0	73.14603000751325	
1824.336399819117	1850.0	8.83258322870593	0.0	873429.0	2948.8892600546824	87.120667	0.0	2.2142180000000025	68.77168736090755	
1827.4199609973482	1850.0	9.749022050474716	0.0	954453.0	3083.561178231216	83.67714	0.0	3.443527000000003	64.551065096847	
1831.7753761806098	1850.0	9.393606867213228	0.0	885062.0	4355.415183261488	87.533761	3.856621000000004	0.0	72.61998329554336	
1837.5647193159427	2850.0	7.604263731880133	0.0	1587293.0	5789.343135333095	81.858634	0.0	5.675127000000003	60.64324528679841	
1840.39262134213	1200.0	8.77636170569306	0.0	690253.0	2827.902026187072	87.732581	5.873947000000001	0.0	73.38946994749392	
1844.1896448189966	1850.0	8.979338228826583	0.0	943942.0	3797.023476866477	90.168439	2.4358580000000103	0.0	74.42794802438888	
1847.8908279918862	1850.0	9.278155055936796	0.0	728962.0	3701.1831728897855	86.066994	0.0	4.101445000000012	65.87698482373372	
1851.1707072754893	1200.0	9.998275772333738	0.0	575591.0	3279.87928360306	77.292461	0.0	8.774532999999991	53.4876820866369	
1854.2860735941226	1200.0	10.882909453700485	0.0	605884.0	3115.366318633253	74.001829	0.0	3.290632000000002	56.519254990333565	
1857.4962256417168	1200.0	11.672757406106491	0.0	587506.0	3210.152047593994	72.886388	0.0	1.1154410000000041	57.88246197348263	
1859.424386075952	750.0	13.744596971871042	0.0	345516.0	1928.1604342354492	79.583372	6.6969840000000005	0.0	66.73313750009174	
1863.1431603450753	1200.0	14.025822702747707	0.0	641452.0	3718.7742691233348	75.706383	0.0	3.8769889999999947	57.34071953352638	
1867.240153240482	1200.0	13.928829807341266	0.0	599477.0	4096.992895406441	71.343181	0.0	4.363202000000001	53.129647516624864	
1872.2805697405736	1200.0	12.888413307249404	0.0	634861.0	5040.416500091862	75.003938	3.660757000000004	0.0	61.95010051241022	
1883.102676705121	1850.0	6.066306342701988	0.0	958994.0	10822.106964547416	87.119023	12.115084999999993	0.0	74.72952862841541	
1887.5677135177161	1850.0	5.601269530107012	0.0	982064.0	4465.036812594976	86.680563	0.0	0.4384599999999921	70.28304003058662	
1892.0942033641072	2850.0	5.074779683715925	0.0	1231456.0	4526.489846391087	92.485503	5.804939999999988	0.0	77.39416269406718	
1896.6452432989283	2850.0	4.523739748894857	0.0	1364537.0	4551.039934821068	97.895096	5.409593000000001	0.0	81.85775079398817	
