7783.481375809667	750.0	4.0	2.2982937896467757	450283.0	2298.2937896467756	64.858346	0.0	0.0	-13.91448310490177	
7786.329729408543	1200.0	5.1516464011235925	0.0	611087.0	2848.353598876408	69.839987	4.981640999999996	0.0	57.97033059622316	
7789.5741741478	1850.0	5.9072016618674725	0.0	877771.0	3244.4447392561196	82.465457	12.625470000000007	0.0	70.94049867874341	
7794.343199124342	2850.0	5.138176685324452	0.0	1520281.0	4769.024976543021	89.788956	7.323498999999998	0.0	75.56294146774755	
7799.078323960202	2850.0	4.403051849464535	0.0	1472558.0	4735.124835859917	85.928154	0.0	3.8608019999999925	66.01472302608317	
7802.226401051569	1850.0	5.254974758098389	0.0	801058.0	3148.077091366146	86.249306	0.3211519999999979	0.0	70.47870772988122	
7804.637347413782	1200.0	6.844028395885119	0.0	561791.0	2410.9463622132707	89.177904	2.928597999999994	0.0	73.73588534977478	
7809.57043664541	1850.0	5.910939164256948	0.0	1060487.0	4933.089231628171	90.155937	0.9780329999999964	0.0	73.98296967737969	
7812.329631998092	1850.0	7.151743811575474	0.0	852833.0	2759.1953526814737	90.218296	0.06235900000000072	0.0	73.76293677284315	
7815.135990556764	1850.0	8.345385252903263	0.0	913888.0	2806.3585586722115	86.733288	0.0	3.4850079999999934	67.09530890568334	
7816.913682188197	1200.0	10.567693621470967	0.0	607410.0	1777.6916314322957	82.096766	0.0	4.636521999999999	61.946878270919974	
7819.954926455685	1850.0	11.526449353982866	0.0	917428.0	3041.2442674881027	82.202545	0.10577899999999829	0.0	66.98732635875223	
7824.8219540847085	2850.0	10.65942172495934	0.0	1422919.0	4867.027629023525	93.510922	11.308376999999993	0.0	79.90245888137983	
7829.7559521820485	2850.0	9.725423627618337	0.0	1578343.0	4933.998097341003	91.568178	0.0	1.9427439999999905	72.82632292630404	
7835.184518430423	2850.0	8.296857379243864	0.0	1231445.0	5428.566248374473	88.830113	0.0	2.738065000000006	69.66361798364525	
7838.429585913895	1850.0	9.05178989577232	0.0	923170.0	3245.067483471544	83.7301	0.0	5.100013000000004	62.83838720493218	
7841.59939177117	1850.0	9.881984038496576	0.0	966699.0	3169.8058572757445	86.226021	2.49592100000001	0.0	71.10700694933738	
7843.854491997692	1200.0	11.626883811975167	0.0	581493.0	2255.1002265214092	79.137254	0.0	7.088767000000004	56.83863512869361	
7848.77095235891	2850.0	10.710423450757132	0.0	1537156.0	4916.460361218035	89.30989	10.172635999999997	0.0	76.00618174191865	
7853.370162407759	2850.0	10.111213401907499	0.0	1336050.0	4599.210048849632	93.680429	4.370539000000008	0.0	77.97873613425025	
7858.6396593435475	2850.0	8.841716466120161	0.0	1415116.0	5269.496935787338	90.785318	0.0	2.895111	71.15285762033272	
7864.006595650462	2850.0	7.4747801592047285	0.0	1468126.0	5366.936306915432	89.398189	0.0	1.3871290000000016	71.57806374237117	
7868.811243804427	2850.0	6.670132005240381	0.0	1505760.0	4804.648153964347	85.954529	0.0	3.4436600000000084	66.4796472332252	
7873.023106404339	1850.0	6.458269405328661	0.0	874175.0	4211.86259991172	80.700778	0.0	5.253750999999994	60.109735226601934	
7876.951460679929	1850.0	6.5299151297379	0.0	897976.0	3928.35427559076	86.994267	6.293488999999994	0.0	72.88920259297404	
7879.4969561833395	1200.0	7.984419626328596	0.0	590335.0	2545.495503409305	79.644231	0.0	7.350035999999989	56.99078839390229	
7883.112862395705	1200.0	8.368513413962972	0.0	696376.0	3615.9062123656245	80.745588	1.101356999999993	0.0	66.05008180256124	
7885.886785798197	1200.0	9.594590011471047	0.0	487160.0	2773.9234024919265	80.893459	0.14787099999999498	0.0	65.89120220426116	
7887.952721386031	750.0	11.528654423636933	0.0	400396.0	2065.935587834112	69.601487	0.0	11.291971999999987	44.303187811671584	
7890.396626177485	750.0	13.084749632182636	0.0	400508.0	2443.904791454299	67.821489	0.0	1.7799980000000062	52.88789921294314	
7892.800381017149	750.0	14.680994792518572	0.0	358218.0	2403.754839664063	64.789531	0.0	3.031958000000003	48.99180250230414	
7896.325769530105	750.0	15.155606279562694	0.0	400322.0	3525.388512955878	60.651768	0.0	4.137763	44.31426861062449	
7900.897379400428	750.0	14.583996409240994	0.0	369834.0	4571.6098703216985	68.369339	7.7175709999999995	0.0	57.54006651746116	
7907.877029644366	1200.0	11.604346165301871	0.0	670129.0	6979.650243939123	62.28877	0.0	6.080568999999997	43.639332434497476	
7914.565048904733	750.0	8.916326904935012	0.0	401088.0	6688.019260366859	69.915275	7.6265049999999945	0.0	58.822186338307795	
7918.713530867412	750.0	8.767844942255016	0.0	365161.0	4148.481962679998	60.276519	0.0	9.638755999999994	38.15992246287269	
7922.056931043555	750.0	9.424444766112757	0.0	321064.0	3343.4001761422596	67.040505	6.763985999999996	0.0	56.13053433110116	
7927.5755932203165	750.0	7.905782589350694	0.0	361565.0	5518.662176762062	66.788635	0.0	0.2518699999999967	53.6345161054191	
7934.735670510491	750.0	4.745705299175904	0.0	378327.0	7160.0772901747905	62.32333	0.0	4.465305000000001	45.38239461526515	
7938.937092373789	750.0	4.5442834358785325	0.0	390680.0	4201.421863297372	61.525566	0.0	0.7977640000000008	48.59802426280343	
7942.397457044777	750.0	5.083918764889835	0.0	345516.0	3460.3646709886966	79.583372	18.057806	0.0	70.11833935431406	
7946.731578459522	1200.0	4.749797350145221	0.0	641452.0	4334.1214147446135	75.706383	0.0	3.8769889999999947	57.34071953352638	
7950.661277409561	1200.0	4.820098400105868	0.0	599477.0	3929.6989500393543	71.343181	0.0	4.363202000000001	53.129647516624864	
7954.301116583872	1200.0	5.180259225795502	0.0	634861.0	3639.8391743103653	75.003938	3.660757000000004	0.0	61.95010051241022	
7958.04739093277	1200.0	5.433984876897029	0.0	630203.0	3746.2743488984725	77.745919	2.7419809999999956	0.0	63.99851811947875	
7961.077854305078	1200.0	6.403521504588895	0.0	638661.0	3030.4633723081347	77.309224	0.0	0.4366950000000003	62.348315386019244	
7966.345043771848	2850.0	5.136332037819384	0.0	1231456.0	5267.18946676951	92.485503	15.176278999999994	0.0	80.18655519518603	
7970.667568051	1850.0	4.813807758667794	0.0	846370.0	4322.524279151591	92.020773	0.0	0.46472999999998876	74.7777973135027	
