7216.2823787064835	750.0	4.0	1.9680897620528024	450283.0	1968.0897620528024	64.858346	0.0	0.0	-4.405956495558186	
7219.6154729734	1200.0	4.666905733083127	0.0	611087.0	3333.094266916872	69.839987	4.981640999999996	0.0	57.97033059622316	
7221.7049615443275	1200.0	6.577417162155643	0.0	571051.0	2089.488570927484	73.587374	3.7473870000000034	0.0	60.77622417883262	
7224.918235414332	1850.0	7.364143292151516	0.0	933276.0	3213.2738700041273	78.955826	5.368452000000005	0.0	65.80580334984123	
7228.117591649184	1850.0	8.164787057299415	0.0	996749.0	3199.3562348520995	75.455188	0.0	3.500637999999995	57.52729019743525	
7230.315505881664	1200.0	9.966872824820376	0.0	520315.0	2197.9142324790414	75.14582	0.0	0.3093680000000063	60.65121996179534	
7235.245762863185	750.0	9.036615843299819	0.0	352642.0	4930.256981520557	81.00828	5.862459999999999	0.0	67.6912292345531	
7243.619118249594	1200.0	4.663260456889604	0.0	709534.0	8373.355386410214	82.426144	1.4178639999999945	0.0	67.56765661211375	
7246.1430745207035	1200.0	6.139304185780444	0.0	584846.0	2523.9562711091603	82.430225	0.004080999999999335	0.0	67.14984568949134	
7249.870698786482	1850.0	6.4116799200024035	0.0	913888.0	3727.6242657780404	86.733288	4.303063000000009	0.0	72.0750888505126	
7252.092901637634	1200.0	8.189477068849804	0.0	607410.0	2222.202851152599	82.096766	0.0	4.636521999999999	61.946878270919974	
7255.445850272544	1850.0	8.836528433940073	0.0	917428.0	3352.948634909732	82.202545	0.10577899999999829	0.0	66.98732635875223	
7259.176510538046	1850.0	9.10586816843712	0.0	946851.0	3730.6602655029537	83.629776	1.4272310000000061	0.0	68.58980497651146	
7265.48041024894	1850.0	6.801968457543702	0.0	1036454.0	6303.899710893416	80.875505	0.0	2.754271000000003	62.909657170689236	
7271.028696074277	1850.0	5.253682632206298	0.0	821631.0	5548.285825337404	78.494849	0.0	2.380656000000002	61.28988207838268	
7274.50669738731	1200.0	5.775681319173513	0.0	587876.0	3478.001313032785	72.569044	0.0	5.925804999999997	52.50991222251557	
7278.0569968676655	1200.0	6.225381838817746	0.0	617242.0	3550.299480355767	75.662786	3.0937419999999918	0.0	62.339125264249624	
7281.245670722317	1200.0	7.036707984165467	0.0	581493.0	3188.6738546522793	79.137254	3.4744680000000017	0.0	65.39510155551699	
7285.335625678262	1850.0	6.946753028220511	0.0	987708.0	4089.9549559449547	79.995224	0.8579699999999946	0.0	65.34207530148709	
7288.906660249241	1200.0	7.37571845724022	0.0	586839.0	3571.0345709802914	79.134663	0.0	0.8605609999999899	63.444560336070744	
7292.8639704310035	1850.0	7.418408275478592	0.0	891604.0	3957.3101817616284	81.773294	2.6386310000000037	0.0	67.37851107636527	
7298.789983459201	1850.0	5.492395247281851	0.0	955231.0	5926.013028196741	79.031768	0.0	2.7415260000000075	61.361716707876674	
7303.652574916304	1850.0	4.629803790178126	0.0	968026.0	4862.591457103725	73.123347	0.0	5.908421000000004	52.99779644730492	
7307.282024209695	1850.0	5.0003544967869225	0.0	874175.0	3629.4492933912047	80.700778	7.577431000000004	0.0	67.94181803672566	
7310.130937100212	1200.0	6.151441606269383	0.0	587236.0	2848.912890517539	78.698824	0.0	2.001953999999998	61.86443112432193	
7313.891093710153	1200.0	6.3912849963293334	0.0	590335.0	3760.1566099400497	79.644231	0.945407000000003	0.0	65.07087268298653	
7320.124226756408	1200.0	4.1581519500735	0.0	696376.0	6233.1330462558335	80.745588	1.101356999999993	0.0	66.05008180256124	
7322.76709634653	1200.0	5.515282359951599	0.0	487160.0	2642.8695901219007	80.893459	0.14787099999999498	0.0	65.89120220426116	
7326.232985585129	1200.0	6.049393121352197	0.0	622896.0	3465.889238599402	80.053124	0.0	0.8403349999999961	64.24386573042244	
7328.900787802902	1200.0	7.381590903579954	0.0	641447.0	2667.8022177722437	80.154442	0.10131800000000624	0.0	65.2514564240098	
7333.384049185025	1200.0	6.898329521456689	0.0	570392.0	4483.261382123265	78.009495	0.0	2.144947000000002	61.12892222454211	
7338.943625205119	1850.0	5.338753501363373	0.0	954453.0	5559.576020093316	83.67714	5.667644999999993	0.0	69.8934403748377	
7341.459922334518	1200.0	6.8224563719651465	0.0	584349.0	2516.297129398226	79.771897	0.0	3.9052429999999987	60.75383035011878	
7346.180373811125	1850.0	6.102004895357523	0.0	1035329.0	4720.451476607624	71.430146	0.0	8.341751000000002	48.982062277546724	
7349.996389628509	1200.0	6.285989077973393	0.0	690253.0	3816.01581738413	87.732581	16.302435000000003	0.0	76.4968627852952	
7355.039937527858	1850.0	5.242441178624593	0.0	943942.0	5043.5478993488005	90.168439	2.4358580000000103	0.0	74.42794802438888	
7358.51762864595	1850.0	5.764750060532716	0.0	728962.0	3477.691118091877	86.066994	0.0	4.101445000000012	65.87698482373372	
7360.6843905252135	1200.0	7.597988181269364	0.0	575591.0	2166.761879263352	77.292461	0.0	8.774532999999991	53.4876820866369	
7364.0416665184775	1850.0	8.240712188005196	0.0	908665.0	3357.2759932641666	82.415248	5.122787000000002	0.0	68.66239046371803	
7369.056848921696	1850.0	7.225529784787468	0.0	930577.0	5015.182403217728	83.556577	1.141328999999999	0.0	68.44262199794545	
7371.670216939927	1200.0	8.612161766555927	0.0	566904.0	2613.3680182315425	86.974261	3.417683999999994	0.0	72.01535138746164	
7375.884827461033	1850.0	8.397551245450224	0.0	1025005.0	4214.610521105703	85.276808	0.0	1.6974529999999959	67.7584082266182	
7381.501071934611	2850.0	6.78130677187272	0.0	1343002.0	5616.244473577503	87.659279	2.3824709999999953	0.0	72.28702985263917	
7385.9913245352445	1850.0	6.291054171238985	0.0	973972.0	4490.252600633736	84.84845	0.0	2.8108289999999982	66.21434068733927	
7390.975802430018	2850.0	5.306576276465122	0.0	1464921.0	4984.477894773863	96.481395	11.632945000000007	0.0	82.51486776588621	
7395.668074445632	2850.0	4.614304260851746	0.0	1483527.0	4692.2720156133755	95.602302	0.0	0.8790930000000117	77.37135948851477	
7399.814963732603	2850.0	4.467414973879801	0.0	1231456.0	4146.889286971946	92.485503	0.0	3.1167990000000003	72.35753544954366	
7402.778103489716	1850.0	5.50427521676652	0.0	846370.0	2963.1397571132798	92.020773	0.0	0.46472999999998876	74.7777973135027	
