12181.884890376068	750.0	4.0	3.478694088168143	450283.0	3478.694088168143	64.858346	0.0	0.0	-47.90518797288923	
12184.335307721301	750.0	5.54958265476585	0.0	398865.0	2450.4173452341497	57.017244	0.0	7.841101999999999	37.30694774282116	
12186.325616707454	750.0	7.559273668615107	0.0	350812.0	1990.3089861507428	60.430767	3.413523000000005	0.0	49.53439726135709	
12188.769462388273	750.0	9.115427987794604	0.0	382355.0	2443.8456808205033	55.551349	0.0	4.879418000000001	39.207823032133746	
12191.382124631658	750.0	10.502765744409848	0.0	411561.0	2612.6622433847565	51.003805	0.0	4.547544000000002	35.708620955217725	
12194.412825818717	750.0	11.472064557350226	0.0	318564.0	3030.7011870596216	62.986308	11.982503000000001	0.0	54.252000083560986	
12197.5187137033	750.0	12.366176672767752	0.0	352642.0	3105.8878845824747	81.00828	18.021971999999998	0.0	71.31441799403183	
12204.035731562517	750.0	9.849158813550602	0.0	437162.0	6517.017859217149	69.475262	0.0	11.533017999999998	43.94053818670605	
12209.790115758658	750.0	8.094774617409385	0.0	374758.0	5754.384196141218	70.789292	1.3140300000000025	0.0	57.681454273815504	
12215.635153107572	750.0	6.249737268496914	0.0	362795.0	5845.03734891247	64.786022	0.0	6.0032700000000006	45.836272051926805	
12221.85239549094	750.0	4.0324948851309195	0.0	353220.0	6217.242383365995	70.008689	5.222667000000001	0.0	58.18502339881593	
12225.812014931465	750.0	4.07287544460564	0.0	405134.0	3959.6194405252786	59.00323	0.0	11.005459000000002	35.63150226952917	
12228.263164670043	750.0	5.621725706027991	0.0	386351.0	2451.1497385776493	59.358241	0.3550109999999975	0.0	47.71472422025977	
12231.869310025913	750.0	6.015580350156742	0.0	434409.0	3606.14535587125	56.692976	0.0	2.665264999999998	42.523882025230556	
12237.560308582286	750.0	4.324581793784827	0.0	337059.0	5690.998556371914	54.76216	0.0	1.930816	41.66792139000558	
12241.417499577874	750.0	4.46739079819578	0.0	366214.0	3857.1909955890474	58.858709	4.096548999999996	0.0	48.406541934633836	
12244.46067304238	750.0	5.424217333691613	0.0	360831.0	3043.1734645041674	60.531124	1.6724150000000009	0.0	49.100589048161304	
12249.451058126851	750.0	4.433832249219703	0.0	372963.0	4990.38508447191	69.564049	9.032924999999999	0.0	58.9438058139744	
12253.223468902092	750.0	4.6614214739798365	0.0	405596.0	3772.410775239867	60.564875	0.0	8.999173999999996	39.08272725573663	
12256.067378211144	750.0	5.817512164927142	0.0	350713.0	2843.909309052694	67.172129	6.6072539999999975	0.0	56.195305162945644	
12259.298009414662	750.0	6.586880961409509	0.0	386472.0	3230.6312035176334	62.777649	0.0	4.3944800000000015	45.8423031210838	
12262.589467275497	750.0	7.295423100575414	0.0	399894.0	3291.4578608340944	55.443233	0.0	7.334415999999997	36.51150936895389	
12268.741926447017	1200.0	5.142963929054416	0.0	656471.0	6152.459171520999	63.455907	8.012674000000004	0.0	53.466807853156645	
12273.680772587531	1200.0	4.204117788540147	0.0	536667.0	4938.846140514269	68.420849	4.964942000000001	0.0	56.763485235890926	
12276.923507186626	750.0	4.961383189447599	0.0	359903.0	3242.734599092548	66.786337	0.0	1.6345120000000009	52.16558832707676	
12280.278462373288	750.0	5.60642800278387	0.0	379700.0	3354.955186663728	66.676537	0.0	0.109800000000007	53.69031629537219	
12284.340215014921	750.0	5.54467536114979	0.0	425781.0	4061.752641634081	65.665965	0.0	1.0105719999999963	51.87874368281537	
12286.98142958582	750.0	6.903460790250302	0.0	277716.0	2641.214570899489	68.231907	2.565942000000007	0.0	55.88863627581473	
12290.460954754173	750.0	7.423935621897126	0.0	400396.0	3479.5251683531756	69.601487	1.3695799999999991	0.0	56.69205323288801	
12294.880289710185	750.0	7.004600665886811	0.0	400508.0	4419.334956010314	67.821489	0.0	1.7799980000000062	52.88789921294314	
12298.86717243449	750.0	7.017717941580731	0.0	358218.0	3986.8827243060805	64.789531	0.0	3.031958000000003	48.99180250230414	
12303.042235602588	750.0	6.842654773483189	0.0	400322.0	4175.063168097542	60.651768	0.0	4.137763	44.31426861062449	
12306.855992204195	750.0	7.028898171876434	0.0	369834.0	3813.7566016067553	68.369339	7.7175709999999995	0.0	57.54006651746116	
12311.616897899394	750.0	6.267992476679029	0.0	412837.0	4760.905695197404	49.996929	0.0	18.372409999999995	20.187729359352712	
12315.58136327647	750.0	6.303527099603734	0.0	401088.0	3964.4653770752952	69.915275	19.918345999999993	0.0	62.48480537634975	
12319.018508479845	750.0	6.8663818962275185	0.0	365161.0	3437.1452033762166	60.276519	0.0	9.638755999999994	38.15992246287269	
12322.982680958761	750.0	6.902209417311958	0.0	321064.0	3964.172478915559	67.040505	6.763985999999996	0.0	56.13053433110116	
12326.360976279282	750.0	7.5239140967891505	0.0	361565.0	3378.2953205228073	66.788635	0.0	0.2518699999999967	53.6345161054191	
12329.597078148781	750.0	8.28781222729081	0.0	378327.0	3236.1018694983386	62.32333	0.0	4.465305000000001	45.38239461526515	
12334.025694989754	750.0	7.85919538631695	0.0	390680.0	4428.616840973861	61.525566	0.0	0.7977640000000008	48.59802426280343	
12337.917635120071	750.0	7.967255256000167	0.0	345516.0	3891.9401303167833	79.583372	18.057806	0.0	70.11833935431406	
12340.80331494692	750.0	9.081575429152418	0.0	384505.0	2885.6798268477496	64.443828	0.0	15.139544	35.852891186903015	
12343.558944321085	750.0	10.325946054986463	0.0	372093.0	2755.6293741659533	58.879512	0.0	5.564315999999998	41.299771933747785	
12349.37641448594	1200.0	8.508475890132322	0.0	634861.0	5817.470164854142	75.003938	16.124426000000007	0.0	65.66391940766388	
12357.406997170114	1200.0	4.47789320595783	0.0	630203.0	8030.582684174492	77.745919	2.7419809999999956	0.0	63.99851811947875	
12362.219119523179	1200.0	4.0	0.3342291471083363	638661.0	4812.122353066166	77.309224	0.0	0.4366950000000003	52.72388178339341	
12366.204895083492	1200.0	4.014224439686453	0.0	538612.0	3985.7755603135465	74.51099	0.0	2.7982339999999937	57.47289772290094	
12369.621956676368	1200.0	4.597162846811971	0.0	550906.0	3417.0615928744833	86.366143	11.855152999999987	0.0	74.01446138471348	
