3418.7349597847033	750.0	4.0	2.3226168467032533	450283.0	2322.6168467032535	64.858346	0.0	0.0	-14.614887751469205	
3421.5303627651465	750.0	5.204597019557097	0.0	398865.0	2795.4029804429024	57.017244	0.0	7.841101999999999	37.30694774282116	
3423.81900536455	750.0	6.915954420153612	0.0	350812.0	2288.642599403485	60.430767	3.413523000000005	0.0	49.53439726135709	
3426.466063815404	750.0	8.268895969299136	0.0	382355.0	2647.0584508544766	55.551349	0.0	4.879418000000001	39.207823032133746	
3430.141095465514	750.0	8.593864319189526	0.0	411561.0	3675.03165010961	51.003805	0.0	4.547544000000002	35.708620955217725	
3433.3723589312244	750.0	9.362600853479242	0.0	318564.0	3231.263465710285	62.986308	11.982503000000001	0.0	54.252000083560986	
3439.1866284351345	750.0	7.548331349569153	0.0	352642.0	5814.269503910088	81.00828	18.021971999999998	0.0	71.31441799403183	
3446.5900875647544	750.0	4.1448722199491135	0.0	437162.0	7403.459129620041	69.475262	0.0	11.533017999999998	43.94053818670605	
3449.5863023975644	750.0	5.148657387138836	0.0	374758.0	2996.214832810277	70.789292	1.3140300000000025	0.0	57.681454273815504	
3452.556232120702	750.0	6.178727664001212	0.0	362795.0	2969.9297231376236	64.786022	0.0	6.0032700000000006	45.836272051926805	
3456.508955812576	750.0	6.226003972126987	0.0	353220.0	3952.7236918742233	70.008689	5.222667000000001	0.0	58.18502339881593	
3461.3959062138147	750.0	5.339053570888431	0.0	405134.0	4886.950401238557	59.00323	0.0	11.005459000000002	35.63150226952917	
3464.8422336018966	750.0	5.892726182806833	0.0	386351.0	3446.327388081598	59.358241	0.3550109999999975	0.0	47.71472422025977	
3467.7887779168987	750.0	6.946181867804903	0.0	434409.0	2946.54431500193	56.692976	0.0	2.665264999999998	42.523882025230556	
3470.4632165455455	750.0	8.271743239157724	0.0	337059.0	2674.438628647179	54.76216	0.0	1.930816	41.66792139000558	
3475.095324197869	1200.0	7.639635586834049	0.0	587876.0	4632.107652323675	72.569044	17.806884000000004	0.0	64.10312963557496	
3479.0418860054056	1200.0	7.693073779298199	0.0	617242.0	3946.5618075358498	75.662786	3.0937419999999918	0.0	62.339125264249624	
3481.5582323099784	750.0	9.176727474725256	0.0	372963.0	2516.3463045729427	69.564049	0.0	6.098737	49.78149799493421	
3485.408735202679	750.0	9.32622458202475	0.0	405596.0	3850.502892700506	60.564875	0.0	8.999173999999996	39.08272725573663	
3488.459692573627	750.0	10.27526721107678	0.0	350713.0	3050.9573709479705	67.172129	6.6072539999999975	0.0	56.195305162945644	
3492.1115297854717	750.0	10.623429999232147	0.0	386472.0	3651.837211844633	62.777649	0.0	4.3944800000000015	45.8423031210838	
3497.265550023835	750.0	9.469409760868475	0.0	399894.0	5154.0202383636715	55.443233	0.0	7.334415999999997	36.51150936895389	
3504.481195952048	1200.0	6.253763832655682	0.0	656471.0	7215.645928212793	63.455907	8.012674000000004	0.0	53.466807853156645	
3509.8860480214344	1200.0	4.848911763269281	0.0	536667.0	5404.852069386402	68.420849	4.964942000000001	0.0	56.763485235890926	
3514.071164932901	750.0	4.663794851802774	0.0	359903.0	4185.116911466506	66.786337	0.0	1.6345120000000009	52.16558832707676	
3517.1765885645805	750.0	5.55837122012353	0.0	379700.0	3105.423631679244	66.676537	0.0	0.109800000000007	53.69031629537219	
3519.48695620479	750.0	7.248003579913498	0.0	425781.0	2310.3676402100314	65.665965	0.0	1.0105719999999963	51.87874368281537	
3521.1189975522393	750.0	9.61596223246432	0.0	277716.0	1632.04134744918	68.231907	2.565942000000007	0.0	55.88863627581473	
3525.0072172816704	1200.0	9.727742503033333	0.0	622896.0	3888.219729430987	80.053124	11.82121699999999	0.0	68.6578466864324	
3529.5144815444687	1200.0	9.220478240235225	0.0	641447.0	4507.264262798108	80.154442	0.10131800000000624	0.0	65.2514564240098	
3535.254763072974	1200.0	7.480196711729665	0.0	570392.0	5740.28152850556	78.009495	0.0	2.144947000000002	61.12892222454211	
3540.27963275304	1200.0	6.455327031663357	0.0	620283.0	5024.869680066307	72.909556	0.0	5.099939000000006	53.67453510265016	
3543.5478026908713	750.0	7.187157093832071	0.0	369834.0	3268.1699378312856	68.369339	0.0	4.540216999999998	50.42328474062561	
3550.825844610329	1850.0	4.0	0.09088482562574336	1035329.0	7278.041919457814	71.430146	3.060806999999997	0.0	56.12757252365322	
3553.312380462645	750.0	5.513464147684721	0.0	401088.0	2486.5358523152786	69.915275	0.0	1.5148709999999994	54.942428326914225	
3557.448113984908	1200.0	5.377730625421358	0.0	598727.0	4135.733522263363	77.763467	7.848192000000012	0.0	65.53488519734074	
3560.4698091368773	1200.0	6.356035473451867	0.0	487812.0	3021.6951519694903	77.846693	0.08322599999999625	0.0	63.29163035592236	
3564.3574531980307	1200.0	6.468391412298678	0.0	575591.0	3887.64406115319	77.292461	0.0	0.554231999999999	62.20941215869677	
3567.648448987172	1200.0	7.17739562315722	0.0	605884.0	3290.995789141458	74.001829	0.0	3.290632000000002	56.519254990333565	
3570.771231327824	1200.0	8.054613282505404	0.0	587506.0	3122.782340651816	72.886388	0.0	1.1154410000000041	57.88246197348263	
3573.042632362758	750.0	9.783212247571234	0.0	345516.0	2271.4010349341715	79.583372	6.6969840000000005	0.0	66.73313750009174	
3576.386803301482	1200.0	10.439041308846852	0.0	641452.0	3344.1709387243804	75.706383	0.0	3.8769889999999947	57.34071953352638	
3579.931463779603	1200.0	10.894380830726128	0.0	599477.0	3544.660478120725	71.343181	0.0	4.363202000000001	53.129647516624864	
3584.6636609577763	1200.0	10.162183652552237	0.0	634861.0	4732.19717817389	75.003938	3.660757000000004	0.0	61.95010051241022	
3591.9991385053127	1200.0	6.826706105015955	0.0	630203.0	7335.477547536283	77.745919	2.7419809999999956	0.0	63.99851811947875	
3597.1347525637784	1200.0	5.691092046550481	0.0	638661.0	5135.614058465473	77.309224	0.0	0.4366950000000003	62.348315386019244	
3599.624245009282	1200.0	7.201599601047119	0.0	538612.0	2489.492445503362	74.51099	0.0	2.7982339999999937	57.47289772290094	
3605.9856733335264	1200.0	4.840171276801984	0.0	550906.0	6361.428324245136	86.366143	11.855152999999987	0.0	74.01446138471348	
