20058.98298842723	750.0	4.0	4.492096968258112	450283.0	4492.096968258112	64.858346	0.0	0.0	-77.08704962834278	
20062.309056853144	750.0	4.673931574085276	0.0	398865.0	3326.068425914724	57.017244	0.0	7.841101999999999	37.30694774282116	
20065.300335175205	750.0	5.682653252024733	0.0	350812.0	2991.278322060544	60.430767	3.413523000000005	0.0	49.53439726135709	
20068.786158406285	750.0	6.196830020944195	0.0	382355.0	3485.8232310805374	55.551349	0.0	4.879418000000001	39.207823032133746	
20072.303692385878	750.0	6.679296041347792	0.0	411561.0	3517.533979596403	51.003805	0.0	4.547544000000002	35.708620955217725	
20075.06111828453	750.0	7.921870142693678	0.0	318564.0	2757.425898654113	62.986308	11.982503000000001	0.0	54.252000083560986	
20078.094985601896	750.0	8.88800282533026	0.0	352642.0	3033.8673173634193	81.00828	18.021971999999998	0.0	71.31441799403183	
20081.86054658355	750.0	9.122441843676626	0.0	437162.0	3765.560981653633	69.475262	0.0	11.533017999999998	43.94053818670605	
20085.78640242763	750.0	9.196585999593955	0.0	374758.0	3925.8558440826705	70.789292	1.3140300000000025	0.0	57.681454273815504	
20089.767268619613	750.0	9.21571980761464	0.0	362795.0	3980.866191979316	64.786022	0.0	6.0032700000000006	45.836272051926805	
20094.171906090134	750.0	8.811082337092207	0.0	353220.0	4404.6374705224325	70.008689	5.222667000000001	0.0	58.18502339881593	
20099.135860210667	750.0	7.847128216557902	0.0	405134.0	4963.954120534306	59.00323	0.0	11.005459000000002	35.63150226952917	
20106.63399465015	750.0	4.3489937770753855	0.0	386351.0	7498.134439482516	59.358241	0.3550109999999975	0.0	47.71472422025977	
20109.25897429384	300.0	5.724014133389348	0.0	179801.0	2624.9796436860383	23.726678	0.0	35.631563	-20.372516939980503	
20110.849739845708	300.0	8.133248581522226	0.0	140051.0	1590.7655518671215	21.119447	0.0	2.6072309999999987	12.458195192670239	
20112.346238106373	300.0	10.636750320857491	0.0	138313.0	1496.4982606647354	19.984984	0.0	1.1344630000000002	13.060022413833098	
20113.91832366535	300.0	13.064664761879904	0.0	143509.0	1572.0855589775877	18.452936	0.0	1.5320479999999996	11.340692041651348	
20118.208856395828	750.0	12.774132031399422	0.0	372963.0	4290.532730480481	69.564049	51.111112999999996	0.0	71.48190913430767	
20123.6336210183	750.0	11.349367408928803	0.0	405596.0	5424.7646224706195	60.564875	0.0	8.999173999999996	39.08272725573663	
20128.74616348335	750.0	10.23682494388294	0.0	350713.0	5112.542465045863	67.172129	6.6072539999999975	0.0	56.195305162945644	
20135.15529649159	750.0	7.827691935640825	0.0	386472.0	6409.1330082421155	62.777649	0.0	4.3944800000000015	45.8423031210838	
20142.332290122027	750.0	4.650698305202634	0.0	399894.0	7176.993630438191	55.443233	0.0	7.334415999999997	36.51150936895389	
20146.8892240131	750.0	4.093764414132019	0.0	401853.0	4556.933891070616	47.960406	0.0	7.482827	30.016831048248612	
20150.18004502565	750.0	4.80294340157822	0.0	343800.0	3290.821012553798	55.451197	7.4907910000000015	0.0	46.53210385732817	
20153.27105503164	750.0	5.71193339558783	0.0	359903.0	3091.010005990391	66.786337	11.335140000000003	0.0	57.277353060696605	
20156.48681932302	750.0	6.496169104209737	0.0	379700.0	3215.7642913780933	66.676537	0.0	0.109800000000007	53.69031629537219	
20160.28907937944	750.0	6.693909047791902	0.0	425781.0	3802.260056417836	65.665965	0.0	1.0105719999999963	51.87874368281537	
20163.250210214155	750.0	7.732778213076316	0.0	277716.0	2961.1308347155855	68.231907	2.565942000000007	0.0	55.88863627581473	
20167.10922711187	750.0	7.873761315365137	0.0	400396.0	3859.0168977111803	69.601487	1.3695799999999991	0.0	56.69205323288801	
20171.126938588564	750.0	7.8560498386694935	0.0	400508.0	4017.711476695643	67.821489	0.0	1.7799980000000062	52.88789921294314	
20174.04759442686	750.0	8.935394000372643	0.0	358218.0	2920.6558382968506	64.789531	0.0	3.031958000000003	48.99180250230414	
20177.53810752696	750.0	9.444880900271556	0.0	400322.0	3490.513100101084	60.651768	0.0	4.137763	44.31426861062449	
20180.930697532694	750.0	10.052290894539347	0.0	369834.0	3392.5900057322096	68.369339	7.7175709999999995	0.0	57.54006651746116	
20186.6060180306	1200.0	8.376970396630384	0.0	670129.0	5675.320497908962	62.28877	0.0	6.080568999999997	43.639332434497476	
20190.154568738195	750.0	8.828419689037124	0.0	401088.0	3548.550707593259	69.915275	7.6265049999999945	0.0	58.822186338307795	
20193.213749061833	750.0	9.769239365398093	0.0	365161.0	3059.180323639031	60.276519	0.0	9.638755999999994	38.15992246287269	
20196.615997701552	750.0	10.366990725678676	0.0	321064.0	3402.248639719418	67.040505	6.763985999999996	0.0	56.13053433110116	
20200.563406875946	750.0	10.419581551284733	0.0	361565.0	3947.4091743939425	66.788635	0.0	0.2518699999999967	53.6345161054191	
20205.287984472954	750.0	9.69500395427915	0.0	378327.0	4724.577597005585	62.32333	0.0	4.465305000000001	45.38239461526515	
20210.065792738256	750.0	8.91719568897803	0.0	390680.0	4777.808265301118	61.525566	0.0	0.7977640000000008	48.59802426280343	
20216.67976391979	750.0	6.303224507444659	0.0	345516.0	6613.971181533371	79.583372	18.057806	0.0	70.11833935431406	
20221.950019828706	750.0	5.032968598528267	0.0	384505.0	5270.2559089163915	64.443828	0.0	15.139544	35.852891186903015	
20225.960800142548	750.0	5.022188284687209	0.0	372093.0	4010.7803138410595	58.879512	0.0	5.564315999999998	41.299771933747785	
20227.906287197824	300.0	7.076701229410586	0.0	172312.0	1945.4870552766229	26.146503	0.0	32.733008999999996	-15.247801967039017	
20230.13446026407	300.0	8.848528163162303	0.0	167025.0	2228.1730662482823	26.908827	0.7623239999999996	0.0	20.354647499322645	
20235.43693745906	750.0	7.546050968175352	0.0	393804.0	5302.477194986952	62.845425	35.936598000000004	0.0	61.270325171427885	
20240.398197799423	750.0	6.584790627811819	0.0	331053.0	4961.260340363533	60.678126	0.0	2.167299	46.42725130719397	
20245.587823514245	750.0	5.395164912988717	0.0	314107.0	5189.625714823102	75.210559	14.532433000000005	0.0	65.36453832212788	
