16388.25546473692	750.0	4.0	6.619212714537035	450283.0	6619.212714537035	64.858346	0.0	0.0	-138.3392906201363	
16390.36642708117	300.0	5.8890376557490836	0.0	155580.0	2110.9623442509164	18.412623	0.0	46.445723	-36.3468075049402	
16392.172489084962	300.0	8.082975651959863	0.0	139857.0	1806.0620037892206	17.596212	0.0	0.8164109999999987	11.374421591985136	
16394.89007699608	300.0	9.365387740844167	0.0	155432.0	2717.587911115697	19.997309	2.401097	0.0	14.989583049748727	
16397.506245199806	300.0	10.749219537113932	0.0	163442.0	2616.1682037302335	16.877619	0.0	3.119690000000002	8.322067973538104	
16401.568014588367	750.0	10.687450148553232	0.0	318564.0	4061.769388560699	62.986308	46.108689	0.0	64.42063296283115	
16408.05268309961	750.0	8.202781637308963	0.0	352642.0	6484.668511244269	81.00828	18.021971999999998	0.0	71.31441799403183	
16414.08026415486	750.0	6.175200582057989	0.0	437162.0	6027.581055250974	69.475262	0.0	11.533017999999998	43.94053818670605	
16418.63616257526	750.0	5.619302161658778	0.0	374758.0	4555.89842039921	70.789292	1.3140300000000025	0.0	57.681454273815504	
16423.086255354996	750.0	5.169209381925113	0.0	362795.0	4450.092779733665	64.786022	0.0	6.0032700000000006	45.836272051926805	
16425.76250049344	750.0	6.492964243477034	0.0	353220.0	2676.2451384480787	70.008689	5.222667000000001	0.0	58.18502339881593	
16429.901455828807	750.0	6.354008908113204	0.0	405134.0	4138.95533536383	59.00323	0.0	11.005459000000002	35.63150226952917	
16433.443626683937	750.0	6.811838052984569	0.0	386351.0	3542.1708551286347	59.358241	0.3550109999999975	0.0	47.71472422025977	
16438.711673720416	1200.0	5.543791016501898	0.0	687371.0	5268.047036482671	70.998108	11.639867000000002	0.0	60.93510653310882	
16442.76505780776	1200.0	5.490406929161643	0.0	526950.0	4053.384087340256	67.735752	0.0	3.262355999999997	51.24250829039699	
16445.467934808104	750.0	6.787529928815582	0.0	366214.0	2702.87700034606	58.858709	0.0	8.877043000000008	37.767354246545985	
16448.384913507813	750.0	7.870551229109082	0.0	360831.0	2916.9786997065007	60.531124	1.6724150000000009	0.0	49.100589048161304	
16451.449752516874	750.0	8.805712220047585	0.0	372963.0	3064.8390090614967	69.564049	9.032924999999999	0.0	58.9438058139744	
16455.000230745623	750.0	9.255233991297654	0.0	405596.0	3550.4782287499306	60.564875	0.0	8.999173999999996	39.08272725573663	
16459.122202275943	750.0	9.133262460977305	0.0	350713.0	4121.97153032035	67.172129	6.6072539999999975	0.0	56.195305162945644	
16463.359730454285	750.0	8.895734282634642	0.0	386472.0	4237.5281783426635	62.777649	0.0	4.3944800000000015	45.8423031210838	
16469.45760058739	750.0	6.797864149533568	0.0	399894.0	6097.8701331010725	55.443233	0.0	7.334415999999997	36.51150936895389	
16476.12272189101	750.0	4.132742845911219	0.0	401853.0	6665.12130362235	47.960406	0.0	7.482827	30.016831048248612	
16481.129837958055	750.0	4.0	0.874373221134917	343800.0	5007.116067046136	55.451197	7.4907910000000015	0.0	21.353728232298188	
16484.51814312291	750.0	4.611694835145414	0.0	359903.0	3388.3051648545857	66.786337	11.335140000000003	0.0	57.277353060696605	
16487.376569866963	750.0	5.753268091093468	0.0	379700.0	2858.426744051946	66.676537	0.0	0.109800000000007	53.69031629537219	
16491.164646933652	750.0	5.9651910244058355	0.0	425781.0	3788.0770666876324	65.665965	0.0	1.0105719999999963	51.87874368281537	
16495.18910255927	750.0	5.94073539878659	0.0	277716.0	4024.4556256192454	68.231907	2.565942000000007	0.0	55.88863627581473	
16497.6245744107	300.0	7.505263547355833	0.0	153605.0	2435.4718514307574	28.256686	0.0	39.975221000000005	-21.14466441143817	
16499.932876506828	300.0	9.19696145122966	0.0	149029.0	2308.302096126173	23.365013	0.0	4.891672999999997	11.9361771276123	
16504.66224928628	750.0	8.467588671775864	0.0	358218.0	4729.372779453795	64.789531	41.42451799999999	0.0	64.55203476489967	
16509.52874328322	750.0	7.601094674838414	0.0	400322.0	4866.49399693745	60.651768	0.0	4.137763	44.31426861062449	
16513.814202793354	750.0	7.3156351647035605	0.0	369834.0	4285.459510134853	68.369339	7.7175709999999995	0.0	57.54006651746116	
16515.59496065443	300.0	9.53487730362361	0.0	163444.0	1780.757861079953	17.178658	0.0	51.190681	-42.426248896999155	
16517.6137839019	300.0	11.516054056156525	0.0	179328.0	2018.823247467084	28.893466	11.714808000000001	0.0	25.298969194880584	
16521.62874603826	750.0	11.50109191979492	0.0	365161.0	4014.962136361604	60.276519	31.383053	0.0	57.73788894705108	
16525.975952524655	750.0	11.15388543339967	0.0	321064.0	4347.206486395248	67.040505	6.763985999999996	0.0	56.13053433110116	
16531.770824886837	750.0	9.359013071218367	0.0	361565.0	5794.872362181305	66.788635	0.0	0.2518699999999967	53.6345161054191	
16537.71252833805	750.0	7.417309620005446	0.0	378327.0	5941.703451212922	62.32333	0.0	4.465305000000001	45.38239461526515	
16542.8739425318	750.0	6.255895426252887	0.0	390680.0	5161.414193752558	61.525566	0.0	0.7977640000000008	48.59802426280343	
16547.614047093288	750.0	5.515790864766972	0.0	345516.0	4740.104561485915	79.583372	18.057806	0.0	70.11833935431406	
16552.832636578234	750.0	4.297201379819549	0.0	384505.0	5218.5894849474225	64.443828	0.0	15.139544	35.852891186903015	
16554.868438546524	300.0	6.26139941152925	0.0	145210.0	2035.801968290299	23.926655	0.0	40.517173	-25.3867828879665	
16557.822902098305	300.0	7.306935859748955	0.0	172312.0	2954.4635517802953	26.146503	2.219847999999999	0.0	20.143335165183682	
16560.850515200887	300.0	8.279322757164294	0.0	167025.0	3027.6131025846603	26.908827	0.7623239999999996	0.0	20.354647499322645	
16563.818997287704	300.0	9.3108406703476	0.0	160064.0	2968.4820868166935	27.591437	0.6826100000000004	0.0	20.908998154259805	
16566.11496498999	300.0	11.01487296806429	0.0	137507.0	2295.967702283312	25.36694	0.0	2.2244969999999995	16.461482028123115	
16574.898016553918	750.0	6.231821404134789	0.0	314107.0	8783.0515639295	75.210559	49.843619000000004	0.0	75.88626749999804	
