20251.668151674752	750.0	4.0	6.08032816050688	450283.0	6080.3281605068805	64.858346	0.0	0.0	-122.82161762657557	
20254.02310317515	300.0	5.645048499601703	0.0	155580.0	2354.951500398297	18.412623	0.0	46.445723	-36.3468075049402	
20256.296181988793	300.0	7.371969685954002	0.0	139857.0	2273.078813647701	17.596212	0.0	0.8164109999999987	11.374421591985136	
20258.855620783637	300.0	8.81253089110955	0.0	155432.0	2559.4387948444523	19.997309	2.401097	0.0	14.989583049748727	
20266.131137762797	750.0	5.537013911952553	0.0	411561.0	7275.516979156995	51.003805	31.006496	0.0	49.772613983746766	
20270.83236312503	750.0	4.835788549719698	0.0	318564.0	4701.225362232855	62.986308	11.982503000000001	0.0	54.252000083560986	
20274.477256672602	750.0	5.190895002148199	0.0	352642.0	3644.8935475714993	81.00828	18.021971999999998	0.0	71.31441799403183	
20278.4101064145	750.0	5.258045260248815	0.0	437162.0	3932.8497418993843	69.475262	0.0	11.533017999999998	43.94053818670605	
20281.600841617037	750.0	6.067310057711518	0.0	374758.0	3190.7352025372966	70.789292	1.3140300000000025	0.0	57.681454273815504	
20284.700352839005	750.0	6.96779883574417	0.0	362795.0	3099.511221967348	64.786022	0.0	6.0032700000000006	45.836272051926805	
20288.12063383695	750.0	7.547517837799483	0.0	353220.0	3420.2809979446865	70.008689	5.222667000000001	0.0	58.18502339881593	
20292.224152024522	750.0	7.443999650223246	0.0	405134.0	4103.518187576237	59.00323	0.0	11.005459000000002	35.63150226952917	
20293.910819649707	300.0	9.757332025038533	0.0	160746.0	1686.667625184714	21.445722	0.0	37.557508	-24.347686554114247	
20296.241661083124	300.0	11.426490591621505	0.0	179801.0	2330.841433417028	23.726678	2.2809559999999998	0.0	18.112191156964666	
20298.762189619567	300.0	12.905962055180094	0.0	140051.0	2520.528536441411	21.119447	0.0	2.6072309999999987	12.458195192670239	
20301.477607440407	300.0	14.190544234339624	0.0	138313.0	2715.4178208404705	19.984984	0.0	1.1344630000000002	13.060022413833098	
20303.61637737105	300.0	16.051774303699155	0.0	143509.0	2138.7699306404697	18.452936	0.0	1.5320479999999996	11.340692041651348	
20308.848789454056	750.0	14.819362220695101	0.0	372963.0	5232.412083004055	69.564049	51.111112999999996	0.0	71.48190913430767	
20315.708057329943	750.0	11.960094344809333	0.0	405596.0	6859.267875885767	60.564875	0.0	8.999173999999996	39.08272725573663	
20320.483310674736	750.0	11.184841000016052	0.0	350713.0	4775.253344793283	67.172129	6.6072539999999975	0.0	56.195305162945644	
20322.99531849306	300.0	12.672833181688725	0.0	157671.0	2512.0078183273263	28.807059	0.0	38.36507	-18.970184520798494	
20326.026555138433	300.0	13.641596536319467	0.0	157812.0	3031.23664536926	21.07483	0.0	7.732229	6.982791919539274	
20332.163301571985	750.0	11.504850102766511	0.0	401853.0	6136.746433552956	47.960406	26.885576	0.0	45.96723906187267	
20337.215401114085	750.0	10.45275056066598	0.0	343800.0	5052.099542100533	55.451197	7.4907910000000015	0.0	46.53210385732817	
20339.02124468593	300.0	12.64690698882213	0.0	146754.0	1805.8435718438507	25.355956	0.0	30.095241	-13.118648223618564	
20340.742261405383	300.0	14.925890269368066	0.0	153938.0	1721.0167194540625	22.855883	0.0	2.5000730000000004	14.042479268061296	
20342.465911289855	300.0	17.20224038489305	0.0	181901.0	1723.6498844750208	27.469573	4.613690000000002	0.0	21.977141438694208	
20345.116203504876	750.0	18.55194816987356	0.0	277716.0	2650.2922150194877	68.231907	40.76233400000001	0.0	67.27007478642625	
20349.999500937032	750.0	17.66865073771439	0.0	400396.0	4883.297432159172	69.601487	1.3695799999999991	0.0	56.69205323288801	
20358.48139686321	750.0	13.18675481153625	0.0	400508.0	8481.89592617814	67.821489	0.0	1.7799980000000062	52.88789921294314	
20365.836801803132	750.0	9.83134987161637	0.0	358218.0	7355.404939919878	64.789531	0.0	3.031958000000003	48.99180250230414	
20374.69823647342	750.0	4.969915201323116	0.0	400322.0	8861.434670293254	60.651768	0.0	4.137763	44.31426861062449	
20378.218613119694	300.0	5.44953855504951	0.0	143881.0	3520.376646273606	25.091594	0.0	35.560173999999996	-19.140824429842464	
20381.114961446856	300.0	6.553190227890882	0.0	163444.0	2896.348327158628	17.178658	0.0	7.912936000000002	3.491389644148983	
20384.341594474816	300.0	7.326557199930885	0.0	179328.0	3226.6330279599974	28.893466	11.714808000000001	0.0	25.298969194880584	
20387.12813101468	300.0	8.54002066006354	0.0	159914.0	2786.536539867345	21.738399	0.0	7.155066999999999	8.157137465372118	
20390.00208191509	300.0	9.666069759658127	0.0	131610.0	2873.9509004054116	28.4111	6.672701	0.0	23.388048410401066	
20392.54215616482	300.0	11.125995509923152	0.0	124011.0	2540.0742497349747	21.943337	0.0	6.4677630000000015	9.059928450350393	
20395.349305826796	300.0	12.31884584794866	0.0	144254.0	2807.1496619744926	12.774971	0.0	9.168365999999999	-1.5701075315708106	
20400.653859734084	750.0	11.014291940658852	0.0	390680.0	5304.553907289809	61.525566	48.750595	0.0	63.97074180840831	
20405.939507976236	750.0	9.728643698506907	0.0	345516.0	5285.648242151945	79.583372	18.057806	0.0	70.11833935431406	
20412.398573637653	750.0	7.269578037090403	0.0	384505.0	6459.065661416504	64.443828	0.0	15.139544	35.852891186903015	
20418.77670216346	750.0	4.891449511281847	0.0	372093.0	6378.128525808556	58.879512	0.0	5.564315999999998	41.299771933747785	
20423.43393840467	750.0	4.234213270075083	0.0	438281.0	4657.236241206764	62.327504	3.4479919999999993	0.0	51.15101669476942	
20427.085765772394	750.0	4.582385902347473	0.0	398987.0	3651.8273677276106	63.729239	1.4017350000000022	0.0	51.728421217727	
20430.408303534074	750.0	5.259848140668791	0.0	393804.0	3322.537761678681	62.845425	0.0	0.883814000000001	49.62451534898482	
20435.029779571625	1200.0	4.638372103115338	0.0	538612.0	4621.476037553453	74.51099	11.665565000000008	0.0	63.91782743622792	
20438.35056093605	750.0	5.317590738690366	0.0	314107.0	3320.7813644249723	75.210559	0.6995689999999968	0.0	61.242738256780044	
