16964.248735045505	750.0	4.0	4.948165992489615	450283.0	4948.165992489616	64.858346	0.0	0.0	-90.21997379102118	
16967.23750997993	750.0	5.011225065573087	0.0	398865.0	2988.774934426913	57.017244	0.0	7.841101999999999	37.30694774282116	
16970.359096680946	750.0	5.889638364557637	0.0	350812.0	3121.5867010154493	60.430767	3.413523000000005	0.0	49.53439726135709	
16974.114651097283	750.0	6.134083948221536	0.0	382355.0	3755.554416336101	55.551349	0.0	4.879418000000001	39.207823032133746	
16978.523763763616	750.0	5.724971281887888	0.0	411561.0	4409.112666333648	51.003805	0.0	4.547544000000002	35.708620955217725	
16985.39824801326	750.0	4.0	1.1495129677579552	318564.0	6874.484249645843	62.986308	11.982503000000001	0.0	21.150724119864883	
16986.95238321152	300.0	6.445864801740752	0.0	153295.0	1554.1351982592478	42.291519	0.0	20.694789	11.19796765968998	
16991.08301194041	750.0	6.315236072850123	0.0	437162.0	4130.62872889063	69.475262	27.183743	0.0	64.27703956074478	
16994.556931941293	750.0	6.841316071964364	0.0	374758.0	3473.920000885759	70.789292	1.3140300000000025	0.0	57.681454273815504	
16997.870724942542	750.0	7.527523070713798	0.0	362795.0	3313.7930012505653	64.786022	0.0	6.0032700000000006	45.836272051926805	
17001.184642037926	750.0	8.213605975332484	0.0	353220.0	3313.917095381314	70.008689	5.222667000000001	0.0	58.18502339881593	
17006.402887664924	750.0	6.995360348331976	0.0	405134.0	5218.245627000508	59.00323	0.0	11.005459000000002	35.63150226952917	
17011.583728306352	750.0	5.814519706902361	0.0	386351.0	5180.840641429615	59.358241	0.3550109999999975	0.0	47.71472422025977	
17018.391850824864	750.0	4.0	0.9936028116081543	434409.0	6808.122518510516	56.692976	0.0	2.665264999999998	13.912181428677403	
17021.14778198216	750.0	5.244068842700366	0.0	337059.0	2755.9311572996344	54.76216	0.0	1.930816	41.66792139000558	
17023.720276210184	750.0	6.671574614676007	0.0	366214.0	2572.494228024359	58.858709	4.096548999999996	0.0	48.406541934633836	
17026.426724024594	750.0	7.965126800269074	0.0	360831.0	2706.4478144069326	60.531124	1.6724150000000009	0.0	49.100589048161304	
17030.138811699962	750.0	8.253039124898809	0.0	372963.0	3712.0876753702646	69.564049	9.032924999999999	0.0	58.9438058139744	
17033.540654654287	750.0	8.851196170574386	0.0	405596.0	3401.8429543244224	60.564875	0.0	8.999173999999996	39.08272725573663	
17037.074638656006	750.0	9.317212168856383	0.0	350713.0	3533.9840017180054	67.172129	6.6072539999999975	0.0	56.195305162945644	
17038.82379601141	300.0	11.568054813452116	0.0	157671.0	1749.1573554042664	28.807059	0.0	38.36507	-18.970184520798494	
17042.976856958325	750.0	11.414993866537511	0.0	399894.0	4153.060946914606	55.443233	26.636174	0.0	52.23013877627525	
17047.31495820911	750.0	11.0768926157536	0.0	401853.0	4338.1012507839105	47.960406	0.0	7.482827	30.016831048248612	
17052.534388537948	750.0	9.857462286913542	0.0	343800.0	5219.430328840059	55.451197	7.4907910000000015	0.0	46.53210385732817	
17057.169782856607	750.0	9.222067968253013	0.0	359903.0	4635.3943186605275	66.786337	11.335140000000003	0.0	57.277353060696605	
17065.55254562189	750.0	4.839305202967254	0.0	379700.0	8382.762765285759	66.676537	0.0	0.109800000000007	53.69031629537219	
17070.242981811338	750.0	4.148869013520707	0.0	425781.0	4690.436189446547	65.665965	0.0	1.0105719999999963	51.87874368281537	
17073.107916060027	750.0	5.283934764829489	0.0	277716.0	2864.9342486912183	68.231907	2.565942000000007	0.0	55.88863627581473	
17076.485251016544	750.0	5.906599808313549	0.0	400396.0	3377.3349565159397	69.601487	1.3695799999999991	0.0	56.69205323288801	
17079.86389509445	750.0	6.527955730403737	0.0	400508.0	3378.6440779098125	67.821489	0.0	1.7799980000000062	52.88789921294314	
17084.673323936742	1200.0	5.71852688811341	0.0	570392.0	4809.428842290327	78.009495	10.188006000000001	0.0	66.44044460886136	
17089.184326858314	1200.0	5.207523966538651	0.0	620283.0	4511.002921574759	72.909556	0.0	5.099939000000006	53.67453510265016	
17092.058470972188	750.0	6.333379852668113	0.0	369834.0	2874.1441138705377	68.369339	0.0	4.540216999999998	50.42328474062561	
17096.435379763152	1200.0	5.956471061703557	0.0	670129.0	4376.908790964557	62.28877	0.0	6.080568999999997	43.639332434497476	
17099.386770983234	750.0	7.005079841621267	0.0	401088.0	2951.3912200822892	69.915275	7.6265049999999945	0.0	58.822186338307795	
17103.69843752262	1200.0	6.693413302236427	0.0	598727.0	4311.666539384841	77.763467	7.848192000000012	0.0	65.53488519734074	
17106.746877801583	1200.0	7.644973023274665	0.0	487812.0	3048.4402789617616	77.846693	0.08322599999999625	0.0	63.29163035592236	
17109.429160271146	750.0	8.96269055371175	0.0	361565.0	2682.2824695629147	66.788635	0.0	11.058058000000003	42.16916284841154	
17112.30737277326	750.0	10.08447805159624	0.0	378327.0	2878.212502115511	62.32333	0.0	4.465305000000001	45.38239461526515	
17116.285104145638	1200.0	10.106746679217954	0.0	587506.0	3977.7313723782854	72.886388	10.563057999999998	0.0	62.21343448466478	
17119.00036648353	750.0	11.391484341323794	0.0	345516.0	2715.26233789416	79.583372	6.6969840000000005	0.0	66.73313750009174	
17121.625356307508	750.0	12.766494517350043	0.0	384505.0	2624.98982397375	64.443828	0.0	15.139544	35.852891186903015	
17127.283723923938	1200.0	11.108126900919713	0.0	599477.0	5658.367616430331	71.343181	6.899353000000005	0.0	59.81481088460728	
17133.232877737624	1200.0	9.158973087231866	0.0	634861.0	5949.153813687847	75.003938	3.660757000000004	0.0	61.95010051241022	
17139.7154483885	1200.0	6.676402436356579	0.0	630203.0	6482.570650875286	77.745919	2.7419809999999956	0.0	63.99851811947875	
17144.841395883006	1200.0	5.5504549418494085	0.0	638661.0	5125.94749450717	77.309224	0.0	0.4366950000000003	62.348315386019244	
17148.777314549734	1200.0	5.614536275121457	0.0	538612.0	3935.918666727952	74.51099	0.0	2.7982339999999937	57.47289772290094	
17153.12600057264	1200.0	5.265850252213155	0.0	550906.0	4348.686022908302	86.366143	11.855152999999987	0.0	74.01446138471348	
