26813.83261534714	750.0	4.0	3.8635903273045304	450283.0	3863.5903273045305	64.858346	0.0	0.0	-58.98862677383804	
26817.317377459178	750.0	4.515237887960503	0.0	398865.0	3484.762112039497	57.017244	0.0	7.841101999999999	37.30694774282116	
26819.890324482687	750.0	5.94229086445456	0.0	350812.0	2572.947023505943	60.430767	3.413523000000005	0.0	49.53439726135709	
26822.99430499645	750.0	6.838310350692632	0.0	382355.0	3103.9805137619287	55.551349	0.0	4.879418000000001	39.207823032133746	
26826.393187314243	750.0	7.4394280329006	0.0	411561.0	3398.8823177920326	51.003805	0.0	4.547544000000002	35.708620955217725	
26830.332864800363	1200.0	7.499750546779266	0.0	520315.0	3939.6774861213335	75.14582	24.142015	0.0	68.1730929313029	
26833.295101346528	750.0	8.537514000616621	0.0	352642.0	2962.2365461626446	81.00828	5.862459999999999	0.0	67.6912292345531	
26834.845267948713	300.0	10.987347398429778	0.0	173849.0	1550.166602186844	35.451274	0.0	45.557006	-20.973827497774316	
26836.230157897484	300.0	13.602457449659429	0.0	150710.0	1384.8899487703495	28.497356	0.0	6.953917999999998	14.094724445226447	
26837.643516865843	300.0	16.18909848130201	0.0	139105.0	1413.358968357419	21.660501	0.0	6.836855	8.428788135904757	
26841.130935846686	750.0	16.701679500459466	0.0	353220.0	3487.4189808425403	70.008689	48.34818800000001	0.0	71.03520216699869	
26844.764897008048	750.0	17.067718339098683	0.0	405134.0	3633.961161360787	59.00323	0.0	11.005459000000002	35.63150226952917	
26846.434800336177	300.0	19.397815010966525	0.0	160746.0	1669.903328132157	21.445722	0.0	37.557508	-24.347686554114247	
26848.385779345543	300.0	21.446836001603824	0.0	179801.0	1950.9790093627025	23.726678	2.2809559999999998	0.0	18.112191156964666	
26849.87880218384	300.0	23.953813163306247	0.0	140051.0	1493.022838297578	21.119447	0.0	2.6072309999999987	12.458195192670239	
26851.278457543878	300.0	26.554157803265877	0.0	138313.0	1399.6553600403709	19.984984	0.0	1.1344630000000002	13.060022413833098	
26853.73582302029	300.0	28.096792326853993	0.0	143509.0	2457.365476411885	18.452936	0.0	1.5320479999999996	11.340692041651348	
26857.45895137734	300.0	28.373663969804443	0.0	150616.0	3723.128357049552	35.116669	16.663733	0.0	32.04404556367689	
26866.875863261186	750.0	22.956752085958943	0.0	405596.0	9416.911883845498	60.564875	25.448206	0.0	56.21368234169137	
26875.539244684715	750.0	18.293370662429247	0.0	350713.0	8663.381423529694	67.172129	6.6072539999999975	0.0	56.195305162945644	
26879.213341358587	300.0	18.619273988557353	0.0	157671.0	3674.096673871891	28.807059	0.0	38.36507	-18.970184520798494	
26882.9184654377	300.0	18.914149909446365	0.0	157812.0	3705.124079110991	21.07483	0.0	7.732229	6.982791919539274	
26885.92875836091	300.0	19.903856986233514	0.0	163927.0	3010.2929232128517	16.837774	0.0	4.237055999999999	7.102799135832186	
26895.963446815414	750.0	13.869168531727432	0.0	343800.0	10034.688454506082	55.451197	38.613423	0.0	55.805763065674086	
26899.408379841472	300.0	14.424235505670744	0.0	146754.0	3444.933026056687	25.355956	0.0	30.095241	-13.118648223618564	
26903.525385615252	750.0	14.307229731891972	0.0	379700.0	4117.005773778772	66.676537	41.320581	0.0	66.11917195197455	
26908.459587962356	750.0	13.373027384787529	0.0	425781.0	4934.202347104442	65.665965	0.0	1.0105719999999963	51.87874368281537	
26914.57106768732	750.0	11.261547659819977	0.0	277716.0	6111.479724967552	68.231907	2.565942000000007	0.0	55.88863627581473	
26919.47750754272	300.0	10.355107804420761	0.0	153605.0	4906.439855399215	28.256686	0.0	39.975221000000005	-21.14466441143817	
26923.128463699664	300.0	10.704151647479122	0.0	149029.0	3650.9561569416387	23.365013	0.0	4.891672999999997	11.9361771276123	
26927.38236193792	300.0	10.450253409221455	0.0	157421.0	4253.898238257667	25.589487	2.224473999999997	0.0	19.672976118502646	
26931.380104420823	300.0	10.452510926321432	0.0	157488.0	3997.742482900024	17.795984	0.0	7.793502999999998	4.1409219906483	
26934.943067854634	300.0	10.889547492509246	0.0	143881.0	3562.963433812186	25.091594	7.29561	0.0	20.762364294012507	
26939.50492111765	300.0	10.327694229496228	0.0	163444.0	4561.853263013017	17.178658	0.0	7.912936000000002	3.491389644148983	
26944.20584042219	300.0	9.626774924954546	0.0	179328.0	4700.919304541681	28.893466	11.714808000000001	0.0	25.298969194880584	
26946.9402100678	300.0	10.89240527934529	0.0	159914.0	2734.3696456092557	21.738399	0.0	7.155066999999999	8.157137465372118	
26949.176890198924	300.0	12.65572514822161	0.0	131610.0	2236.6801311236823	28.4111	6.672701	0.0	23.388048410401066	
26952.214555014274	300.0	13.618060332868925	0.0	124011.0	3037.6648153526835	21.943337	0.0	6.4677630000000015	9.059928450350393	
26954.908393411908	300.0	14.924221935234243	0.0	144254.0	2693.838397634682	12.774971	0.0	9.168365999999999	-1.5701075315708106	
26964.110595867052	750.0	9.722019480089068	0.0	390680.0	9202.202455145176	61.525566	48.750595	0.0	63.97074180840831	
26971.97043034744	750.0	5.862184999702589	0.0	345516.0	7859.834480386478	79.583372	18.057806	0.0	70.11833935431406	
26977.909688722797	750.0	4.0	0.07707337565585204	384505.0	5939.258375358441	64.443828	0.0	15.139544	33.633492929905564	
26979.88977938964	300.0	6.0199093331592834	0.0	145210.0	1980.090666840717	23.926655	0.0	40.517173	-25.3867828879665	
26982.57117249124	300.0	7.338516231556536	0.0	172312.0	2681.3931016027477	26.146503	2.219847999999999	0.0	20.143335165183682	
26985.83503284148	300.0	8.074655881317062	0.0	167025.0	3263.8603502394735	26.908827	0.7623239999999996	0.0	20.354647499322645	
26993.007361931068	750.0	4.902326791731155	0.0	393804.0	7172.329089585907	62.845425	35.936598000000004	0.0	61.270325171427885	
26997.789208551112	1200.0	4.120480171686509	0.0	538612.0	4781.8466200446455	74.51099	11.665565000000008	0.0	63.91782743622792	
27002.069002630564	1200.0	4.0	0.15931390776464013	550906.0	4279.79407945115	86.366143	11.855152999999987	0.0	69.4268718805622	
