2279.1164521661767	750.0	4.0	4.838144007766586	450283.0	4838.144007766587	64.858346	0.0	0.0	-87.05179023803896	
2282.6181316884076	750.0	4.498320477769324	0.0	398865.0	3501.6795222306755	57.017244	0.0	7.841101999999999	37.30694774282116	
2285.420987834815	750.0	5.695464331362021	0.0	350812.0	2802.8561464073036	60.430767	3.413523000000005	0.0	49.53439726135709	
2288.4035394830307	750.0	6.712912683146003	0.0	382355.0	2982.551648216018	55.551349	0.0	4.879418000000001	39.207823032133746	
2293.746070822605	1200.0	5.37038134357168	0.0	652874.0	5342.531339574324	64.23322	8.681871000000001	0.0	54.32451676193826	
2299.037305492196	1850.0	4.079146673980403	0.0	801058.0	5291.2346695912765	86.249306	22.016086	0.0	76.94318105795827	
2302.163446300647	750.0	4.953005865529463	0.0	352642.0	3126.14080845094	81.00828	0.0	5.241026000000005	60.38366021927487	
2306.821256793662	1200.0	4.295195372514625	0.0	709534.0	4657.810493014838	82.426144	1.4178639999999945	0.0	67.56765661211375	
2309.7777146929084	1200.0	5.338737473268242	0.0	584846.0	2956.457899246382	82.430225	0.004080999999999335	0.0	67.14984568949134	
2312.3402449692794	1200.0	6.7762071968968645	0.0	560821.0	2562.5302763713776	76.960357	0.0	5.469867999999991	56.71266867445105	
2314.9309709089134	1200.0	8.185481257263003	0.0	607410.0	2590.7259396338613	82.096766	5.1364090000000004	0.0	68.39672667617816	
2318.7323667480027	1850.0	8.384085418173402	0.0	917428.0	3801.3958390896	82.202545	0.10577899999999829	0.0	66.98732635875223	
2323.0949570200496	1850.0	8.021495146126709	0.0	946851.0	4362.590272046695	83.629776	1.4272310000000061	0.0	68.58980497651146	
2327.6856255920707	1850.0	7.430826574105299	0.0	1036454.0	4590.668572021409	80.875505	0.0	2.754271000000003	62.909657170689236	
2330.5880908732443	1850.0	8.528361292931521	0.0	821631.0	2902.4652811737787	78.494849	0.0	2.380656000000002	61.28988207838268	
2332.7952804685297	1200.0	10.32117169764631	0.0	587876.0	2207.189595285211	72.569044	0.0	5.925804999999997	52.50991222251557	
2335.2732536656586	1200.0	11.843198500517026	0.0	617242.0	2477.9731971292836	75.662786	3.0937419999999918	0.0	62.339125264249624	
2337.9647514111657	1200.0	13.151700755009939	0.0	581493.0	2691.497745507087	79.137254	3.4744680000000017	0.0	65.39510155551699	
2347.11834527799	1850.0	7.998106888185161	0.0	987708.0	9153.593866824778	79.995224	0.8579699999999946	0.0	65.34207530148709	
2349.7459840604893	1200.0	9.370468105686065	0.0	586839.0	2627.638782499096	79.134663	0.0	0.8605609999999899	63.444560336070744	
2354.585832221153	1200.0	8.530619945022623	0.0	601738.0	4839.848160663441	74.235946	0.0	4.898717000000005	55.01135256729831	
2359.477255247381	1200.0	7.639196918794367	0.0	616206.0	4891.423026228256	68.532883	0.0	5.703063	49.32801204213999	
2364.848114722699	1850.0	6.26833744347662	0.0	968026.0	5370.859475317747	73.123347	4.590463999999997	0.0	60.634452170993036	
2369.404330932161	1850.0	5.712121234014762	0.0	874175.0	4556.216209461858	80.700778	7.577431000000004	0.0	67.94181803672566	
2374.3771780524808	1200.0	4.739274113694603	0.0	587236.0	4972.847120320159	78.698824	0.0	2.001953999999998	61.86443112432193	
2378.9700369024467	1200.0	4.146415263728496	0.0	590335.0	4592.858849966107	79.644231	0.945407000000003	0.0	65.07087268298653	
2382.2102431774497	2850.0	4.90620898872539	0.0	1547572.0	3240.2062750031064	97.509012	17.864780999999994	0.0	85.24206762814907	
2384.622772309439	2850.0	6.493679856736212	0.0	1141971.0	2412.5291319891776	93.311238	0.0	4.1977739999999955	71.90993807585392	
2387.4388025443754	2850.0	7.677649621799694	0.0	1498470.0	2816.030234936519	96.041687	2.730448999999993	0.0	79.48978795599365	
2390.4404610772435	2850.0	8.675991088931422	0.0	1561263.0	3001.6585328682727	96.863845	0.8221580000000017	0.0	79.61745802436349	
2393.959853585912	2850.0	9.15659858026317	0.0	1341201.0	3519.392508668251	94.816085	0.0	2.0477599999999967	75.46555707996981	
2397.6202353028843	2850.0	9.49621686329076	0.0	1497683.0	3660.381716972409	92.910185	0.0	1.9059000000000026	74.001961573178	
2400.2298361348844	2850.0	10.886616031290432	0.0	1358081.0	2609.600832000328	95.193139	2.2829540000000037	0.0	78.63781093814865	
2404.649641770211	4300.0	10.466810395963952	0.0	2286761.0	4419.80563532648	99.974277	4.7811379999999986	0.0	83.43134975324747	
2407.9681192859334	1850.0	11.148332880241696	0.0	1026056.0	3318.4775157222557	97.037422	0.0	2.936854999999994	76.40348103841788	
2413.828220572597	2850.0	9.28823159357785	0.0	1439896.0	5860.101286663847	97.217465	0.18004299999999773	0.0	79.72560718309609	
2418.7298204297826	2850.0	8.386631736391987	0.0	1139291.0	4901.599857185864	93.825455	0.0	3.392009999999999	73.2003437122793	
2422.8668386170307	1850.0	8.249613549144344	0.0	938587.0	4137.018187247642	86.593761	0.0	7.2316940000000045	63.00191372365881	
2426.797695580552	1850.0	8.318756585623127	0.0	908665.0	3930.856963521216	82.415248	0.0	4.178512999999995	62.70254805849999	
2431.8514198840985	1850.0	7.265032282076389	0.0	930577.0	5053.724303546738	83.556577	1.141328999999999	0.0	68.44262199794545	
2433.814080637202	750.0	9.30237152897287	0.0	345516.0	1962.660753103519	79.583372	0.0	3.973205000000007	60.52206071503834	
2437.106613338288	1200.0	10.009838827887226	0.0	641452.0	3292.532701085643	75.706383	0.0	3.8769889999999947	57.34071953352638	
2440.982876245676	1850.0	10.133575920499004	0.0	886255.0	3876.262907388222	78.86339	3.157006999999993	0.0	65.06857148325741	
2445.526776724673	1850.0	9.589675441502282	0.0	973972.0	4543.900478996722	84.84845	5.985060000000004	0.0	70.98000474499611	
2451.2711116628307	1850.0	7.845340503344692	0.0	958994.0	5744.33493815759	87.119023	2.270572999999999	0.0	71.79614403033668	
2456.0649188383563	1850.0	7.051533327819435	0.0	982064.0	4793.807175525258	86.680563	0.0	0.4384599999999921	70.28304003058662	
2460.5512000747653	1850.0	6.565252091410346	0.0	830730.0	4486.281236409089	84.040637	0.0	2.6399260000000027	65.71153085892459	
2466.2335455602356	1850.0	4.882906605940076	0.0	846370.0	5682.34548547027	92.020773	7.980136000000002	0.0	77.64872889128998	
