12758.618889002997	750.0	4.0	1.5823407749373364	450283.0	1582.3407749373364	64.858346	0.0	0.0	6.702037962416412	
12761.1873219696	1200.0	5.431567033397465	0.0	611087.0	2568.4329666025355	69.839987	4.981640999999996	0.0	57.97033059622316	
12764.338568043086	1850.0	6.280320959913472	0.0	877771.0	3151.2460734839933	82.465457	12.625470000000007	0.0	70.94049867874341	
12768.207699387513	1850.0	6.411189615485333	0.0	933276.0	3869.131344428139	78.955826	0.0	3.509630999999999	60.48244280749914	
12774.227407788025	2850.0	4.391481214972852	0.0	1472558.0	6019.708400512482	85.928154	6.9723280000000045	0.0	72.18858503636858	
12777.181243564932	1850.0	5.437645438067056	0.0	801058.0	2953.835776905795	86.249306	0.3211519999999979	0.0	70.47870772988122	
12779.363481188564	1200.0	7.255407814435001	0.0	561791.0	2182.237623632055	89.177904	2.928597999999994	0.0	73.73588534977478	
12783.880180995679	1850.0	6.738708007319502	0.0	1060487.0	4516.699807115499	90.155937	0.9780329999999964	0.0	73.98296967737969	
12787.463855615399	1850.0	7.155033387599478	0.0	852833.0	3583.674619720023	90.218296	0.06235900000000072	0.0	73.76293677284315	
12791.633819750356	1850.0	6.9850692526411455	0.0	913888.0	4169.964134958333	86.733288	0.0	3.4850079999999934	67.09530890568334	
12794.16443492495	1200.0	8.454454078047286	0.0	607410.0	2530.6151745938596	82.096766	0.0	4.636521999999999	61.946878270919974	
12798.438285485687	1850.0	8.180603517309294	0.0	917428.0	4273.850560737992	82.202545	0.10577899999999829	0.0	66.98732635875223	
12802.177659080444	1850.0	8.441229922552461	0.0	946851.0	3739.3735947568334	83.629776	1.4272310000000061	0.0	68.58980497651146	
12806.638760254102	1850.0	7.980128748894039	0.0	1036454.0	4461.101173658421	80.875505	0.0	2.754271000000003	62.909657170689236	
12810.343934154367	1850.0	8.274954848627926	0.0	821631.0	3705.173900266114	78.494849	0.0	2.380656000000002	61.28988207838268	
12814.396236190101	1200.0	8.222652812893077	0.0	587876.0	4052.3020357348487	72.569044	0.0	5.925804999999997	52.50991222251557	
12818.323965121104	1200.0	8.29492388188986	0.0	617242.0	3927.728931003217	75.662786	3.0937419999999918	0.0	62.339125264249624	
12820.248575837191	750.0	10.370313165802072	0.0	372963.0	1924.6107160877866	69.564049	0.0	6.098737	49.78149799493421	
12823.01684860448	1200.0	11.602040398512813	0.0	639204.0	2768.2727672892593	72.000653	2.4366040000000027	0.0	59.041852363208044	
12826.228790686133	1200.0	12.390098316860497	0.0	586839.0	3211.942081652316	79.134663	7.1340100000000035	0.0	66.48334667339239	
12830.299494739536	1200.0	12.319394263457143	0.0	601738.0	4070.704053403352	74.235946	0.0	4.898717000000005	55.01135256729831	
12836.059993051831	1200.0	10.55889595116358	0.0	616206.0	5760.498312293563	68.532883	0.0	5.703063	49.32801204213999	
12841.664690614043	1200.0	8.954198388951879	0.0	656471.0	5604.697562211703	63.455907	0.0	5.076975999999995	45.69259308258809	
12846.499368490802	1200.0	8.11952051219321	0.0	536667.0	4834.677876758668	68.420849	4.964942000000001	0.0	56.763485235890926	
12849.330403748165	750.0	9.288485254831693	0.0	359903.0	2831.035257361516	66.786337	0.0	1.6345120000000009	52.16558832707676	
12852.620279414401	750.0	9.998609588594462	0.0	379700.0	3289.875666237233	66.676537	0.0	0.109800000000007	53.69031629537219	
12855.533157327929	750.0	11.085731675065354	0.0	425781.0	2912.8779135291084	65.665965	0.0	1.0105719999999963	51.87874368281537	
12857.861886732204	750.0	12.757002270791062	0.0	277716.0	2328.729404274291	68.231907	2.565942000000007	0.0	55.88863627581473	
12864.731964726301	750.0	9.886924276693946	0.0	400396.0	6870.077994097118	69.601487	1.3695799999999991	0.0	56.69205323288801	
12871.876400506988	750.0	6.742488496006971	0.0	400508.0	7144.435780686975	67.821489	0.0	1.7799980000000062	52.88789921294314	
12875.551359254241	750.0	7.067529748754909	0.0	358218.0	3674.958747252063	64.789531	0.0	3.031958000000003	48.99180250230414	
12880.329065133345	750.0	6.289823869652389	0.0	400322.0	4777.705879102519	60.651768	0.0	4.137763	44.31426861062449	
12884.602705884794	750.0	6.016183118203488	0.0	369834.0	4273.640751448902	68.369339	7.7175709999999995	0.0	57.54006651746116	
12889.101134757979	1200.0	5.517754245017937	0.0	670129.0	4498.428873185551	62.28877	0.0	6.080568999999997	43.639332434497476	
12891.19925465206	750.0	7.419634350938668	0.0	401088.0	2098.1198940792688	69.915275	7.6265049999999945	0.0	58.822186338307795	
12895.061233399449	1200.0	7.557655603548573	0.0	598727.0	3861.978747390094	77.763467	7.848192000000012	0.0	65.53488519734074	
12899.20144092804	1200.0	7.417448074957478	0.0	487812.0	4140.207528591096	77.846693	0.08322599999999625	0.0	63.29163035592236	
12903.600348727574	1200.0	7.018540275422529	0.0	575591.0	4398.907799534949	77.292461	0.0	0.554231999999999	62.20941215869677	
12907.127563161732	1200.0	7.491325841263865	0.0	605884.0	3527.2144341586645	74.001829	0.0	3.290632000000002	56.519254990333565	
12910.319233000055	1200.0	8.299656002942113	0.0	587506.0	3191.6698383217526	72.886388	0.0	1.1154410000000041	57.88246197348263	
12912.566878303518	750.0	10.052010699477666	0.0	345516.0	2247.645303464446	79.583372	6.6969840000000005	0.0	66.73313750009174	
12916.82630045824	1200.0	9.792588544754578	0.0	641452.0	4259.422154723089	75.706383	0.0	3.8769889999999947	57.34071953352638	
12922.154022648852	1850.0	8.464866354144338	0.0	886255.0	5327.722190610238	78.86339	3.157006999999993	0.0	65.06857148325741	
12927.566672222187	1200.0	7.052216780810405	0.0	634861.0	5412.649573333933	75.003938	0.0	3.8594519999999903	56.76442482752008	
12930.321628878617	1200.0	8.297260124379024	0.0	630203.0	2754.9566564313814	77.745919	2.7419809999999956	0.0	63.99851811947875	
12934.966239201149	1200.0	7.652649801846847	0.0	638661.0	4644.610322532176	77.309224	0.0	0.4366950000000003	62.348315386019244	
12941.660281054325	1850.0	4.958607948670067	0.0	830730.0	6694.041853176781	84.040637	6.731413000000003	0.0	70.51825899442247	
12946.812304420457	1200.0	4.0	0.1934154174609239	550906.0	5152.02336613099	86.366143	2.32550599999999	0.0	65.6053239749713	
