25077.824830053523	750.0	4.0	4.8551176236478435	450283.0	4855.117623647843	64.858346	0.0	0.0	-87.5405610123984	
25081.325447900992	750.0	4.499382152532488	0.0	398865.0	3500.617847467512	57.017244	0.0	7.841101999999999	37.30694774282116	
25084.961945069233	1200.0	4.862884984290037	0.0	571051.0	3636.4971682424502	73.587374	16.57013	0.0	64.59703691402169	
25088.734650344464	1200.0	5.09017970905861	0.0	617681.0	3772.7052752314275	69.474665	0.0	4.112708999999995	51.81297205080018	
25093.357693346272	1200.0	4.467136707251921	0.0	652874.0	4623.043001806689	64.23322	0.0	5.241444999999999	46.176398894182356	
25096.210429869956	1200.0	5.6144001835688275	0.0	520315.0	2852.736523683093	75.14582	10.912599999999998	0.0	64.23110350586552	
25097.886445093536	750.0	7.938384959991207	0.0	352642.0	1676.015223577621	81.00828	5.862459999999999	0.0	67.6912292345531	
25102.103977788272	1200.0	7.720852265253751	0.0	709534.0	4217.532694737455	82.426144	1.4178639999999945	0.0	67.56765661211375	
25107.029911095524	1200.0	6.79491895800617	0.0	584846.0	4925.933307247581	82.430225	0.004080999999999335	0.0	67.14984568949134	
25111.039728011085	1200.0	6.785102042445627	0.0	560821.0	4009.8169155605437	76.960357	0.0	5.469867999999991	56.71266867445105	
25113.47532157611	750.0	8.349508477421633	0.0	353220.0	2435.5935650239917	70.008689	0.0	6.951667999999998	49.25310527285025	
25118.154697614118	1200.0	7.670132439409534	0.0	594078.0	4679.376038012099	70.906301	0.8976119999999952	0.0	57.65646860355332	
25123.89040156239	1200.0	5.9344284911380125	0.0	624282.0	5735.703948271522	73.534048	2.6277469999999994	0.0	60.397441453335624	
25128.583347878204	1200.0	5.241482175323761	0.0	687371.0	4692.946315814252	70.998108	0.0	2.5359399999999965	54.776127730538505	
25132.076619186217	1200.0	5.748210867309843	0.0	526950.0	3493.2713080139183	67.735752	0.0	3.262355999999997	51.24250829039699	
25136.49414521497	1200.0	5.330684838557305	0.0	587876.0	4417.526028752538	72.569044	4.833292	0.0	60.237368188531434	
25140.232755966877	1200.0	5.592074086647996	0.0	617242.0	3738.61075190931	75.662786	3.0937419999999918	0.0	62.339125264249624	
25142.873512725528	750.0	6.951317327995153	0.0	372963.0	2640.7567586528426	69.564049	0.0	6.098737	49.78149799493421	
25148.797703419128	1200.0	5.027126634395197	0.0	639204.0	5924.190693599957	72.000653	2.4366040000000027	0.0	59.041852363208044	
25152.51286846015	750.0	5.311961593368418	0.0	350713.0	3715.1650410267785	67.172129	0.0	4.828524000000002	49.10347287348152	
25157.030251316668	750.0	4.79457873685401	0.0	386472.0	4517.382856514408	62.777649	0.0	4.3944800000000015	45.8423031210838	
25160.56174623307	1200.0	5.263083820450532	0.0	616206.0	3531.494916403478	68.532883	5.7552340000000015	0.0	57.09385149382384	
25164.387268966908	1200.0	5.437561086610203	0.0	656471.0	3825.5227338403292	63.455907	0.0	5.076975999999995	45.69259308258809	
25167.587014018573	1200.0	6.2378160349471035	0.0	536667.0	3199.7450516631	68.420849	4.964942000000001	0.0	56.763485235890926	
25169.59203483262	750.0	8.232795220896758	0.0	359903.0	2005.0208140503446	66.786337	0.0	1.6345120000000009	52.16558832707676	
25171.844145995514	750.0	9.98068405800599	0.0	379700.0	2252.111162890769	66.676537	0.0	0.109800000000007	53.69031629537219	
25174.53077306942	750.0	11.294056984098761	0.0	425781.0	2686.6270739072274	65.665965	0.0	1.0105719999999963	51.87874368281537	
25176.510939615495	750.0	13.313890438022884	0.0	277716.0	1980.1665460758752	68.231907	2.565942000000007	0.0	55.88863627581473	
25179.674439366412	750.0	14.150390687107704	0.0	400396.0	3163.4997509151813	69.601487	1.3695799999999991	0.0	56.69205323288801	
25183.71595618303	750.0	14.108873870486114	0.0	400508.0	4041.5168166215904	67.821489	0.0	1.7799980000000062	52.88789921294314	
25189.359240877286	750.0	12.465589176230523	0.0	358218.0	5643.28469425559	64.789531	0.0	3.031958000000003	48.99180250230414	
25192.579192130102	750.0	13.245637923413916	0.0	400322.0	3219.951252816607	60.651768	0.0	4.137763	44.31426861062449	
25198.93646955249	750.0	10.88836050102493	0.0	369834.0	6357.2774223889855	68.369339	7.7175709999999995	0.0	57.54006651746116	
25202.054769857103	750.0	11.770060196413361	0.0	412837.0	3118.30030461157	49.996929	0.0	18.372409999999995	20.187729359352712	
25205.655932917834	750.0	12.168897135680405	0.0	401088.0	3601.163060732955	69.915275	19.918345999999993	0.0	62.48480537634975	
25209.037021893597	750.0	12.787808159914523	0.0	365161.0	3381.088975765883	60.276519	0.0	9.638755999999994	38.15992246287269	
25211.72260609244	750.0	14.102223961069667	0.0	321064.0	2685.584198844855	67.040505	6.763985999999996	0.0	56.13053433110116	
25214.91998742261	750.0	14.90484263089812	0.0	361565.0	3197.3813301715477	66.788635	0.0	0.2518699999999967	53.6345161054191	
25218.594826722147	750.0	15.230003331363365	0.0	378327.0	3674.839299534755	62.32333	0.0	4.465305000000001	45.38239461526515	
25225.493366470913	750.0	12.331463582595585	0.0	390680.0	6898.539748767779	61.525566	0.0	0.7977640000000008	48.59802426280343	
25231.60347740997	750.0	10.2213526435393	0.0	345516.0	6110.110939056286	79.583372	18.057806	0.0	70.11833935431406	
25235.701734324088	300.0	10.12309572942353	0.0	161857.0	4098.256914115769	26.901789	0.0	52.681582999999996	-35.7735638949358	
25238.69893893253	300.0	11.125891120977808	0.0	145210.0	2997.204608445722	23.926655	0.0	2.9751340000000006	14.445278068529426	
25241.928010139723	300.0	11.896819913785498	0.0	172312.0	3229.071207192312	26.146503	2.219847999999999	0.0	20.143335165183682	
25245.80920629891	300.0	12.015623754597579	0.0	167025.0	3881.196159187918	26.908827	0.7623239999999996	0.0	20.354647499322645	
25250.31710281363	300.0	11.507727239877843	0.0	160064.0	4507.896514719736	27.591437	0.6826100000000004	0.0	20.908998154259805	
25254.733074866526	300.0	11.091755186982263	0.0	137507.0	4415.9720528955795	25.36694	0.0	2.2244969999999995	16.461482028123115	
25263.986602255296	750.0	5.838227798212063	0.0	314107.0	9253.5273887702	75.210559	49.843619000000004	0.0	75.88626749999804	
