21026.04434044924	750.0	4.0	4.549356298858494	450283.0	4549.356298858494	64.858346	0.0	0.0	-78.7358843582341	
21029.075853051218	750.0	4.968487398019588	0.0	398865.0	3031.512601980412	57.017244	0.0	7.841101999999999	37.30694774282116	
21031.76963142271	750.0	6.274709026529084	0.0	350812.0	2693.778371490503	60.430767	3.413523000000005	0.0	49.53439726135709	
21034.831840054558	750.0	7.212500394681246	0.0	382355.0	3062.2086318478378	55.551349	0.0	4.879418000000001	39.207823032133746	
21038.673799049022	750.0	7.370541400213673	0.0	411561.0	3841.958994467573	51.003805	0.0	4.547544000000002	35.708620955217725	
21041.52794558933	750.0	8.516394859907082	0.0	318564.0	2854.1465403065913	62.986308	11.982503000000001	0.0	54.252000083560986	
21044.488662142663	750.0	9.555678306571323	0.0	352642.0	2960.7165533357597	81.00828	18.021971999999998	0.0	71.31441799403183	
21048.313803942357	750.0	9.730536506880517	0.0	437162.0	3825.1417996908062	69.475262	0.0	11.533017999999998	43.94053818670605	
21051.64242543697	750.0	10.401915012267693	0.0	374758.0	3328.6214946128234	70.789292	1.3140300000000025	0.0	57.681454273815504	
21055.083532881687	750.0	10.960807567547572	0.0	362795.0	3441.107444720121	64.786022	0.0	6.0032700000000006	45.836272051926805	
21058.647725821935	750.0	11.396614627302272	0.0	353220.0	3564.1929402453015	70.008689	5.222667000000001	0.0	58.18502339881593	
21065.839502233885	1200.0	8.204838215353028	0.0	594078.0	7191.776411949243	70.906301	0.8976119999999952	0.0	57.65646860355332	
21069.09603728423	750.0	8.948303165007163	0.0	386351.0	3256.5350503458667	59.358241	0.0	11.54806	35.356462428080405	
21072.752521747007	750.0	9.291818702232845	0.0	434409.0	3656.4844627743173	56.692976	0.0	2.665264999999998	42.523882025230556	
21078.70333018662	1200.0	7.341010262620166	0.0	526950.0	5950.80843961268	67.735752	11.042776000000003	0.0	57.99429751138527	
21085.181359828188	1200.0	4.862980621051727	0.0	587876.0	6478.029641568439	72.569044	4.833292	0.0	60.237368188531434	
21089.90587863615	1200.0	4.138461813091682	0.0	617242.0	4724.518807960045	75.662786	3.0937419999999918	0.0	62.339125264249624	
21092.455965079484	750.0	5.58837536975822	0.0	372963.0	2550.0864433334627	69.564049	0.0	6.098737	49.78149799493421	
21097.420695811714	1200.0	4.623644637526537	0.0	639204.0	4964.730732231683	72.000653	2.4366040000000027	0.0	59.041852363208044	
21100.01787682691	750.0	6.026463622330825	0.0	350713.0	2597.181015195713	67.172129	0.0	4.828524000000002	49.10347287348152	
21103.2496346605	750.0	6.7947057887416555	0.0	386472.0	3231.757833589168	62.777649	0.0	4.3944800000000015	45.8423031210838	
21105.98749349897	750.0	8.056846950273977	0.0	399894.0	2737.8588384676796	55.443233	0.0	7.334415999999997	36.51150936895389	
21108.908471612394	750.0	9.135868836849781	0.0	401853.0	2920.9781134241957	47.960406	0.0	7.482827	30.016831048248612	
21113.2052800314	1200.0	8.839060417843388	0.0	536667.0	4296.808419006393	68.420849	20.460443000000005	0.0	61.38070384184248	
21116.204893492082	750.0	9.839446957161993	0.0	359903.0	2999.6134606813966	66.786337	0.0	1.6345120000000009	52.16558832707676	
21119.850111651165	750.0	10.194228798081506	0.0	379700.0	3645.218159080487	66.676537	0.0	0.109800000000007	53.69031629537219	
21123.238018411248	750.0	10.806322037995018	0.0	425781.0	3387.906760086488	65.665965	0.0	1.0105719999999963	51.87874368281537	
21125.840114763167	750.0	12.204225686077637	0.0	277716.0	2602.096351917381	68.231907	2.565942000000007	0.0	55.88863627581473	
21131.893061069168	750.0	10.151279380077085	0.0	400396.0	6052.946306000551	69.601487	1.3695799999999991	0.0	56.69205323288801	
21137.727868498634	750.0	8.316471950608964	0.0	400508.0	5834.807429468121	67.821489	0.0	1.7799980000000062	52.88789921294314	
21143.056367189714	750.0	6.987973259531897	0.0	358218.0	5328.498691077068	64.789531	0.0	3.031958000000003	48.99180250230414	
21147.743448224377	750.0	6.300892224866034	0.0	400322.0	4687.081034665862	60.651768	0.0	4.137763	44.31426861062449	
21151.726860833645	750.0	6.317479615596281	0.0	369834.0	3983.412609269754	68.369339	7.7175709999999995	0.0	57.54006651746116	
21155.964917587313	750.0	6.079422861926673	0.0	412837.0	4238.056753669608	49.996929	0.0	18.372409999999995	20.187729359352712	
21159.214403204114	750.0	6.829937245128224	0.0	401088.0	3249.4856167984503	69.915275	19.918345999999993	0.0	62.48480537634975	
21162.17305341879	750.0	7.871287030451645	0.0	365161.0	2958.6502146765774	60.276519	0.0	9.638755999999994	38.15992246287269	
21164.98108556294	750.0	9.063254886299196	0.0	321064.0	2808.0321441524475	67.040505	6.763985999999996	0.0	56.13053433110116	
21168.60991213703	750.0	9.434428312206656	0.0	361565.0	3628.8265740925426	66.788635	0.0	0.2518699999999967	53.6345161054191	
21172.333938575455	750.0	9.710401873784134	0.0	378327.0	3724.0264384225206	62.32333	0.0	4.465305000000001	45.38239461526515	
21176.416886047722	750.0	9.6274544015172	0.0	390680.0	4082.9474722669356	61.525566	0.0	0.7977640000000008	48.59802426280343	
21181.474266122343	750.0	8.57007432689545	0.0	345516.0	5057.38007462175	79.583372	18.057806	0.0	70.11833935431406	
21187.880424017974	750.0	6.16391643126211	0.0	384505.0	6406.157895633341	64.443828	0.0	15.139544	35.852891186903015	
21190.622610478957	300.0	7.421729970279199	0.0	145210.0	2742.1864609829104	23.926655	0.0	40.517173	-25.3867828879665	
21193.859040450385	300.0	8.18529999885079	0.0	172312.0	3236.429971428409	26.146503	2.219847999999999	0.0	20.143335165183682	
21196.60677445336	300.0	9.437565995871497	0.0	167025.0	2747.7340029792936	26.908827	0.7623239999999996	0.0	20.354647499322645	
21200.74137792386	750.0	9.3029625253722	0.0	393804.0	4134.603470499296	62.845425	35.936598000000004	0.0	61.270325171427885	
21204.64912005967	750.0	9.395220389563324	0.0	331053.0	3907.742135808875	60.678126	0.0	2.167299	46.42725130719397	
21210.36234819291	750.0	7.681992256319893	0.0	314107.0	5713.228133243432	75.210559	14.532433000000005	0.0	65.36453832212788	
