19284.197670044887	750.0	4.0	5.8396300502769165	450283.0	5839.630050276916	64.858346	0.0	0.0	-115.89049566959403	
19288.62672431586	750.0	4.0	0.42905427097636223	398865.0	4429.054270976362	57.017244	0.0	7.841101999999999	24.951938077561362	
19291.683605622347	750.0	4.943118693515129	0.0	350812.0	3056.8813064848705	60.430767	3.413523000000005	0.0	49.53439726135709	
19295.348467691027	750.0	5.27825662483543	0.0	382355.0	3664.8620686796985	55.551349	0.0	4.879418000000001	39.207823032133746	
19299.194514872397	750.0	5.432209443465378	0.0	411561.0	3846.047181370053	51.003805	0.0	4.547544000000002	35.708620955217725	
19302.372543263908	750.0	6.254181051954574	0.0	318564.0	3178.0283915108034	62.986308	11.982503000000001	0.0	54.252000083560986	
19305.7157110187	750.0	6.9110132971636045	0.0	352642.0	3343.1677547909694	81.00828	18.021971999999998	0.0	71.31441799403183	
19309.91259230685	750.0	6.714132009015821	0.0	437162.0	4196.881288147783	69.475262	0.0	11.533017999999998	43.94053818670605	
19314.430624239158	750.0	6.196100076706459	0.0	374758.0	4518.031932309362	70.789292	1.3140300000000025	0.0	57.681454273815504	
19317.346037114155	750.0	7.280687201709203	0.0	362795.0	2915.4128749972565	64.786022	0.0	6.0032700000000006	45.836272051926805	
19320.571099392626	750.0	8.055624923236207	0.0	353220.0	3225.062278472995	70.008689	5.222667000000001	0.0	58.18502339881593	
19326.20382738098	750.0	6.422896934880033	0.0	405134.0	5632.727988356175	59.00323	0.0	11.005459000000002	35.63150226952917	
19331.44881749667	750.0	5.177906819191598	0.0	386351.0	5244.990115688434	59.358241	0.3550109999999975	0.0	47.71472422025977	
19333.605453478085	300.0	7.021270837771934	0.0	179801.0	2156.6359814196653	23.726678	0.0	35.631563	-20.372516939980503	
19335.727519134318	300.0	8.899205181543564	0.0	140051.0	2122.06565622837	21.119447	0.0	2.6072309999999987	12.458195192670239	
19340.122816903215	750.0	8.503907412646221	0.0	366214.0	4395.297768897343	58.858709	37.739262	0.0	58.43111360987612	
19345.8440551245	750.0	6.782669191361292	0.0	360831.0	5721.23822128493	60.531124	1.6724150000000009	0.0	49.100589048161304	
19350.01030634332	750.0	6.6164179725380885	0.0	372963.0	4166.251218823204	69.564049	9.032924999999999	0.0	58.9438058139744	
19355.578780343683	750.0	5.047943972178622	0.0	405596.0	5568.474000359466	60.564875	0.0	8.999173999999996	39.08272725573663	
19361.282599042486	750.0	4.0	0.6558747266255077	350713.0	5703.81869880413	67.172129	6.6072539999999975	0.0	37.30879328131887	
19363.956932867233	750.0	5.3256661752554955	0.0	386472.0	2674.333824744504	62.777649	0.0	4.3944800000000015	45.8423031210838	
19368.432961179748	1200.0	4.849637862739549	0.0	616206.0	4476.028312515947	68.532883	5.7552340000000015	0.0	57.09385149382384	
19373.067728215246	1200.0	4.214870827239105	0.0	656471.0	4634.767035500444	63.455907	0.0	5.076975999999995	45.69259308258809	
19376.780620985974	1200.0	4.501978056511925	0.0	536667.0	3712.8927707271796	68.420849	4.964942000000001	0.0	56.763485235890926	
19379.860763784338	750.0	5.421835258148823	0.0	359903.0	3080.142798363103	66.786337	0.0	1.6345120000000009	52.16558832707676	
19382.425440907322	750.0	6.857158135164786	0.0	379700.0	2564.677122984036	66.676537	0.0	0.109800000000007	53.69031629537219	
19385.534052182287	750.0	7.748546860199738	0.0	425781.0	3108.611274965049	65.665965	0.0	1.0105719999999963	51.87874368281537	
19387.70928227091	750.0	9.573316771578595	0.0	277716.0	2175.2300886211433	68.231907	2.565942000000007	0.0	55.88863627581473	
19390.713433950805	750.0	10.569165091684445	0.0	400396.0	3004.15167989415	69.601487	1.3695799999999991	0.0	56.69205323288801	
19393.96369864629	750.0	11.318900396200442	0.0	400508.0	3250.264695484002	67.821489	0.0	1.7799980000000062	52.88789921294314	
19399.29842965782	1200.0	9.98416938466748	0.0	570392.0	5334.731011532963	78.009495	10.188006000000001	0.0	66.44044460886136	
19405.018309320287	750.0	8.264289722200552	0.0	400322.0	5719.879662466928	60.651768	0.0	17.357727000000004	30.28790174518381	
19408.55710169223	750.0	8.725497350256678	0.0	369834.0	3538.7923719438745	68.369339	7.7175709999999995	0.0	57.54006651746116	
19411.98958702646	750.0	9.293012016029	0.0	412837.0	3432.4853342276774	49.996929	0.0	18.372409999999995	20.187729359352712	
19414.575995491316	750.0	10.706603551172044	0.0	401088.0	2586.4084648569547	69.915275	19.918345999999993	0.0	62.48480537634975	
19419.047146340654	1200.0	10.235452701832127	0.0	598727.0	4471.150849339915	77.763467	7.848192000000012	0.0	65.53488519734074	
19422.39263124467	750.0	10.889967797815876	0.0	321064.0	3345.4849040162526	67.040505	0.0	10.72296200000001	42.738008305810055	
19425.757715755833	750.0	11.52488328665294	0.0	361565.0	3365.084511162934	66.788635	0.0	0.2518699999999967	53.6345161054191	
19429.856322736123	750.0	11.426276306365184	0.0	378327.0	4098.606980287757	62.32333	0.0	4.465305000000001	45.38239461526515	
19435.484676550986	1200.0	9.797922491497896	0.0	587506.0	5628.353814867287	72.886388	10.563057999999998	0.0	62.21343448466478	
19438.48886795447	750.0	10.793731088014999	0.0	345516.0	3004.1914034828965	79.583372	6.6969840000000005	0.0	66.73313750009174	
19442.41845075906	750.0	10.864148283425928	0.0	384505.0	3929.5828045890717	64.443828	0.0	15.139544	35.852891186903015	
19445.828406958513	750.0	11.454192083973478	0.0	372093.0	3409.9561994524506	58.879512	0.0	5.564315999999998	41.299771933747785	
19449.963296556045	750.0	11.319302486440707	0.0	438281.0	4134.8895975327705	62.327504	3.4479919999999993	0.0	51.15101669476942	
19454.573618801474	750.0	10.708980241009305	0.0	398987.0	4610.322245431402	63.729239	1.4017350000000022	0.0	51.728421217727	
19460.59968259022	750.0	8.682916452261935	0.0	393804.0	6026.0637887473695	62.845425	0.0	0.883814000000001	49.62451534898482	
19469.170135436805	1200.0	4.112463605675074	0.0	538612.0	8570.452846586863	74.51099	11.665565000000008	0.0	63.91782743622792	
19472.252582991616	750.0	5.030016050867221	0.0	314107.0	3082.4475548078517	75.210559	0.6995689999999968	0.0	61.242738256780044	
