22370.31478634248	750.0	4.0	4.264022486880352	450283.0	4264.022486880352	64.858346	0.0	0.0	-70.51943659559294	
22371.568367338077	300.0	6.746419004404097	0.0	155580.0	1253.5809955959026	18.412623	0.0	46.445723	-36.3468075049402	
22372.72845988855	300.0	9.586326453931424	0.0	139857.0	1160.0925504726724	17.596212	0.0	0.8164109999999987	11.374421591985136	
22374.30360122966	300.0	12.011185112819247	0.0	155432.0	1575.141341112178	19.997309	2.401097	0.0	14.989583049748727	
22378.42213893075	300.0	11.892647411728696	0.0	163442.0	4118.53770109055	16.877619	0.0	3.119690000000002	8.322067973538104	
22381.865589243447	300.0	12.449197099030972	0.0	126289.0	3443.450312697726	18.579568	1.701948999999999	0.0	13.580570417102745	
22385.92859904919	300.0	12.386187293283337	0.0	153295.0	4063.009805747634	42.291519	23.711951000000003	0.0	40.220602433691965	
22396.43403840908	750.0	5.880747933394199	0.0	437162.0	10505.439359889138	69.475262	27.183743	0.0	64.27703956074478	
22400.06841007586	750.0	6.246376266616295	0.0	374758.0	3634.3716667779045	70.789292	1.3140300000000025	0.0	57.681454273815504	
22403.100114575456	750.0	7.2146717670194525	0.0	362795.0	3031.7044995968427	64.786022	0.0	6.0032700000000006	45.836272051926805	
22409.143089353896	750.0	5.171696988579752	0.0	353220.0	6042.9747784397	70.008689	5.222667000000001	0.0	58.18502339881593	
22413.97258526022	750.0	4.3422010822559285	0.0	405134.0	4829.495906323824	59.00323	0.0	11.005459000000002	35.63150226952917	
22416.924823117544	750.0	5.3899632249318135	0.0	386351.0	2952.237857324115	59.358241	0.3550109999999975	0.0	47.71472422025977	
22421.262184020656	750.0	5.052602321819412	0.0	434409.0	4337.3609031124015	56.692976	0.0	2.665264999999998	42.523882025230556	
22425.63976022095	750.0	4.675026121522886	0.0	337059.0	4377.576200296527	54.76216	0.0	1.930816	41.66792139000558	
22428.38547392171	750.0	5.92931242076615	0.0	366214.0	2745.7137007567353	58.858709	4.096548999999996	0.0	48.406541934633836	
22433.731015637804	750.0	4.583770704672245	0.0	360831.0	5345.541716093905	60.531124	1.6724150000000009	0.0	49.100589048161304	
22436.711278852228	300.0	5.603507490246483	0.0	150616.0	2980.2632144257623	35.116669	0.0	25.414454999999997	0.11401900957756439	
22438.922740583246	300.0	7.392045759229552	0.0	165384.0	2211.4617310169315	26.310814	0.0	8.805855000000001	10.278036555919055	
22442.37959550274	750.0	7.935190839733794	0.0	350713.0	3456.8549194957573	67.172129	40.861315	0.0	66.4020411554508	
22448.17793248777	750.0	6.136853854704028	0.0	386472.0	5798.336985029766	62.777649	0.0	4.3944800000000015	45.8423031210838	
22452.405865177287	750.0	5.908921165188168	0.0	399894.0	4227.932689515859	55.443233	0.0	7.334415999999997	36.51150936895389	
22456.728955326755	750.0	5.585831015719707	0.0	401853.0	4323.090149468461	47.960406	0.0	7.482827	30.016831048248612	
22461.2429012265	750.0	5.071885115977096	0.0	343800.0	4513.945899742611	55.451197	7.4907910000000015	0.0	46.53210385732817	
22465.065084081823	750.0	5.249702260649739	0.0	359903.0	3822.1828553273567	66.786337	11.335140000000003	0.0	57.277353060696605	
22468.380892701774	750.0	5.93389364070034	0.0	379700.0	3315.8086199493987	66.676537	0.0	0.109800000000007	53.69031629537219	
22472.348447682314	750.0	5.966338660161655	0.0	425781.0	3967.5549805386854	65.665965	0.0	1.0105719999999963	51.87874368281537	
22474.77134012224	750.0	7.54344622023571	0.0	277716.0	2422.8924399259445	68.231907	2.565942000000007	0.0	55.88863627581473	
22479.74634661989	750.0	6.568439722584573	0.0	400396.0	4975.006497651137	69.601487	1.3695799999999991	0.0	56.69205323288801	
22484.185672158503	750.0	6.12911418397037	0.0	400508.0	4439.325538614204	67.821489	0.0	1.7799980000000062	52.88789921294314	
22487.7237697735	750.0	6.591016568974466	0.0	358218.0	3538.0976149959038	64.789531	0.0	3.031958000000003	48.99180250230414	
22491.765835708815	750.0	6.548950633655408	0.0	400322.0	4042.0659353190586	60.651768	0.0	4.137763	44.31426861062449	
22493.42230900497	300.0	8.89247733750166	0.0	143881.0	1656.4732961537472	25.091594	0.0	35.560173999999996	-19.140824429842464	
22494.795992594667	300.0	11.518793747803592	0.0	163444.0	1373.6835896980667	17.178658	0.0	7.912936000000002	3.491389644148983	
22496.191627459	300.0	14.123158883470671	0.0	179328.0	1395.634864332922	28.893466	11.714808000000001	0.0	25.298969194880584	
22497.76970069519	300.0	16.545085647280057	0.0	159914.0	1578.0732361906144	21.738399	0.0	7.155066999999999	8.157137465372118	
22505.459444733173	750.0	12.855341609297447	0.0	321064.0	7689.744037982611	67.040505	45.302105999999995	0.0	67.61379806696837	
22515.535090400877	750.0	6.779695941593612	0.0	361565.0	10075.645667703835	66.788635	0.0	0.2518699999999967	53.6345161054191	
22521.67076133296	750.0	4.644025009512597	0.0	378327.0	6135.670932081016	62.32333	0.0	4.465305000000001	45.38239461526515	
22524.937382216547	750.0	5.377404125924262	0.0	390680.0	3266.620883588334	61.525566	0.0	0.7977640000000008	48.59802426280343	
22528.74060579409	750.0	5.5741805483796085	0.0	345516.0	3803.223577544653	79.583372	18.057806	0.0	70.11833935431406	
22535.194263155685	750.0	4.0	0.8794768132150448	384505.0	6453.657361594654	64.443828	0.0	15.139544	10.527552965896469	
22538.851230609245	750.0	4.343032546437993	0.0	372093.0	3656.9674535620065	58.879512	0.0	5.564315999999998	41.299771933747785	
22541.938017082804	750.0	5.256246072878878	0.0	438281.0	3086.7864735591147	62.327504	3.4479919999999993	0.0	51.15101669476942	
22547.2601002254	750.0	4.0	0.0658370697170094	398987.0	5322.083142595888	63.729239	1.4017350000000022	0.0	49.83258265437927	
22550.897021117966	750.0	4.363079107434074	0.0	393804.0	3636.9208925659254	62.845425	0.0	0.883814000000001	49.62451534898482	
22553.99768618678	750.0	5.262414038622361	0.0	331053.0	3100.665068811713	60.678126	0.0	2.167299	46.42725130719397	
22560.076573433507	750.0	4.0	0.8164732081049669	314107.0	6078.887246727328	75.210559	14.532433000000005	0.0	41.853446462799226	
