15423.630449936849	750.0	4.0	6.819045761582508	450283.0	6819.045761582508	64.858346	0.0	0.0	-144.0936657533025	
15428.015659854582	750.0	4.0	0.38520991773324387	398865.0	4385.209917733244	57.017244	0.0	7.841101999999999	26.214476280136754	
15431.56646473451	750.0	4.449195120072236	0.0	350812.0	3550.8048799277644	60.430767	3.413523000000005	0.0	49.53439726135709	
15435.301907151914	1200.0	4.713752702668336	0.0	617681.0	3735.4424174038995	69.474665	9.043897999999999	0.0	58.87137604797988	
15439.672518662921	1850.0	4.34314119166097	0.0	996749.0	4370.611511007367	75.455188	5.980523000000005	0.0	63.023488927640194	
15443.430188441334	1850.0	4.585471413247507	0.0	801058.0	3757.669778413462	86.249306	10.794117999999997	0.0	73.59935374672818	
15445.991649161375	1200.0	6.024010693207598	0.0	561791.0	2561.4607200399096	89.177904	2.928597999999994	0.0	73.73588534977478	
15448.709204403889	1200.0	7.306455450692969	0.0	709534.0	2717.5552425146293	82.426144	0.0	6.751760000000004	59.981563733654696	
15451.097310818837	1200.0	8.918349035742752	0.0	584846.0	2388.1064149502167	82.430225	0.004080999999999335	0.0	67.14984568949134	
15453.557388994503	1200.0	10.458270860079729	0.0	560821.0	2460.078175663024	76.960357	0.0	5.469867999999991	56.71266867445105	
15456.25884251101	1200.0	11.756817343572301	0.0	607410.0	2701.453516507427	82.096766	5.1364090000000004	0.0	68.39672667617816	
15458.779520892354	1200.0	13.236138962227974	0.0	594078.0	2520.6783813443267	70.906301	0.0	11.190465000000003	45.51593503586405	
15461.446864253605	1200.0	14.568795600976317	0.0	624282.0	2667.3433612516587	73.534048	2.6277469999999994	0.0	60.397441453335624	
15464.751985366229	1200.0	15.263674488352274	0.0	687371.0	3305.1211126240423	70.998108	0.0	2.5359399999999965	54.776127730538505	
15471.344559138664	1200.0	12.671100715916932	0.0	526950.0	6592.573772435342	67.735752	0.0	3.262355999999997	51.24250829039699	
15480.658989070696	1200.0	7.356670783885267	0.0	587876.0	9314.429932031664	72.569044	4.833292	0.0	60.237368188531434	
15485.55551936948	1200.0	6.460140485102786	0.0	617242.0	4896.530298782481	75.662786	3.0937419999999918	0.0	62.339125264249624	
15489.625388216235	750.0	6.390271638346889	0.0	372963.0	4069.868846755897	69.564049	0.0	6.098737	49.78149799493421	
15495.38083654379	750.0	4.634823310791313	0.0	405596.0	5755.448327555577	60.564875	0.0	8.999173999999996	39.08272725573663	
15499.229665098708	750.0	4.785994755874101	0.0	350713.0	3848.828554917212	67.172129	6.6072539999999975	0.0	56.195305162945644	
15503.730169540222	1200.0	4.285490314359064	0.0	601738.0	4500.504441515036	74.235946	7.063817	0.0	62.31370233979262	
15506.20148131699	1200.0	5.814178537593142	0.0	616206.0	2471.3117767659237	68.532883	0.0	5.703063	49.32801204213999	
15510.89921340738	1850.0	5.116446447201249	0.0	968026.0	4697.732090391892	73.123347	4.590463999999997	0.0	60.634452170993036	
15514.941854657844	1850.0	5.073805196738191	0.0	874175.0	4042.641250463058	80.700778	7.577431000000004	0.0	67.94181803672566	
15518.367247810203	1850.0	5.648412044378112	0.0	897976.0	3425.393152360079	86.994267	6.293488999999994	0.0	72.88920259297404	
15520.779685250824	1200.0	7.235974603758144	0.0	590335.0	2412.4374406199686	79.644231	0.0	7.350035999999989	56.99078839390229	
15523.83686593388	1200.0	8.178793920701455	0.0	696376.0	3057.180683056689	80.745588	1.101356999999993	0.0	66.05008180256124	
15526.04102621079	1200.0	9.974633643790787	0.0	487160.0	2204.160276910668	80.893459	0.14787099999999498	0.0	65.89120220426116	
15528.665028740452	1200.0	11.350631114128353	0.0	622896.0	2624.002529662434	80.053124	0.0	0.8403349999999961	64.24386573042244	
15530.43172981363	750.0	13.583930040950674	0.0	400508.0	1766.701073177679	67.821489	0.0	12.231634999999997	41.79872416629296	
15531.951665417308	750.0	16.06399443727274	0.0	358218.0	1519.9356036779327	64.789531	0.0	3.031958000000003	48.99180250230414	
15535.252691443016	1200.0	16.76296841156448	0.0	620283.0	3301.026025708262	72.909556	8.120024999999998	0.0	61.5051011352081	
15541.374574394937	750.0	14.641085459644607	0.0	369834.0	6121.882951919869	68.369339	0.0	4.540216999999998	50.42328474062561	
15551.321600797757	1200.0	8.694059056823042	0.0	670129.0	9947.026402821566	62.28877	0.0	6.080568999999997	43.639332434497476	
15554.53363618069	750.0	9.482023673890472	0.0	401088.0	3212.0353829325704	69.915275	7.6265049999999945	0.0	58.822186338307795	
15561.050470972677	1200.0	6.965188881902548	0.0	598727.0	6516.834791987923	77.763467	7.848192000000012	0.0	65.53488519734074	
15566.800532221489	1200.0	5.215127633091788	0.0	487812.0	5750.06124881076	77.846693	0.08322599999999625	0.0	63.29163035592236	
15571.946817235452	1200.0	4.0688426191284055	0.0	575591.0	5146.285013963383	77.292461	0.0	0.554231999999999	62.20941215869677	
15574.955994315487	1200.0	5.059665539093115	0.0	605884.0	3009.1770800352906	74.001829	0.0	3.290632000000002	56.519254990333565	
15579.266629961716	1850.0	4.74902989286292	0.0	930577.0	4310.635646230195	83.556577	9.554748000000004	0.0	70.9495815823091	
15580.920768464659	750.0	7.09489138991998	0.0	345516.0	1654.1385029429393	79.583372	0.0	3.973205000000007	60.52206071503834	
15583.898323085168	1200.0	8.117336769410516	0.0	641452.0	2977.5546205094643	75.706383	0.0	3.8769889999999947	57.34071953352638	
15587.373195006194	1850.0	8.64246484838617	0.0	886255.0	3474.8719210243453	78.86339	3.157006999999993	0.0	65.06857148325741	
15591.338003998626	1850.0	8.677655855954326	0.0	973972.0	3964.8089924318456	84.84845	5.985060000000004	0.0	70.98000474499611	
15595.600792347359	1850.0	8.414867507220992	0.0	958994.0	4262.788348733336	87.119023	2.270572999999999	0.0	71.79614403033668	
15599.736927590264	1850.0	8.278732264316199	0.0	982064.0	4136.135242904793	86.680563	0.0	0.4384599999999921	70.28304003058662	
15603.62058443596	1850.0	8.395075418622305	0.0	830730.0	3883.6568456938926	84.040637	0.0	2.6399260000000027	65.71153085892459	
15611.20489978421	1200.0	4.810760070369773	0.0	550906.0	7584.315348252532	86.366143	2.32550599999999	0.0	71.17489760187416	
