21408.048809563228	750.0	4.0	4.2446647119615655	450283.0	4244.664711961565	64.858346	0.0	0.0	-69.96201178386625	
21411.501918445327	750.0	4.546891117902085	0.0	398865.0	3453.108882097915	57.017244	0.0	7.841101999999999	37.30694774282116	
21414.386461237562	750.0	5.662348325667159	0.0	350812.0	2884.542792234926	60.430767	3.413523000000005	0.0	49.53439726135709	
21416.934169298136	750.0	7.114640265092755	0.0	382355.0	2547.708060574403	55.551349	0.0	4.879418000000001	39.207823032133746	
21422.05748574092	1200.0	5.991323822308443	0.0	652874.0	5123.316442784313	64.23322	8.681871000000001	0.0	54.32451676193826	
21424.337060336715	750.0	7.711749226510364	0.0	318564.0	2279.574595798078	62.986308	0.0	1.2469120000000018	49.35858274895686	
21426.936870797126	750.0	9.111938766101076	0.0	352642.0	2599.8104604092873	81.00828	18.021971999999998	0.0	71.31441799403183	
21433.52530118327	1200.0	6.523508379958419	0.0	709534.0	6588.430386142658	82.426144	1.4178639999999945	0.0	67.56765661211375	
21438.498977529765	1200.0	5.54983203346204	0.0	584846.0	4973.67634649638	82.430225	0.004080999999999335	0.0	67.14984568949134	
21442.999352207353	1200.0	5.049457355876468	0.0	560821.0	4500.374677585572	76.960357	0.0	5.469867999999991	56.71266867445105	
21446.041157843796	750.0	6.00765171943506	0.0	353220.0	3041.805636441408	70.008689	0.0	6.951667999999998	49.25310527285025	
21450.738290358575	1200.0	5.310519204656784	0.0	594078.0	4697.132514778275	70.906301	0.8976119999999952	0.0	57.65646860355332	
21454.388640826237	1200.0	5.660168736993761	0.0	624282.0	3650.350467663024	73.534048	2.6277469999999994	0.0	60.397441453335624	
21459.27988012187	1200.0	4.768929441356552	0.0	687371.0	4891.239295637209	70.998108	0.0	2.5359399999999965	54.776127730538505	
21463.455011588874	1200.0	4.593797974352235	0.0	526950.0	4175.1314670043175	67.735752	0.0	3.262355999999997	51.24250829039699	
21466.41826091484	750.0	5.630548648389197	0.0	366214.0	2963.2493259630382	58.858709	0.0	8.877043000000008	37.767354246545985	
21469.039917599617	750.0	7.008891963611135	0.0	360831.0	2621.6566847780614	60.531124	1.6724150000000009	0.0	49.100589048161304	
21472.36186149489	750.0	7.686948068339328	0.0	372963.0	3321.943895271806	69.564049	9.032924999999999	0.0	58.9438058139744	
21475.65277468479	750.0	8.396034878438615	0.0	405596.0	3290.9131899007125	60.564875	0.0	8.999173999999996	39.08272725573663	
21479.27208152062	750.0	8.776728042609902	0.0	350713.0	3619.3068358287123	67.172129	6.6072539999999975	0.0	56.195305162945644	
21480.716510521062	300.0	11.332299042169186	0.0	157671.0	1444.429000440717	28.807059	0.0	38.36507	-18.970184520798494	
21482.14672198228	300.0	13.902087580948804	0.0	157812.0	1430.2114612203825	21.07483	0.0	7.732229	6.982791919539274	
21485.7083426407	750.0	14.340466922529941	0.0	401853.0	3561.620658418862	47.960406	26.885576	0.0	45.96723906187267	
21489.741778351177	750.0	14.307031212054552	0.0	343800.0	4033.435710475391	55.451197	7.4907910000000015	0.0	46.53210385732817	
21495.396421038673	750.0	12.652388524559193	0.0	359903.0	5654.642687495359	66.786337	11.335140000000003	0.0	57.277353060696605	
21502.953958705577	750.0	9.094850857653032	0.0	379700.0	7557.537666906159	66.676537	0.0	0.109800000000007	53.69031629537219	
21509.982715054473	750.0	6.066094508754571	0.0	425781.0	7028.756348898462	65.665965	0.0	1.0105719999999963	51.87874368281537	
21514.50491661044	750.0	5.543892952789816	0.0	277716.0	4522.201555964754	68.231907	2.565942000000007	0.0	55.88863627581473	
21519.153767286232	750.0	4.89504227699404	0.0	400396.0	4648.850675795776	69.601487	1.3695799999999991	0.0	56.69205323288801	
21522.17506321701	750.0	5.873746346218897	0.0	400508.0	3021.2959307751435	67.821489	0.0	1.7799980000000062	52.88789921294314	
21526.608726201743	1200.0	5.440083361486485	0.0	570392.0	4433.662984732412	78.009495	10.188006000000001	0.0	66.44044460886136	
21530.75304291935	1200.0	5.29576664388116	0.0	620283.0	4144.316717605325	72.909556	0.0	5.099939000000006	53.67453510265016	
21533.024823736698	750.0	7.023985826531327	0.0	369834.0	2271.780817349833	68.369339	0.0	4.540216999999998	50.42328474062561	
21537.76516147357	1200.0	6.283648089658631	0.0	670129.0	4740.337736872696	62.28877	0.0	6.080568999999997	43.639332434497476	
21540.69150449954	750.0	7.357305063687427	0.0	401088.0	2926.343025971204	69.915275	7.6265049999999945	0.0	58.822186338307795	
21544.60356890203	1200.0	7.4452406611994695	0.0	598727.0	3912.0644024879575	77.763467	7.848192000000012	0.0	65.53488519734074	
21546.814319615307	750.0	9.234489947917675	0.0	321064.0	2210.750713281794	67.040505	0.0	10.72296200000001	42.738008305810055	
21549.244235272567	750.0	10.80457429065649	0.0	361565.0	2429.915657261185	66.788635	0.0	0.2518699999999967	53.6345161054191	
21552.59399340561	750.0	11.454816157612665	0.0	378327.0	3349.7581330438234	62.32333	0.0	4.465305000000001	45.38239461526515	
21559.422611147085	1200.0	8.626198416135193	0.0	587506.0	6828.617741477474	72.886388	10.563057999999998	0.0	62.21343448466478	
21562.632666798014	750.0	9.416142765209337	0.0	345516.0	3210.055650925856	79.583372	6.6969840000000005	0.0	66.73313750009174	
21565.57379408171	750.0	10.475015481513088	0.0	384505.0	2941.1272836962485	64.443828	0.0	15.139544	35.852891186903015	
21570.667911551398	1200.0	9.380898011827332	0.0	599477.0	5094.117469685756	71.343181	6.899353000000005	0.0	59.81481088460728	
21577.991685415145	1200.0	6.0571241480809785	0.0	634861.0	7323.7738637463535	75.003938	3.660757000000004	0.0	61.95010051241022	
21584.117420881554	1200.0	4.0	0.06861131832676802	630203.0	6125.735466407747	77.745919	2.7419809999999956	0.0	62.02279253319241	
21588.16996602088	1200.0	4.0	0.05254513932378904	638661.0	4052.545139323789	77.309224	0.0	0.4366950000000003	60.83523010025688	
21591.18668547123	1200.0	4.983280549646806	0.0	538612.0	3016.7194503531937	74.51099	0.0	2.7982339999999937	57.47289772290094	
21596.197502002033	1850.0	4.0	0.027535981152965176	846370.0	5010.8165307997715	92.020773	17.509783	0.0	79.69536894326157	
