16000.274263780006	750.0	4.0	4.997202366246414	450283.0	4997.202366246414	64.858346	0.0	0.0	-91.63202096709492	
16002.427625530292	300.0	5.846638249714482	0.0	155580.0	2153.3617502855177	18.412623	0.0	46.445723	-36.3468075049402	
16005.54577764378	300.0	6.728486136226441	0.0	139857.0	3118.1521134880413	17.596212	0.0	0.8164109999999987	11.374421591985136	
16009.917394400156	300.0	6.35686937985117	0.0	155432.0	4371.6167563752715	19.997309	2.401097	0.0	14.989583049748727	
16014.345616891227	300.0	5.928646888778943	0.0	163442.0	4428.222491072226	16.877619	0.0	3.119690000000002	8.322067973538104	
16020.303131969898	750.0	4.0	0.028868189892523332	318564.0	5957.515078671467	62.986308	46.108689	0.0	63.58934706436184	
16023.657712586486	750.0	4.645419383412471	0.0	352642.0	3354.5806165875297	81.00828	18.021971999999998	0.0	71.31441799403183	
16027.565703859324	750.0	4.737428110576075	0.0	437162.0	3907.9912728363956	69.475262	0.0	11.533017999999998	43.94053818670605	
16030.64223821568	750.0	5.660893754220858	0.0	374758.0	3076.534356355217	70.789292	1.3140300000000025	0.0	57.681454273815504	
16034.888192571942	1200.0	5.414939397958252	0.0	560821.0	4245.954356262606	76.960357	6.171064999999999	0.0	64.35499430641161	
16037.306924968208	750.0	6.996207001691531	0.0	353220.0	2418.73239626672	70.008689	0.0	6.951667999999998	49.25310527285025	
16040.618596235823	1200.0	7.684535734078481	0.0	594078.0	3311.67126761305	70.906301	0.8976119999999952	0.0	57.65646860355332	
16043.683854028146	1200.0	8.619277941755454	0.0	624282.0	3065.257792323028	73.534048	2.6277469999999994	0.0	60.397441453335624	
16047.010620807587	1200.0	9.292511162315996	0.0	687371.0	3326.766779439459	70.998108	0.0	2.5359399999999965	54.776127730538505	
16050.061461126515	1200.0	10.241670843386428	0.0	526950.0	3050.8403189295673	67.735752	0.0	3.262355999999997	51.24250829039699	
16054.344910940328	1200.0	9.958221029573032	0.0	587876.0	4283.449813813394	72.569044	4.833292	0.0	60.237368188531434	
16056.767278128835	750.0	11.535853841067128	0.0	360831.0	2422.3671885059057	60.531124	0.0	12.037920000000007	35.8300374244935	
16059.83882967972	750.0	12.46430229018054	0.0	372963.0	3071.5515508865883	69.564049	9.032924999999999	0.0	58.9438058139744	
16062.773637026376	750.0	13.529494943525835	0.0	405596.0	2934.8073466547057	60.564875	0.0	8.999173999999996	39.08272725573663	
16065.184912310684	750.0	15.118219659216061	0.0	350713.0	2411.2752843097724	67.172129	6.6072539999999975	0.0	56.195305162945644	
16068.042524560755	750.0	16.260607409145198	0.0	386472.0	2857.612250070864	62.777649	0.0	4.3944800000000015	45.8423031210838	
16069.7121832905	300.0	18.590948679400228	0.0	157812.0	1669.6587297449714	21.07483	0.0	41.702819	-29.059965683694024	
16072.243217622467	300.0	20.05991434743489	0.0	163927.0	2531.034331965339	16.837774	0.0	4.237055999999999	7.102799135832186	
16074.677361460082	300.0	21.62577050981827	0.0	137654.0	2434.1438376166175	6.466535	0.0	10.371239	-8.188975813003921	
16076.91353146793	300.0	23.38960050197047	0.0	146754.0	2236.1700078477975	25.355956	18.889421	0.0	24.440878712625864	
16079.273913964636	300.0	25.029218005262898	0.0	153938.0	2360.382496707575	22.855883	0.0	2.5000730000000004	14.042479268061296	
16086.746423533956	750.0	21.55670843594458	0.0	425781.0	7472.509569318319	65.665965	42.810082	0.0	65.70714635013692	
16093.502112506329	750.0	18.801019463571283	0.0	277716.0	6755.688972373296	68.231907	2.565942000000007	0.0	55.88863627581473	
16101.620618197687	750.0	14.68251377221332	0.0	400396.0	8118.505691357966	69.601487	1.3695799999999991	0.0	56.69205323288801	
16110.331045539337	750.0	9.97208643056432	0.0	400508.0	8710.427341649	67.821489	0.0	1.7799980000000062	52.88789921294314	
16118.26080016665	750.0	6.042331803250014	0.0	358218.0	7929.754627314305	64.789531	0.0	3.031958000000003	48.99180250230414	
16124.162301035269	750.0	4.14083093463062	0.0	400322.0	5901.500868619393	60.651768	0.0	4.137763	44.31426861062449	
16126.179749687044	300.0	6.123382282854189	0.0	143881.0	2017.448651776431	25.091594	0.0	35.560173999999996	-19.140824429842464	
16128.250841561536	300.0	8.052290408363081	0.0	163444.0	2071.0918744911087	17.178658	0.0	7.912936000000002	3.491389644148983	
16132.551812791711	750.0	7.751319178187293	0.0	401088.0	4300.971230175788	69.915275	52.736616999999995	0.0	72.26371678272253	
16137.779616508049	750.0	6.523515461847452	0.0	365161.0	5227.803716339841	60.276519	0.0	9.638755999999994	38.15992246287269	
16143.341378568439	750.0	4.961753401457676	0.0	321064.0	5561.762060389776	67.040505	6.763985999999996	0.0	56.13053433110116	
16146.446668788187	750.0	5.856463181709818	0.0	361565.0	3105.290219747858	66.788635	0.0	0.2518699999999967	53.6345161054191	
16149.045557909032	750.0	7.257574060865063	0.0	378327.0	2598.8891208447553	62.32333	0.0	4.465305000000001	45.38239461526515	
16151.804444963716	750.0	8.498687006181246	0.0	390680.0	2758.8870546838175	61.525566	0.0	0.7977640000000008	48.59802426280343	
16154.124932518695	750.0	10.178199451203316	0.0	345516.0	2320.487554977929	79.583372	18.057806	0.0	70.11833935431406	
16157.009235828265	750.0	11.293896141631517	0.0	384505.0	2884.303309571799	64.443828	0.0	15.139544	35.852891186903015	
16160.004586652	750.0	12.298545317898096	0.0	372093.0	2995.3508237334204	58.879512	0.0	5.564315999999998	41.299771933747785	
16164.978446105899	750.0	11.324685863998836	0.0	438281.0	4973.859453899262	62.327504	3.4479919999999993	0.0	51.15101669476942	
16168.222805008729	750.0	12.080326961170623	0.0	398987.0	3244.3589028282104	63.729239	1.4017350000000022	0.0	51.728421217727	
16176.000433955076	1200.0	8.302698014824225	0.0	638661.0	7777.628946346398	77.309224	13.579985	0.0	66.8580976027805	
16182.69122745117	1200.0	5.6119045187295855	0.0	538612.0	6690.79349609464	74.51099	0.0	2.7982339999999937	57.47289772290094	
16187.95660871407	1200.0	4.3465232558292115	0.0	550906.0	5265.381262900373	86.366143	11.855152999999987	0.0	74.01446138471348	
