27006.868757092525	750.0	4.0	4.799754461958953	450283.0	4799.754461958953	64.858346	0.0	0.0	-85.94632819842585	
27010.342658239548	750.0	4.526098852977756	0.0	398865.0	3473.901147022244	57.017244	0.0	7.841101999999999	37.30694774282116	
27011.82189821732	300.0	7.046858875202695	0.0	139857.0	1479.2399777750616	17.596212	0.0	39.421032	-29.585037665793127	
27013.476586723496	300.0	9.392170369029557	0.0	155432.0	1654.6885061731368	19.997309	2.401097	0.0	14.989583049748727	
27014.84467807795	300.0	12.024079014576099	0.0	163442.0	1368.0913544534599	16.877619	0.0	3.119690000000002	8.322067973538104	
27016.223178987533	300.0	14.645578104988905	0.0	126289.0	1378.5009095871947	18.579568	1.701948999999999	0.0	13.580570417102745	
27018.80585882161	300.0	16.0628982709113	0.0	153295.0	2582.6798340776018	42.291519	23.711951000000003	0.0	40.220602433691965	
27022.919919713764	300.0	15.948837378758816	0.0	173849.0	4114.060892152487	35.451274	0.0	6.840245000000003	20.10461217328575	
27026.626437498562	300.0	16.24231959396224	0.0	150710.0	3706.5177847965756	28.497356	0.0	6.953917999999998	14.094724445226447	
27029.584642753987	300.0	17.284114338535975	0.0	139105.0	2958.2052554262664	21.660501	0.0	6.836855	8.428788135904757	
27035.208974833837	750.0	15.659782258688269	0.0	353220.0	5624.332079847707	70.008689	48.34818800000001	0.0	71.03520216699869	
27039.498414622438	750.0	15.370342470086367	0.0	405134.0	4289.4397886019015	59.00323	0.0	11.005459000000002	35.63150226952917	
27044.790464838847	750.0	14.078292253675226	0.0	386351.0	5292.05021641114	59.358241	0.3550109999999975	0.0	47.71472422025977	
27047.480475666438	300.0	15.38828142608631	0.0	179801.0	2690.0108275889156	23.726678	0.0	35.631563	-20.372516939980503	
27054.529385068367	750.0	12.339372024153894	0.0	337059.0	7048.909401932417	54.76216	31.035482000000002	0.0	52.96420597107542	
27061.73688210707	750.0	9.131874985451322	0.0	366214.0	7207.497038702571	58.858709	4.096548999999996	0.0	48.406541934633836	
27067.316507675503	750.0	7.552249417020962	0.0	360831.0	5579.6255684303605	60.531124	1.6724150000000009	0.0	49.100589048161304	
27073.58077886765	750.0	5.287978224872119	0.0	372963.0	6264.271192148843	69.564049	9.032924999999999	0.0	58.9438058139744	
27078.373756393055	750.0	4.495000699466537	0.0	405596.0	4792.977525405582	60.564875	0.0	8.999173999999996	39.08272725573663	
27081.932948826092	750.0	4.935808266430391	0.0	350713.0	3559.1924330361458	67.172129	6.6072539999999975	0.0	56.195305162945644	
27084.07301705728	300.0	6.7957400352447825	0.0	157671.0	2140.0682311856094	28.807059	0.0	38.36507	-18.970184520798494	
27088.871109702635	750.0	5.9976473898854055	0.0	399894.0	4798.092645359377	55.443233	26.636174	0.0	52.23013877627525	
27093.352612760606	750.0	5.516144331915612	0.0	401853.0	4481.503057969793	47.960406	0.0	7.482827	30.016831048248612	
27097.039241794595	750.0	5.829515297929309	0.0	343800.0	3686.629033986303	55.451197	7.4907910000000015	0.0	46.53210385732817	
27098.78431318054	300.0	8.084443911984287	0.0	146754.0	1745.0713859450218	25.355956	0.0	30.095241	-13.118648223618564	
27100.375314779918	300.0	10.493442312604657	0.0	153938.0	1591.001599379631	22.855883	0.0	2.5000730000000004	14.042479268061296	
27104.52917774457	750.0	10.339579347953373	0.0	425781.0	4153.862964651284	65.665965	42.810082	0.0	65.70714635013692	
27106.78636601165	750.0	12.082391080876794	0.0	277716.0	2257.188267076578	68.231907	2.565942000000007	0.0	55.88863627581473	
27113.860650294526	750.0	9.008106797999943	0.0	400396.0	7074.284282876852	69.601487	1.3695799999999991	0.0	56.69205323288801	
27119.679958834753	750.0	7.188798257774335	0.0	400508.0	5819.308540225608	67.821489	0.0	1.7799980000000062	52.88789921294314	
27125.46184612677	750.0	5.406910965753061	0.0	358218.0	5781.8872920212725	64.789531	0.0	3.031958000000003	48.99180250230414	
27130.389995758105	750.0	4.478761334418693	0.0	400322.0	4928.149631334369	60.651768	0.0	4.137763	44.31426861062449	
27133.55859923088	750.0	5.310157861640412	0.0	369834.0	3168.603472778282	68.369339	7.7175709999999995	0.0	57.54006651746116	
27137.944991907018	750.0	4.92376518550199	0.0	412837.0	4386.392676138421	49.996929	0.0	18.372409999999995	20.187729359352712	
27141.101838737824	300.0	5.766918354697101	0.0	179328.0	3156.8468308048896	28.893466	0.0	21.103463	-0.5824608160667033	
27143.529234678714	300.0	7.339522413804491	0.0	159914.0	2427.3959408926103	21.738399	0.0	7.155066999999999	8.157137465372118	
27145.038485155746	300.0	9.83027193677522	0.0	131610.0	1509.25047702927	28.4111	6.672701	0.0	23.388048410401066	
27146.658502350776	300.0	12.21025474174465	0.0	124011.0	1620.0171950305712	21.943337	0.0	6.4677630000000015	9.059928450350393	
27153.359515265463	750.0	9.509241827058679	0.0	378327.0	6701.012914685973	62.32333	40.379993	0.0	62.152167681469585	
27159.922045455827	750.0	6.94671163669591	0.0	390680.0	6562.530190362769	61.525566	0.0	0.7977640000000008	48.59802426280343	
27164.72098668324	750.0	6.14777040928248	0.0	345516.0	4798.941227413429	79.583372	18.057806	0.0	70.11833935431406	
27169.30163294214	750.0	5.56712415038432	0.0	384505.0	4580.64625889816	64.443828	0.0	15.139544	35.852891186903015	
27173.257652849807	1200.0	5.611104242714298	0.0	599477.0	3956.019907670023	71.343181	6.899353000000005	0.0	59.81481088460728	
27178.34942002065	1200.0	4.519337071870838	0.0	634861.0	5091.767170843459	75.003938	3.660757000000004	0.0	61.95010051241022	
27182.061704744414	750.0	4.807052348107774	0.0	398987.0	3712.2847237630635	63.729239	0.0	11.274699000000005	39.34830115448027	
27185.037061211347	750.0	5.83169588117254	0.0	393804.0	2975.3564669352345	62.845425	0.0	0.883814000000001	49.62451534898482	
27189.34571488842	1200.0	5.52304220409951	0.0	538612.0	4308.65367707303	74.51099	11.665565000000008	0.0	63.91782743622792	
27194.659226549305	1200.0	4.209530543214284	0.0	550906.0	5313.511660885226	86.366143	11.855152999999987	0.0	74.01446138471348	
