10650.036536448155	750.0	4.0	3.5388403668140223	450283.0	3538.840366814022	64.858346	0.0	0.0	-49.63715500891994	
10653.620805816163	750.0	4.415730631991942	0.0	398865.0	3584.269368008057	57.017244	0.0	7.841101999999999	37.30694774282116	
10657.159992367537	750.0	4.876544080619018	0.0	350812.0	3539.186551372924	60.430767	3.413523000000005	0.0	49.53439726135709	
10661.0807398727	750.0	4.95579657545445	0.0	382355.0	3920.7475051645692	55.551349	0.0	4.879418000000001	39.207823032133746	
10665.335734439283	750.0	4.700802008871383	0.0	411561.0	4254.994566583066	51.003805	0.0	4.547544000000002	35.708620955217725	
10668.487730843344	750.0	5.54880560480811	0.0	318564.0	3151.996404063273	62.986308	11.982503000000001	0.0	54.252000083560986	
10673.001774584354	750.0	5.034761863798367	0.0	352642.0	4514.043741009743	81.00828	18.021971999999998	0.0	71.31441799403183	
10677.899170479406	1200.0	4.137365968748078	0.0	709534.0	4897.395895050288	82.426144	1.4178639999999945	0.0	67.56765661211375	
10681.025363522742	750.0	5.011172925412196	0.0	374758.0	3126.193043335883	70.789292	0.0	11.63685199999999	44.94322388247148	
10684.105701688437	750.0	5.93083475971736	0.0	362795.0	3080.3381656948363	64.786022	0.0	6.0032700000000006	45.836272051926805	
10687.889242914873	750.0	6.147293533281314	0.0	353220.0	3783.5412264360452	70.008689	5.222667000000001	0.0	58.18502339881593	
10693.641510764492	1200.0	4.395025683662656	0.0	594078.0	5752.267849618658	70.906301	0.8976119999999952	0.0	57.65646860355332	
10697.945557896424	1200.0	4.090978551729652	0.0	624282.0	4304.047131933004	73.534048	2.6277469999999994	0.0	60.397441453335624	
10702.027195577108	1200.0	4.009340871046087	0.0	687371.0	4081.637680683565	70.998108	0.0	2.5359399999999965	54.776127730538505	
10705.289154882905	1200.0	4.747381565248775	0.0	526950.0	3261.9593057973125	67.735752	0.0	3.262355999999997	51.24250829039699	
10708.746291017505	1200.0	5.290245430646946	0.0	587876.0	3457.136134601828	72.569044	4.833292	0.0	60.237368188531434	
10713.314668356508	1200.0	4.721868091645786	0.0	617242.0	4568.37733900116	75.662786	3.0937419999999918	0.0	62.339125264249624	
10715.224960576483	750.0	6.81157587167184	0.0	372963.0	1910.2922199739462	69.564049	0.0	6.098737	49.78149799493421	
10717.454695689337	750.0	8.581840758816906	0.0	405596.0	2229.7351128549326	60.564875	0.0	8.999173999999996	39.08272725573663	
10719.771965190334	750.0	10.264571257820746	0.0	350713.0	2317.2695009961617	67.172129	6.6072539999999975	0.0	56.195305162945644	
10724.110373251942	750.0	9.926163196212809	0.0	386472.0	4338.408061607937	62.777649	0.0	4.3944800000000015	45.8423031210838	
10727.785972896538	750.0	10.250563551618818	0.0	399894.0	3675.5996445939913	55.443233	0.0	7.334415999999997	36.51150936895389	
10732.790236728863	750.0	9.2462997192946	0.0	401853.0	5004.263832324218	47.960406	0.0	7.482827	30.016831048248612	
10737.586242099798	750.0	8.450294348359511	0.0	343800.0	4796.005370935086	55.451197	7.4907910000000015	0.0	46.53210385732817	
10740.103302511696	300.0	9.933233936461624	0.0	146754.0	2517.060411897889	25.355956	0.0	30.095241	-13.118648223618564	
10742.0505723534	300.0	11.98596409475717	0.0	153938.0	1947.2698417044544	22.855883	0.0	2.5000730000000004	14.042479268061296	
10747.799258226203	750.0	10.23727822195453	0.0	425781.0	5748.685872802641	65.665965	42.810082	0.0	65.70714635013692	
10751.650399196431	750.0	10.386137251726176	0.0	277716.0	3851.140970228354	68.231907	2.565942000000007	0.0	55.88863627581473	
10757.052975974919	750.0	8.983560473238281	0.0	400396.0	5402.576778487893	69.601487	1.3695799999999991	0.0	56.69205323288801	
10761.432089782107	750.0	8.604446666049643	0.0	400508.0	4379.113807188638	67.821489	0.0	1.7799980000000062	52.88789921294314	
10766.377183264765	750.0	7.659353183391287	0.0	358218.0	4945.093482658356	64.789531	0.0	3.031958000000003	48.99180250230414	
10772.6108760196	750.0	5.425660428556346	0.0	400322.0	6233.692754834942	60.651768	0.0	4.137763	44.31426861062449	
10777.375539629536	750.0	4.660996818621271	0.0	369834.0	4764.663609935074	68.369339	7.7175709999999995	0.0	57.54006651746116	
10782.338924179816	1200.0	4.0	0.3023877316596981	670129.0	4963.384550280969	62.28877	0.0	6.080568999999997	34.93180147621135	
10784.95824784501	750.0	5.380676334805652	0.0	401088.0	2619.323665194348	69.915275	7.6265049999999945	0.0	58.822186338307795	
10789.139194026135	1200.0	5.1997301536817435	0.0	598727.0	4180.946181123909	77.763467	7.848192000000012	0.0	65.53488519734074	
10792.350045004456	1200.0	5.988879175360615	0.0	487812.0	3210.8509783211284	77.846693	0.08322599999999625	0.0	63.29163035592236	
10796.33131719729	1200.0	6.00760698252663	0.0	575591.0	3981.2721928339847	77.292461	0.0	0.554231999999999	62.20941215869677	
10802.12854049736	1200.0	4.2103836824553	0.0	605884.0	5797.2233000713295	74.001829	0.0	3.290632000000002	56.519254990333565	
10806.577560694532	1200.0	4.0	0.23863651471613959	587506.0	4449.02019717144	72.886388	0.0	1.1154410000000041	51.010705542547925	
10809.22318384364	750.0	5.354376850892347	0.0	345516.0	2645.6231491076533	79.583372	6.6969840000000005	0.0	66.73313750009174	
10813.22744955523	1200.0	5.350111139303253	0.0	641452.0	4004.2657115890934	75.706383	0.0	3.8769889999999947	57.34071953352638	
10816.722256701036	1200.0	5.8553039934965545	0.0	599477.0	3494.8071458066993	71.343181	0.0	4.363202000000001	53.129647516624864	
10820.120803761472	1200.0	6.456756933058955	0.0	634861.0	3398.5470604375996	75.003938	3.660757000000004	0.0	61.95010051241022	
10824.181114002991	1200.0	6.39644669153979	0.0	630203.0	4060.3102415191656	77.745919	2.7419809999999956	0.0	63.99851811947875	
10828.384066280878	1200.0	6.1934944136538554	0.0	638661.0	4202.952277885935	77.309224	0.0	0.4366950000000003	62.348315386019244	
10832.642482419707	1200.0	5.935078274825102	0.0	538612.0	4258.416138828753	74.51099	0.0	2.7982339999999937	57.47289772290094	
10836.759597359298	1200.0	5.81796333523486	0.0	550906.0	4117.114939590242	86.366143	11.855152999999987	0.0	74.01446138471348	
