2468.3337523870264	750.0	4.0	2.100206826790785	450283.0	2100.2068267907853	64.858346	0.0	0.0	-8.210388060984698	
2472.0926404159004	1200.0	4.241111971125794	0.0	611087.0	3758.888028874206	69.839987	4.981640999999996	0.0	57.97033059622316	
2474.7376587478884	1200.0	5.596093639137665	0.0	571051.0	2645.0183319881285	73.587374	3.7473870000000034	0.0	60.77622417883262	
2478.7541826640218	1850.0	5.579569723004472	0.0	933276.0	4016.523916133194	78.955826	5.368452000000005	0.0	65.80580334984123	
2483.1800202572754	1850.0	5.153732129750677	0.0	996749.0	4425.837593253795	75.455188	0.0	3.500637999999995	57.52729019743525	
2487.384518108128	1850.0	4.949234278898443	0.0	801058.0	4204.4978508522345	86.249306	10.794117999999997	0.0	73.59935374672818	
2489.8032685595977	1200.0	6.530483827428628	0.0	561791.0	2418.7504514698144	89.177904	2.928597999999994	0.0	73.73588534977478	
2493.6264449679265	1850.0	6.7073074190996	0.0	1060487.0	3823.1764083290295	90.155937	0.9780329999999964	0.0	73.98296967737969	
2496.553270195385	1850.0	7.780482191641225	0.0	852833.0	2926.8252274583747	90.218296	0.06235900000000072	0.0	73.76293677284315	
2499.8424121081266	1850.0	8.491340278899793	0.0	913888.0	3289.1419127414315	86.733288	0.0	3.4850079999999934	67.09530890568334	
2502.5474798051346	1200.0	9.786272581891438	0.0	607410.0	2705.067697008355	82.096766	0.0	4.636521999999999	61.946878270919974	
2506.466441400096	1850.0	9.867310986930336	0.0	917428.0	3918.9615949611007	82.202545	0.10577899999999829	0.0	66.98732635875223	
2510.5285291091764	1850.0	9.805223277849722	0.0	946851.0	4062.0877090806157	83.629776	1.4272310000000061	0.0	68.58980497651146	
2515.3171458716274	1850.0	9.016606515398268	0.0	1036454.0	4788.6167624514555	80.875505	0.0	2.754271000000003	62.909657170689236	
2519.707100069915	2850.0	8.6266523171106	0.0	1231445.0	4389.954198287667	88.830113	7.954607999999993	0.0	74.9389488095803	
2524.20699929124	1850.0	8.12675309578576	0.0	923170.0	4499.89922132484	83.7301	0.0	5.100013000000004	62.83838720493218	
2529.6306557227613	1850.0	6.703096664264761	0.0	966699.0	5423.656431520999	86.226021	2.49592100000001	0.0	71.10700694933738	
2531.6101003245117	1200.0	8.72365206251448	0.0	581493.0	1979.4446017502798	79.137254	0.0	7.088767000000004	56.83863512869361	
2534.8668104506087	1850.0	9.466941936417157	0.0	987708.0	3256.7101260973227	79.995224	0.8579699999999946	0.0	65.34207530148709	
2537.1956914357143	1200.0	11.138060951311784	0.0	586839.0	2328.880985105371	79.134663	0.0	0.8605609999999899	63.444560336070744	
2539.8333786054563	1200.0	12.500373781569348	0.0	601738.0	2637.687169742437	74.235946	0.0	4.898717000000005	55.01135256729831	
2542.578437058954	1200.0	13.755315328071847	0.0	616206.0	2745.058453497501	68.532883	0.0	5.703063	49.32801204213999	
2545.220694978863	1200.0	15.11305740816293	0.0	656471.0	2642.257919908915	63.455907	0.0	5.076975999999995	45.69259308258809	
2550.1633450932163	1850.0	14.170407293809735	0.0	874175.0	4942.650114353197	80.700778	17.244870999999996	0.0	70.82244021473207	
2556.4081511592512	1200.0	11.925601227774772	0.0	587236.0	6244.806066034962	78.698824	0.0	2.001953999999998	61.86443112432193	
2565.5198852624226	1200.0	6.813867124603206	0.0	590335.0	9111.734103171566	79.644231	0.945407000000003	0.0	65.07087268298653	
2571.2415140508224	1200.0	5.0922383362038754	0.0	696376.0	5721.628788399331	80.745588	1.101356999999993	0.0	66.05008180256124	
2573.8613798370693	1200.0	6.472372549956732	0.0	487160.0	2619.865786247143	80.893459	0.14787099999999498	0.0	65.89120220426116	
2577.6195172030534	1200.0	6.714235183972514	0.0	622896.0	3758.1373659842175	80.053124	0.0	0.8403349999999961	64.24386573042244	
2581.5385583422235	1200.0	6.795194044802252	0.0	641447.0	3919.0411391702614	80.154442	0.10131800000000624	0.0	65.2514564240098	
2583.8728489983814	1200.0	8.46090338864433	0.0	570392.0	2334.290656157924	78.009495	0.0	2.144947000000002	61.12892222454211	
2588.3552484199618	1850.0	7.978503967063651	0.0	954453.0	4482.399421580677	83.67714	5.667644999999993	0.0	69.8934403748377	
2591.3331535335233	1850.0	9.000598853502336	0.0	885062.0	2977.9051135613163	87.533761	3.856621000000004	0.0	72.61998329554336	
2598.532927832799	4300.0	5.800824554226781	0.0	2286761.0	7199.774299275554	99.974277	12.440516000000002	0.0	85.71362656453715	
2602.1438009487388	1850.0	6.189951438287115	0.0	1026056.0	3610.873115939667	97.037422	0.0	2.936854999999994	76.40348103841788	
2605.2088522969025	1850.0	7.124900090123191	0.0	943942.0	3065.0513481639236	90.168439	0.0	6.868983	66.4141484151412	
2608.2836524721756	1850.0	8.050099914849929	0.0	728962.0	3074.800175273262	86.066994	0.0	4.101445000000012	65.87698482373372	
2612.6030877904263	1850.0	7.730664596599227	0.0	938587.0	4319.435318250702	86.593761	0.5267670000000066	0.0	70.83169447059112	
2616.7692452861897	1850.0	7.564507100835523	0.0	908665.0	4166.157495763704	82.415248	0.0	4.178512999999995	62.70254805849999	
2620.375808929194	1850.0	7.957943457831217	0.0	930577.0	3606.563643004306	83.556577	1.141328999999999	0.0	68.44262199794545	
2622.714777753177	1200.0	9.618974633849033	0.0	566904.0	2338.9688239821844	86.974261	3.417683999999994	0.0	72.01535138746164	
2627.43499807147	1850.0	8.898754315555296	0.0	1025005.0	4720.220318293736	85.276808	0.0	1.6974529999999959	67.7584082266182	
2632.76014082989	2850.0	7.573611557135367	0.0	1343002.0	5325.142758419929	87.659279	2.3824709999999953	0.0	72.28702985263917	
2636.057004816947	1850.0	8.276747570078134	0.0	973972.0	3296.8639870572324	84.84845	0.0	2.8108289999999982	66.21434068733927	
2640.4079834476847	1850.0	7.925768939340243	0.0	958994.0	4350.978630737892	87.119023	2.270572999999999	0.0	71.79614403033668	
2645.9251693128917	2850.0	6.40858307413352	0.0	1483527.0	5517.185865206722	95.602302	8.483278999999996	0.0	80.83185204568494	
2651.222796329478	2850.0	5.110956057546789	0.0	1231456.0	5297.627016586731	92.485503	0.0	3.1167990000000003	72.35753544954366	
2656.441473449189	1850.0	4.0	0.10772106216385055	846370.0	5218.67711971064	92.020773	0.0	0.46472999999998876	71.67587092745876	
