5508.998057504819	750.0	4.0	2.7720774829579558	450283.0	2772.077482957956	64.858346	0.0	0.0	-27.557517345725365	
5512.597572694099	1200.0	4.400484810721124	0.0	611087.0	3599.5151892788767	69.839987	4.981640999999996	0.0	57.97033059622316	
5514.818774620214	1200.0	6.179282884606264	0.0	571051.0	2221.201926114859	73.587374	3.7473870000000034	0.0	60.77622417883262	
5518.478895154073	1850.0	6.519162350746756	0.0	933276.0	3660.1205338595087	78.955826	5.368452000000005	0.0	65.80580334984123	
5521.89348099848	1850.0	7.104576506338927	0.0	996749.0	3414.5858444078285	75.455188	0.0	3.500637999999995	57.52729019743525	
5524.532342482838	1200.0	8.465715021980639	0.0	520315.0	2638.861484358289	75.14582	0.0	0.3093680000000063	60.65121996179534	
5526.393274857509	750.0	10.604782647310499	0.0	352642.0	1860.932374670141	81.00828	5.862459999999999	0.0	67.6912292345531	
5529.064112927563	750.0	11.933944577256574	0.0	437162.0	2670.8380700539237	69.475262	0.0	11.533017999999998	43.94053818670605	
5533.347966951393	1200.0	11.650090553426402	0.0	584846.0	4283.854023830172	82.430225	12.954962999999992	0.0	71.00884020240727	
5538.153993381377	1200.0	10.844064123441585	0.0	560821.0	4806.026429984816	76.960357	0.0	5.469867999999991	56.71266867445105	
5540.783341650742	750.0	12.214715854076719	0.0	353220.0	2629.3482693648652	70.008689	0.0	6.951667999999998	49.25310527285025	
5545.1386391541855	1200.0	11.859418350633605	0.0	594078.0	4355.297503443114	70.906301	0.8976119999999952	0.0	57.65646860355332	
5555.392044892725	1200.0	5.606012612094448	0.0	624282.0	10253.405738539157	73.534048	2.6277469999999994	0.0	60.397441453335624	
5560.3814417286085	1200.0	4.616615776210299	0.0	687371.0	4989.3968358841485	70.998108	0.0	2.5359399999999965	54.776127730538505	
5563.8736083570675	1850.0	5.12444914775221	0.0	821631.0	3492.1666284580892	78.494849	7.496741	0.0	66.04957101492738	
5565.57105541452	1200.0	7.427002090299602	0.0	587876.0	1697.4470574526072	72.569044	0.0	5.925804999999997	52.50991222251557	
5569.927759797078	1200.0	7.070297707742413	0.0	617242.0	4356.704382557189	75.662786	3.0937419999999918	0.0	62.339125264249624	
5574.926945894744	1200.0	6.071111610076296	0.0	581493.0	4999.186097666116	79.137254	3.4744680000000017	0.0	65.39510155551699	
5577.796967837583	1850.0	7.201089667236711	0.0	987708.0	2870.0219428395862	79.995224	0.8579699999999946	0.0	65.34207530148709	
5579.474203218708	1200.0	9.523854286111721	0.0	586839.0	1677.2353811249914	79.134663	0.0	0.8605609999999899	63.444560336070744	
5581.235876620525	1200.0	11.762180884294276	0.0	601738.0	1761.6734018174448	74.235946	0.0	4.898717000000005	55.01135256729831	
5582.653277747481	1200.0	14.344779757339035	0.0	616206.0	1417.4011269552418	68.532883	0.0	5.703063	49.32801204213999	
5584.406237790747	1200.0	16.591819714073537	0.0	656471.0	1752.960043265498	63.455907	0.0	5.076975999999995	45.69259308258809	
5586.261916996719	1200.0	18.736140508100963	0.0	536667.0	1855.679205972575	68.420849	4.964942000000001	0.0	56.763485235890926	
5588.426491087793	1200.0	20.57156641702802	0.0	587236.0	2164.574091072941	78.698824	10.277974999999998	0.0	67.05104630050491	
5592.291626820152	1200.0	20.706430684669204	0.0	590335.0	3865.135732358815	79.644231	0.945407000000003	0.0	65.07087268298653	
5601.372437867262	1200.0	15.625619637558456	0.0	696376.0	9080.811047110748	80.745588	1.101356999999993	0.0	66.05008180256124	
5605.688671928154	1200.0	15.309385576667509	0.0	487160.0	4316.234060890947	80.893459	0.14787099999999498	0.0	65.89120220426116	
5619.403877655946	1200.0	5.594179848874135	0.0	622896.0	13715.205727793375	80.053124	0.0	0.8403349999999961	64.24386573042244	
5624.501774746793	1200.0	4.496282758028086	0.0	641447.0	5097.897090846049	80.154442	0.10131800000000624	0.0	65.2514564240098	
5627.323622253259	1200.0	5.67443525156181	0.0	570392.0	2821.847506466276	78.009495	0.0	2.144947000000002	61.12892222454211	
5630.856371532306	1850.0	6.141685972514657	0.0	954453.0	3532.7492790471533	83.67714	5.667644999999993	0.0	69.8934403748377	
5633.119854052288	1200.0	7.878203452531854	0.0	584349.0	2263.4825199828033	79.771897	0.0	3.9052429999999987	60.75383035011878	
5640.681943238106	2850.0	4.316114266713344	0.0	1587293.0	7562.0891858185105	81.858634	2.0867369999999994	0.0	67.28633690010463	
5643.544580853891	1200.0	5.453476650929424	0.0	690253.0	2862.637615783919	87.732581	5.873947000000001	0.0	73.38946994749392	
5647.330615867395	1850.0	5.6674416374249486	0.0	943942.0	3786.035013504476	90.168439	2.4358580000000103	0.0	74.42794802438888	
5650.302576319249	1850.0	6.695481185570154	0.0	728962.0	2971.9604518547944	86.066994	0.0	4.101445000000012	65.87698482373372	
5654.28567589342	1850.0	6.712381611399036	0.0	938587.0	3983.0995741711176	86.593761	0.5267670000000066	0.0	70.83169447059112	
5658.676533015423	1850.0	6.321524489396067	0.0	908665.0	4390.857122002969	82.415248	0.0	4.178512999999995	62.70254805849999	
5662.275673875723	1850.0	6.722383629096226	0.0	930577.0	3599.1408602998413	83.556577	1.141328999999999	0.0	68.44262199794545	
5664.120101047905	1200.0	8.87795645691414	0.0	566904.0	1844.4271721820849	86.974261	3.417683999999994	0.0	72.01535138746164	
5667.565630439414	1850.0	9.432427065404426	0.0	1025005.0	3445.529391509715	85.276808	0.0	1.6974529999999959	67.7584082266182	
5672.9409185467375	2850.0	8.057138958081795	0.0	1343002.0	5375.28810732263	87.659279	2.3824709999999953	0.0	72.28702985263917	
5676.943287472867	1850.0	8.05477003195133	0.0	973972.0	4002.368926130465	84.84845	0.0	2.8108289999999982	66.21434068733927	
5682.085085191564	1850.0	6.912972313254635	0.0	958994.0	5141.7977186966955	87.119023	2.270572999999999	0.0	71.79614403033668	
5687.784336878756	2850.0	5.2137206260622335	0.0	1483527.0	5699.251687192401	95.602302	8.483278999999996	0.0	80.83185204568494	
5691.586631264387	2850.0	5.411426240431223	0.0	1231456.0	3802.2943856310108	92.485503	0.0	3.1167990000000003	72.35753544954366	
5697.035344814378	2850.0	4.0	0.03728730955978608	1364537.0	5448.713549991009	97.895096	5.409593000000001	0.0	80.78402865400261	
