25653.441310439015	750.0	4.0	3.7572090788844412	450283.0	3757.209078884441	64.858346	0.0	0.0	-55.92528154843877	
25656.435036629893	750.0	5.006273809122852	0.0	398865.0	2993.7261908771484	57.017244	0.0	7.841101999999999	37.30694774282116	
25660.347485701226	750.0	5.0938247377886565	0.0	350812.0	3912.449071334195	60.430767	3.413523000000005	0.0	49.53439726135709	
25666.20315868234	750.0	4.0	0.7618482433239969	382355.0	5855.672981112653	55.551349	0.0	4.879418000000001	17.269706932485942	
25669.43967146327	750.0	4.763487219069324	0.0	411561.0	3236.5127809306764	51.003805	0.0	4.547544000000002	35.708620955217725	
25672.132523459943	750.0	6.070635222396313	0.0	318564.0	2692.851996673011	62.986308	11.982503000000001	0.0	54.252000083560986	
25673.639485033695	300.0	8.56367364864174	0.0	153295.0	1506.961573754572	42.291519	0.0	20.694789	11.19796765968998	
25676.471739062847	300.0	9.731419619490888	0.0	173849.0	2832.254029150853	35.451274	0.0	6.840245000000003	20.10461217328575	
25680.62637658432	750.0	9.576782098013627	0.0	374758.0	4154.637521477261	70.789292	35.338018000000005	0.0	67.81963505559679	
25683.721382942218	750.0	10.481775740116584	0.0	362795.0	3095.006357897045	64.786022	0.0	6.0032700000000006	45.836272051926805	
25688.412989629775	750.0	9.790169052558452	0.0	353220.0	4691.606687558132	70.008689	5.222667000000001	0.0	58.18502339881593	
25692.78075228569	300.0	9.422406396645322	0.0	156148.0	4367.762655913132	19.431299	0.0	50.57739000000001	-39.867783698212904	
25696.244711342522	300.0	9.95844733981345	0.0	160746.0	3463.9590568318704	21.445722	2.0144230000000007	0.0	16.101027757711584	
25701.34335102024	300.0	8.859807662090303	0.0	179801.0	5098.6396777231475	23.726678	2.2809559999999998	0.0	18.112191156964666	
25705.394243967847	300.0	8.808914714485622	0.0	140051.0	4050.8929476046806	21.119447	0.0	2.6072309999999987	12.458195192670239	
25708.86572207305	300.0	9.337436609281726	0.0	138313.0	3471.4781052038957	19.984984	0.0	1.1344630000000002	13.060022413833098	
25711.767438068844	300.0	10.435720613487105	0.0	143509.0	2901.7159957946196	18.452936	0.0	1.5320479999999996	11.340692041651348	
25715.77058828395	300.0	10.432570398378854	0.0	150616.0	4003.150215108251	35.116669	16.663733	0.0	32.04404556367689	
25721.39725083341	300.0	8.80590784892142	0.0	165384.0	5626.662549457435	26.310814	0.0	8.805855000000001	10.278036555919055	
25726.53468111845	300.0	7.668477563880813	0.0	140881.0	5137.430285040606	26.782579	0.47176499999999777	0.0	20.161149610747803	
25731.92557586176	300.0	6.277582820573725	0.0	157671.0	5390.894743307088	28.807059	2.0244800000000005	0.0	22.338348860461206	
25736.311273384632	300.0	5.891885297702198	0.0	157812.0	4385.697522871527	21.07483	0.0	7.732229	6.982791919539274	
25739.753618294828	300.0	6.449540387504099	0.0	163927.0	3442.344910198099	16.837774	0.0	4.237055999999999	7.102799135832186	
25742.628174857025	300.0	7.5749838253062	0.0	137654.0	2874.5565621978994	6.466535	0.0	10.371239	-8.188975813003921	
25745.01956889306	300.0	9.183589789271092	0.0	146754.0	2391.3940360351075	25.355956	18.889421	0.0	24.440878712625864	
25746.95284966114	300.0	11.250309021191711	0.0	153938.0	1933.2807680793812	22.855883	0.0	2.5000730000000004	14.042479268061296	
25749.90956756741	300.0	12.293591114917719	0.0	181901.0	2956.717906273993	27.469573	4.613690000000002	0.0	21.977141438694208	
25752.80332001855	300.0	13.399838663780583	0.0	111155.0	2893.7524511371353	12.138089	0.0	15.331484	-8.648544831617672	
25755.629717568874	300.0	14.573441113455159	0.0	153605.0	2826.397550325425	28.256686	16.118596999999998	0.0	26.071883390663423	
25759.238169284807	300.0	14.964989397524073	0.0	149029.0	3608.451715931086	23.365013	0.0	4.891672999999997	11.9361771276123	
25763.982153431803	300.0	14.221005250526757	0.0	157421.0	4743.984146997318	25.589487	2.224473999999997	0.0	19.672976118502646	
25768.935983915842	300.0	13.267174766485248	0.0	157488.0	4953.8304840415085	17.795984	0.0	7.793502999999998	4.1409219906483	
25773.826855317802	300.0	12.376303364526775	0.0	143881.0	4890.871401958474	25.091594	7.29561	0.0	20.762364294012507	
25779.74656142427	300.0	10.456597258061285	0.0	163444.0	5919.70610646549	17.178658	0.0	7.912936000000002	3.491389644148983	
25784.02896048691	300.0	10.174198195416732	0.0	179328.0	4282.399062644554	28.893466	11.714808000000001	0.0	25.298969194880584	
25789.57561425032	300.0	8.62754443200767	0.0	159914.0	5546.653763409061	21.738399	0.0	7.155066999999999	8.157137465372118	
25794.43987526525	300.0	7.763283417081398	0.0	131610.0	4864.261014926273	28.4111	6.672701	0.0	23.388048410401066	
25798.496263703542	300.0	7.706894978784765	0.0	124011.0	4056.388438296633	21.943337	0.0	6.4677630000000015	9.059928450350393	
25806.0679249563	750.0	4.135233726030632	0.0	378327.0	7571.661252754133	62.32333	40.379993	0.0	62.152167681469585	
25809.61702047899	750.0	4.586138203340316	0.0	390680.0	3549.095522690316	61.525566	0.0	0.7977640000000008	48.59802426280343	
25812.12706961096	750.0	6.076089071370418	0.0	345516.0	2510.049131969899	79.583372	18.057806	0.0	70.11833935431406	
25816.39467073347	1200.0	5.808487948861165	0.0	641452.0	4267.6011225092525	75.706383	0.0	3.8769889999999947	57.34071953352638	
25820.17870636852	1200.0	6.0244523138126755	0.0	599477.0	3784.0356350484903	71.343181	0.0	4.363202000000001	53.129647516624864	
25824.7528020866	1200.0	5.450356595725615	0.0	634861.0	4574.09571808706	75.003938	3.660757000000004	0.0	61.95010051241022	
25828.96099472964	1200.0	5.242163952688415	0.0	630203.0	4208.1926430372005	77.745919	2.7419809999999956	0.0	63.99851811947875	
25832.355145357236	1200.0	5.848013325094542	0.0	638661.0	3394.1506275938723	77.309224	0.0	0.4366950000000003	62.348315386019244	
25836.24145207117	1850.0	5.961706611158152	0.0	830730.0	3886.30671393639	84.040637	6.731413000000003	0.0	70.51825899442247	
25840.689760466852	1850.0	5.513398215477137	0.0	846370.0	4448.308395681014	92.020773	7.980136000000002	0.0	77.64872889128998	
