5319.001340820655	750.0	4.0	2.148641230861048	450283.0	2148.641230861048	64.858346	0.0	0.0	-9.605100970047346	
5322.361682391941	1200.0	4.639658428715002	0.0	611087.0	3360.341571284998	69.839987	4.981640999999996	0.0	57.97033059622316	
5327.370109450295	1200.0	4.0	0.36876862963933216	571051.0	5008.427058354334	73.587374	3.7473870000000034	0.0	50.15719462560025	
5330.786212499436	1200.0	4.583896950858269	0.0	617681.0	3416.103049141732	69.474665	0.0	4.112708999999995	51.81297205080018	
5333.95207350587	1200.0	5.4180359444242105	0.0	652874.0	3165.8610064340583	64.23322	0.0	5.241444999999999	46.176398894182356	
5337.283752411824	1200.0	6.086357038470351	0.0	520315.0	3331.6789059538596	75.14582	10.912599999999998	0.0	64.23110350586552	
5339.053007444487	750.0	8.317102005807103	0.0	352642.0	1769.255032663248	81.00828	5.862459999999999	0.0	67.6912292345531	
5342.1598762011545	1200.0	9.21023324913985	0.0	709534.0	3106.868756667252	82.426144	1.4178639999999945	0.0	67.56765661211375	
5344.546571507071	1200.0	10.82353794322323	0.0	584846.0	2386.6953059166203	82.430225	0.004080999999999335	0.0	67.14984568949134	
5348.746369241254	1850.0	10.62374020904127	0.0	913888.0	4199.79773418196	86.733288	4.303063000000009	0.0	72.0750888505126	
5351.181366229862	1200.0	12.188743220432604	0.0	607410.0	2434.996988608664	82.096766	0.0	4.636521999999999	61.946878270919974	
5355.508474922535	1850.0	11.861634527759449	0.0	917428.0	4327.108692673157	82.202545	0.10577899999999829	0.0	66.98732635875223	
5359.607447319184	1850.0	11.762662131110993	0.0	946851.0	4098.972396648456	83.629776	1.4272310000000061	0.0	68.58980497651146	
5364.737919086964	1850.0	10.632190363330643	0.0	1036454.0	5130.47176778035	80.875505	0.0	2.754271000000003	62.909657170689236	
5372.258485361765	2850.0	7.111624088529321	0.0	1231445.0	7520.566274801322	88.830113	7.954607999999993	0.0	74.9389488095803	
5375.485913303427	1850.0	7.884196146867331	0.0	923170.0	3227.42794166199	83.7301	0.0	5.100013000000004	62.83838720493218	
5379.048278508153	1850.0	8.321830942141654	0.0	966699.0	3562.365204725676	86.226021	2.49592100000001	0.0	71.10700694933738	
5382.5014310227825	1200.0	8.86867842751189	0.0	581493.0	3453.152514629765	79.137254	0.0	7.088767000000004	56.83863512869361	
5386.3572513030085	1850.0	9.012858147285833	0.0	987708.0	3855.820280226056	79.995224	0.8579699999999946	0.0	65.34207530148709	
5388.322885164725	1200.0	11.047224285569015	0.0	586839.0	1965.6338617168187	79.134663	0.0	0.8605609999999899	63.444560336070744	
5390.923712098651	1200.0	12.446397351643853	0.0	601738.0	2600.8269339251615	74.235946	0.0	4.898717000000005	55.01135256729831	
5393.060434164669	1200.0	14.309675285626474	0.0	616206.0	2136.722066017379	68.532883	0.0	5.703063	49.32801204213999	
5396.409210115606	1200.0	14.96089933468874	0.0	656471.0	3348.775950937734	63.455907	0.0	5.076975999999995	45.69259308258809	
5401.324797342465	1850.0	14.045312107829838	0.0	874175.0	4915.5872268589	80.700778	17.244870999999996	0.0	70.82244021473207	
5405.909276481317	1200.0	13.460832968978615	0.0	587236.0	4584.479138851224	78.698824	0.0	2.001953999999998	61.86443112432193	
5411.394238502697	1200.0	11.975870947598334	0.0	590335.0	5484.96202138028	79.644231	0.945407000000003	0.0	65.07087268298653	
5416.224197161095	1200.0	11.145912289201103	0.0	696376.0	4829.9586583972305	80.745588	1.101356999999993	0.0	66.05008180256124	
5421.954721218361	1200.0	9.415388231935209	0.0	487160.0	5730.524057265895	80.893459	0.14787099999999498	0.0	65.89120220426116	
5430.326977477926	1200.0	5.043131972369405	0.0	622896.0	8372.256259565804	80.053124	0.0	0.8403349999999961	64.24386573042244	
5433.25308102694	1200.0	6.117028423356189	0.0	641447.0	2926.1035490132163	80.154442	0.10131800000000624	0.0	65.2514564240098	
5436.432038206306	1850.0	6.938071243989356	0.0	873429.0	3178.9571793668324	87.120667	6.966224999999994	0.0	73.19670708740219	
5443.055929079921	1850.0	4.314180370374293	0.0	954453.0	6623.890873615062	83.67714	0.0	3.443527000000003	64.551065096847	
5446.632495777672	1200.0	4.737613672623149	0.0	584349.0	3576.566697751144	79.771897	0.0	3.9052429999999987	60.75383035011878	
5449.129753036349	1850.0	6.2403564139461425	0.0	1035329.0	2497.2572586770066	71.430146	0.0	8.341751000000002	48.982062277546724	
5451.058007578461	1200.0	8.312101871833507	0.0	690253.0	1928.254542112636	87.732581	16.302435000000003	0.0	76.4968627852952	
5453.490271728545	1850.0	9.87983772175039	0.0	943942.0	2432.264150083118	90.168439	2.4358580000000103	0.0	74.42794802438888	
5454.801881528752	1200.0	12.568227921542846	0.0	487812.0	1311.609800207543	77.846693	0.0	12.321746000000005	50.193472792442776	
5455.788549525425	750.0	15.581559924869703	0.0	361565.0	986.6679966731419	66.788635	0.0	11.058058000000003	42.16916284841154	
5457.861124332704	1200.0	17.50898511759087	0.0	605884.0	2072.5748072788356	74.001829	7.213194000000001	0.0	62.15993849268205	
5460.093866931285	1200.0	19.276242519009205	0.0	587506.0	2232.742598581665	72.886388	0.0	1.1154410000000041	57.88246197348263	
5462.130901131641	750.0	21.23920831865371	0.0	345516.0	2037.0342003554938	79.583372	6.6969840000000005	0.0	66.73313750009174	
5470.954389653162	1200.0	16.415719797132464	0.0	641452.0	8823.488521521247	75.706383	0.0	3.8769889999999947	57.34071953352638	
5476.245056421649	1200.0	15.125053028646212	0.0	599477.0	5290.666768486251	71.343181	0.0	4.363202000000001	53.129647516624864	
5489.487089768916	1200.0	5.883019681378355	0.0	634861.0	13242.033347267858	75.003938	3.660757000000004	0.0	61.95010051241022	
5495.366974153461	1200.0	4.003135296833569	0.0	630203.0	5879.884384544786	77.745919	2.7419809999999956	0.0	63.99851811947875	
5498.6132469674185	1200.0	4.756862482876646	0.0	638661.0	3246.272813956922	77.309224	0.0	0.4366950000000003	62.348315386019244	
5503.225653770348	2850.0	4.144455679946667	0.0	1231456.0	4612.40680292998	92.485503	15.176278999999994	0.0	80.18655519518603	
5506.225980021862	1850.0	5.144129428433173	0.0	846370.0	3000.3262515134943	92.020773	0.0	0.46472999999998876	74.7777973135027	
