26232.04197140074	750.0	4.0	3.3429362672757508	450283.0	3342.9362672757507	64.858346	0.0	0.0	-43.99591750823857	
26235.07277120728	750.0	4.96920019346033	0.0	398865.0	3030.79980653967	57.017244	0.0	7.841101999999999	37.30694774282116	
26237.756530503397	750.0	6.285440897346153	0.0	350812.0	2683.7592961141772	60.430767	3.413523000000005	0.0	49.53439726135709	
26242.32847686753	1200.0	5.713494533209861	0.0	617681.0	4571.946364136292	69.474665	9.043897999999999	0.0	58.87137604797988	
26247.739307683092	1850.0	4.302663717649786	0.0	996749.0	5410.830815560075	75.455188	5.980523000000005	0.0	63.023488927640194	
26251.810796079913	1850.0	4.231175320825315	0.0	801058.0	4071.4883968244712	86.249306	10.794117999999997	0.0	73.59935374672818	
26253.4378557813	750.0	6.604115619440927	0.0	352642.0	1627.0597013843883	81.00828	0.0	5.241026000000005	60.38366021927487	
26256.65150948145	1200.0	7.390461919288664	0.0	709534.0	3213.653700152263	82.426144	1.4178639999999945	0.0	67.56765661211375	
26259.17865815459	1200.0	8.863313246150769	0.0	584846.0	2527.1486731378955	82.430225	0.004080999999999335	0.0	67.14984568949134	
26261.572083243627	1200.0	10.469888157112718	0.0	560821.0	2393.42508903805	76.960357	0.0	5.469867999999991	56.71266867445105	
26263.332384662448	750.0	12.709586738289655	0.0	353220.0	1760.3014188230625	70.008689	0.0	6.951667999999998	49.25310527285025	
26265.493378448926	750.0	14.548592951811823	0.0	405134.0	2160.993786477833	59.00323	0.0	11.005459000000002	35.63150226952917	
26268.299905733453	750.0	15.742065667285813	0.0	386351.0	2806.5272845260097	59.358241	0.3550109999999975	0.0	47.71472422025977	
26271.46573007428	750.0	16.57624132645801	0.0	434409.0	3165.824340827804	56.692976	0.0	2.665264999999998	42.523882025230556	
26275.212482743686	750.0	16.829488657054497	0.0	337059.0	3746.752669403511	54.76216	0.0	1.930816	41.66792139000558	
26280.015120916163	750.0	16.026850484576855	0.0	366214.0	4802.638172477644	58.858709	4.096548999999996	0.0	48.406541934633836	
26283.385260041694	750.0	16.656711359042223	0.0	360831.0	3370.1391255346334	60.531124	1.6724150000000009	0.0	49.100589048161304	
26287.48229526071	750.0	16.559676140028518	0.0	372963.0	4097.0352190137055	69.564049	9.032924999999999	0.0	58.9438058139744	
26295.54098833657	1200.0	12.500983064168864	0.0	639204.0	8058.693075859653	72.000653	2.4366040000000027	0.0	59.041852363208044	
26305.166023192956	1200.0	6.875948207779338	0.0	586839.0	9625.034856389526	79.134663	7.1340100000000035	0.0	66.48334667339239	
26310.006490220938	1200.0	6.035481179797061	0.0	601738.0	4840.467027982278	74.235946	0.0	4.898717000000005	55.01135256729831	
26313.83940054568	1200.0	6.2025708550570124	0.0	616206.0	3832.9103247400476	68.532883	0.0	5.703063	49.32801204213999	
26318.130506257396	1200.0	5.911465143341704	0.0	656471.0	4291.105711715309	63.455907	0.0	5.076975999999995	45.69259308258809	
26323.36936769383	1850.0	4.672603706907652	0.0	874175.0	5238.861436434052	80.700778	17.244870999999996	0.0	70.82244021473207	
26326.38578231744	1200.0	5.656189083295772	0.0	587236.0	3016.41462361188	78.698824	0.0	2.001953999999998	61.86443112432193	
26329.254302502817	1200.0	6.787668897916753	0.0	590335.0	2868.520185379019	79.644231	0.945407000000003	0.0	65.07087268298653	
26332.120701738135	1200.0	7.921269662602596	0.0	696376.0	2866.399235314158	80.745588	1.101356999999993	0.0	66.05008180256124	
26334.661136704388	1200.0	9.38083469634932	0.0	487160.0	2540.434966253275	80.893459	0.14787099999999498	0.0	65.89120220426116	
26336.63517167845	750.0	11.406799722289826	0.0	400396.0	1974.0349740594959	69.601487	0.0	11.291971999999987	44.303187811671584	
26338.41862639863	750.0	13.623345002110975	0.0	400508.0	1783.4547201788491	67.821489	0.0	1.7799980000000062	52.88789921294314	
26340.178385142804	750.0	15.863586257938419	0.0	358218.0	1759.7587441725557	64.789531	0.0	3.031958000000003	48.99180250230414	
26343.178057223744	750.0	16.86391417699615	0.0	400322.0	2999.6720809422673	60.651768	0.0	4.137763	44.31426861062449	
26346.2592208552	750.0	17.78275054553661	0.0	369834.0	3081.163631459537	68.369339	7.7175709999999995	0.0	57.54006651746116	
26353.04222905728	1200.0	14.999742343461836	0.0	670129.0	6783.008202074777	62.28877	0.0	6.080568999999997	43.639332434497476	
26359.681060024766	750.0	12.360911375973128	0.0	401088.0	6638.830967488708	69.915275	7.6265049999999945	0.0	58.822186338307795	
26368.197876353872	1200.0	7.844095046870189	0.0	598727.0	8516.81632910294	77.763467	7.848192000000012	0.0	65.53488519734074	
26374.31467912282	1200.0	5.727292277919581	0.0	487812.0	6116.802768950608	77.846693	0.08322599999999625	0.0	63.29163035592236	
26379.479208626923	750.0	4.562762773818566	0.0	361565.0	5164.529504101015	66.788635	0.0	11.058058000000003	42.16916284841154	
26383.205463274808	750.0	4.836508125932445	0.0	378327.0	3726.25464788612	62.32333	0.0	4.465305000000001	45.38239461526515	
26386.177295713926	750.0	5.864675686814815	0.0	390680.0	2971.8324391176297	61.525566	0.0	0.7977640000000008	48.59802426280343	
26388.84686610322	750.0	7.195105297516862	0.0	345516.0	2669.5703892979536	79.583372	18.057806	0.0	70.11833935431406	
26393.456128855065	1200.0	6.585842545673784	0.0	641452.0	4609.262751843077	75.706383	0.0	3.8769889999999947	57.34071953352638	
26397.80992225339	1200.0	6.232049147349361	0.0	599477.0	4353.793398324423	71.343181	0.0	4.363202000000001	53.129647516624864	
26402.16148035388	750.0	5.88049104685913	0.0	438281.0	4351.5581004902315	62.327504	0.0	9.015677000000004	40.55799003037691	
26405.51799540591	750.0	6.523975994829302	0.0	398987.0	3356.515052029828	63.729239	1.4017350000000022	0.0	51.728421217727	
26410.993673524972	750.0	5.048297875767736	0.0	393804.0	5475.678119061565	62.845425	0.0	0.883814000000001	49.62451534898482	
26415.48311502278	1200.0	4.558856377962935	0.0	538612.0	4489.441497804802	74.51099	11.665565000000008	0.0	63.91782743622792	
26419.44641932213	1200.0	4.595552078610793	0.0	550906.0	3963.304299352142	86.366143	11.855152999999987	0.0	74.01446138471348	
