11411.393422386216	750.0	4.0	3.0006457348380566	450283.0	3000.645734838057	64.858346	0.0	0.0	-34.1393489511396	
11414.069160909386	750.0	5.324261476829477	0.0	398865.0	2675.7385231705234	57.017244	0.0	7.841101999999999	37.30694774282116	
11416.428613083322	750.0	6.964809302894167	0.0	350812.0	2359.4521739353095	60.430767	3.413523000000005	0.0	49.53439726135709	
11420.001037792084	750.0	7.3923845941304265	0.0	382355.0	3572.424708763741	55.551349	0.0	4.879418000000001	39.207823032133746	
11427.074784634477	1200.0	4.318637751739388	0.0	652874.0	7073.746842391039	64.23322	8.681871000000001	0.0	54.32451676193826	
11430.418027970858	1200.0	4.9753944153581	0.0	520315.0	3343.243336381288	75.14582	10.912599999999998	0.0	64.23110350586552	
11432.658654647008	750.0	6.734767739207974	0.0	352642.0	2240.6266761501256	81.00828	5.862459999999999	0.0	67.6912292345531	
11438.262188227292	1200.0	5.131234158923923	0.0	709534.0	5603.533580284051	82.426144	1.4178639999999945	0.0	67.56765661211375	
11443.350896517868	1200.0	4.0425258683497685	0.0	584846.0	5088.7082905741545	82.430225	0.004080999999999335	0.0	67.14984568949134	
11446.09091675273	1200.0	5.302505633487546	0.0	560821.0	2740.0202348622224	76.960357	0.0	5.469867999999991	56.71266867445105	
11447.677907352321	750.0	7.7155150338953975	0.0	353220.0	1586.9905995921492	70.008689	0.0	6.951667999999998	49.25310527285025	
11450.352506245585	1200.0	9.040916140631628	0.0	594078.0	2674.5988932637683	70.906301	0.8976119999999952	0.0	57.65646860355332	
11452.973103071556	1200.0	10.420319314661457	0.0	624282.0	2620.596825970171	73.534048	2.6277469999999994	0.0	60.397441453335624	
11456.15781376673	1200.0	11.235608619487818	0.0	687371.0	3184.7106951736387	70.998108	0.0	2.5359399999999965	54.776127730538505	
11459.558638781024	1850.0	11.834783605192861	0.0	821631.0	3400.8250142949573	78.494849	7.496741	0.0	66.04957101492738	
11462.993835714573	1200.0	12.399586671643444	0.0	587876.0	3435.1969335494155	72.569044	0.0	5.925804999999997	52.50991222251557	
11466.535891830135	1200.0	12.857530556081917	0.0	617242.0	3542.056115561528	75.662786	3.0937419999999918	0.0	62.339125264249624	
11470.279311356442	1200.0	13.114111029775414	0.0	581493.0	3743.4195263065058	79.137254	3.4744680000000017	0.0	65.39510155551699	
11479.255980688524	1850.0	8.137441697694781	0.0	987708.0	8976.669332080632	79.995224	0.8579699999999946	0.0	65.34207530148709	
11484.615277902381	1200.0	6.778144483836653	0.0	586839.0	5359.297213858129	79.134663	0.0	0.8605609999999899	63.444560336070744	
11487.955372490826	1200.0	7.438049895393424	0.0	601738.0	3340.094588443228	74.235946	0.0	4.898717000000005	55.01135256729831	
11492.732492846113	1850.0	6.660929540105882	0.0	955231.0	4777.120355287541	79.031768	4.795822000000001	0.0	65.69949125877463	
11497.852572537488	1850.0	5.540849848731501	0.0	968026.0	5120.079691374382	73.123347	0.0	5.908421000000004	52.99779644730492	
11502.585216982783	1850.0	4.80820540343499	0.0	874175.0	4732.644445296511	80.700778	7.577431000000004	0.0	67.94181803672566	
11505.763817108373	1200.0	5.6296052778459	0.0	587236.0	3178.60012558909	78.698824	0.0	2.001953999999998	61.86443112432193	
11508.87419390747	1200.0	6.519228478748192	0.0	590335.0	3110.3767990977076	79.644231	0.945407000000003	0.0	65.07087268298653	
11512.244981879341	1200.0	7.148440506878047	0.0	696376.0	3370.7879718701456	80.745588	1.101356999999993	0.0	66.05008180256124	
11514.600465539927	1200.0	8.792956846292352	0.0	487160.0	2355.4836605856954	80.893459	0.14787099999999498	0.0	65.89120220426116	
11518.748353720248	1200.0	8.645068665972143	0.0	622896.0	4147.888180320209	80.053124	0.0	0.8403349999999961	64.24386573042244	
11523.713157293801	1200.0	7.680265092417173	0.0	641447.0	4964.80357355497	80.154442	0.10131800000000624	0.0	65.2514564240098	
11528.665578935947	1200.0	6.727843450271762	0.0	570392.0	4952.421642145411	78.009495	0.0	2.144947000000002	61.12892222454211	
11533.684454469058	1200.0	5.70896791716223	0.0	620283.0	5018.875533109532	72.909556	0.0	5.099939000000006	53.67453510265016	
11536.792676204328	1200.0	6.600746181891078	0.0	584349.0	3108.2217352711527	79.771897	6.862341000000001	0.0	66.94207121321617	
11540.514270595637	1200.0	6.879151790582955	0.0	670129.0	3721.5943913081232	62.28877	0.0	17.483126999999996	31.541231281388015	
11542.430210296703	750.0	8.963212089514876	0.0	401088.0	1915.9397010680775	69.915275	7.6265049999999945	0.0	58.822186338307795	
11545.150033302538	1200.0	10.243389083680324	0.0	598727.0	2719.823005834553	77.763467	7.848192000000012	0.0	65.53488519734074	
11547.395600607444	1200.0	11.997821778775004	0.0	487812.0	2245.5673049053207	77.846693	0.08322599999999625	0.0	63.29163035592236	
11550.594333528717	1200.0	12.799088857501266	0.0	575591.0	3198.732921273738	77.292461	0.0	0.554231999999999	62.20941215869677	
11557.69560379436	1200.0	9.697818591858454	0.0	605884.0	7101.270265642812	74.001829	0.0	3.290632000000002	56.519254990333565	
11565.768369979283	1200.0	5.625052406935227	0.0	587506.0	8072.766184923226	72.886388	0.0	1.1154410000000041	57.88246197348263	
11568.635837278758	750.0	6.757585107461083	0.0	345516.0	2867.4672994741427	79.583372	6.6969840000000005	0.0	66.73313750009174	
11571.652327023365	1200.0	7.741095362853439	0.0	641452.0	3016.4897446076448	75.706383	0.0	3.8769889999999947	57.34071953352638	
11574.558297343094	1200.0	8.835125043123407	0.0	599477.0	2905.970319730032	71.343181	0.0	4.363202000000001	53.129647516624864	
11577.234770380124	1200.0	10.158652006092161	0.0	634861.0	2676.4730370312454	75.003938	3.660757000000004	0.0	61.95010051241022	
11580.52431406021	1200.0	10.86910832600604	0.0	630203.0	3289.5436800861207	77.745919	2.7419809999999956	0.0	63.99851811947875	
11586.430373494402	1200.0	8.963048891814793	0.0	638661.0	5906.059434191247	77.309224	0.0	0.4366950000000003	62.348315386019244	
11594.980353322637	1850.0	4.413069063580389	0.0	830730.0	8549.979828234404	84.040637	6.731413000000003	0.0	70.51825899442247	
11598.4421480735	1200.0	4.951274312716411	0.0	550906.0	3461.7947508639795	86.366143	2.32550599999999	0.0	71.17489760187416	
