378.2048993028996	750.0	4.0	1.8710689380755445	450283.0	1871.0689380755446	64.858346	0.0	0.0	-1.612153242550761	
381.3933269659609	1850.0	4.811572336938687	0.0	957685.0	3188.4276630613126	81.460624	16.602278	0.0	71.27448018930758	
383.7370545790678	1850.0	6.467844723831776	0.0	877771.0	2343.727613106911	82.465457	1.004833000000005	0.0	67.47787934365968	
386.27673466514693	1850.0	7.928164637752642	0.0	933276.0	2539.6800860791345	78.955826	0.0	3.509630999999999	60.48244280749914	
392.1432461808377	2850.0	6.061653122061869	0.0	1472558.0	5866.511515690772	85.928154	6.9723280000000045	0.0	72.18858503636858	
395.16824280800887	1850.0	7.036656494890724	0.0	801058.0	3024.996627171146	86.249306	0.3211519999999979	0.0	70.47870772988122	
396.85742952830896	1200.0	9.347469774590634	0.0	561791.0	1689.1867203000904	89.177904	2.928597999999994	0.0	73.73588534977478	
399.8657916361488	1850.0	10.339107666750817	0.0	1060487.0	3008.3621078398173	90.155937	0.9780329999999964	0.0	73.98296967737969	
402.2864772180023	1850.0	11.918422084897308	0.0	852833.0	2420.6855818535078	90.218296	0.06235900000000072	0.0	73.76293677284315	
405.4782761897176	1850.0	12.726623113182066	0.0	913888.0	3191.7989717152436	86.733288	0.0	3.4850079999999934	67.09530890568334	
407.556305506608	1200.0	14.648593796291646	0.0	607410.0	2078.029316890421	82.096766	0.0	4.636521999999999	61.946878270919974	
410.3163066188788	1850.0	15.88859268402082	0.0	917428.0	2760.001112270825	82.202545	0.10577899999999829	0.0	66.98732635875223	
412.8695472676854	1850.0	17.335352035214214	0.0	946851.0	2553.2406488066026	83.629776	1.4272310000000061	0.0	68.58980497651146	
416.5008063548902	1850.0	17.704092948009436	0.0	1036454.0	3631.2590872047813	80.875505	0.0	2.754271000000003	62.909657170689236	
420.8593940093214	2850.0	17.345505293578174	0.0	1231445.0	4358.58765443126	88.830113	7.954607999999993	0.0	74.9389488095803	
424.63695558130564	1850.0	17.567943721593924	0.0	923170.0	3777.5615719842494	83.7301	0.0	5.100013000000004	62.83838720493218	
427.39241649995637	1200.0	18.81248280294319	0.0	617242.0	2755.4609186507337	75.662786	0.0	8.067313999999996	52.857867096336925	
429.862520559392	1200.0	20.342378743507595	0.0	581493.0	2470.104059435598	79.137254	3.4744680000000017	0.0	65.39510155551699	
433.9716925295389	1850.0	20.23320677336068	0.0	987708.0	4109.171970146913	79.995224	0.8579699999999946	0.0	65.34207530148709	
437.68630156096265	1200.0	20.51859774193698	0.0	586839.0	3714.609031423703	79.134663	0.0	0.8605609999999899	63.444560336070744	
444.49176763993364	1200.0	17.713131662966013	0.0	601738.0	6805.466078970962	74.235946	0.0	4.898717000000005	55.01135256729831	
446.58811598917566	1200.0	19.61678331372394	0.0	616206.0	2096.348349242075	68.532883	0.0	5.703063	49.32801204213999	
455.3335766697991	1200.0	14.871322633100565	0.0	656471.0	8745.460680623375	63.455907	0.0	5.076975999999995	45.69259308258809	
459.9957636305521	1200.0	14.209135672347486	0.0	536667.0	4662.186960753079	68.420849	4.964942000000001	0.0	56.763485235890926	
462.81602593299766	750.0	15.388873369901923	0.0	359903.0	2820.2623024455625	66.786337	0.0	1.6345120000000009	52.16558832707676	
468.28368761759725	1200.0	13.921211685302362	0.0	590335.0	5467.66168459956	79.644231	12.857894000000002	0.0	68.62045501785624	
474.05941904005346	1200.0	12.145480262846135	0.0	696376.0	5775.731422456227	80.745588	1.101356999999993	0.0	66.05008180256124	
478.7594163906268	1200.0	11.445482912272762	0.0	487160.0	4699.997350573372	80.893459	0.14787099999999498	0.0	65.89120220426116	
484.50342007462797	1200.0	9.701479228271596	0.0	622896.0	5744.003684001166	80.053124	0.0	0.8403349999999961	64.24386573042244	
492.17587134633715	1200.0	6.0290279565624365	0.0	641447.0	7672.45127170916	80.154442	0.10131800000000624	0.0	65.2514564240098	
497.00430237464235	1200.0	5.200596928257215	0.0	570392.0	4828.431028305222	78.009495	0.0	2.144947000000002	61.12892222454211	
499.9493851905592	750.0	6.2555141123403315	0.0	400322.0	2945.082815916883	60.651768	0.0	17.357727000000004	30.28790174518381	
503.00494098179934	750.0	7.199958321100208	0.0	369834.0	3055.555791240123	68.369339	7.7175709999999995	0.0	57.54006651746116	
508.2712100702224	1200.0	5.933689232677118	0.0	670129.0	5266.269088423091	62.28877	0.0	6.080568999999997	43.639332434497476	
511.6740731154691	750.0	6.530826187430423	0.0	401088.0	3402.863045246694	69.915275	7.6265049999999945	0.0	58.822186338307795	
516.3397554541966	1200.0	5.865143848702918	0.0	598727.0	4665.682338727505	77.763467	7.848192000000012	0.0	65.53488519734074	
520.1508754432955	1200.0	6.0540238596040785	0.0	487812.0	3811.1199890988396	77.846693	0.08322599999999625	0.0	63.29163035592236	
523.1715701101388	750.0	7.033329192760835	0.0	361565.0	3020.694666843243	66.788635	0.0	11.058058000000003	42.16916284841154	
526.4670077321033	750.0	7.737891570796223	0.0	378327.0	3295.437621964612	62.32333	0.0	4.465305000000001	45.38239461526515	
530.6325250806814	750.0	7.572374222218178	0.0	390680.0	4165.517348578045	61.525566	0.0	0.7977640000000008	48.59802426280343	
534.2056939559856	750.0	7.999205346914023	0.0	345516.0	3573.168875304156	79.583372	18.057806	0.0	70.11833935431406	
539.0555743552218	1200.0	7.1493249476778455	0.0	641452.0	4849.880399236177	75.706383	0.0	3.8769889999999947	57.34071953352638	
542.9186071279504	1200.0	7.286292174949293	0.0	599477.0	3863.0327727285535	71.343181	0.0	4.363202000000001	53.129647516624864	
547.5711481536384	1200.0	6.633751149261215	0.0	634861.0	4652.541025688078	75.003938	3.660757000000004	0.0	61.95010051241022	
552.5096894099089	1200.0	5.69520989299075	0.0	630203.0	4938.541256270465	77.745919	2.7419809999999956	0.0	63.99851811947875	
557.3442677300086	1200.0	4.860631572891175	0.0	638661.0	4834.578320099575	77.309224	0.0	0.4366950000000003	62.348315386019244	
562.0862268779135	1200.0	4.118672424986128	0.0	538612.0	4741.959147905047	74.51099	0.0	2.7982339999999937	57.47289772290094	
564.6233784184974	750.0	5.581520884402331	0.0	314107.0	2537.151540583797	75.210559	0.6995689999999968	0.0	61.242738256780044	
