566.7685058228693	750.0	4.0	2.1451274043719923	450283.0	2145.1274043719923	64.858346	0.0	0.0	-9.503917126484765	
568.7879828957955	750.0	5.9805229270739275	0.0	398865.0	2019.477072926073	57.017244	0.0	7.841101999999999	37.30694774282116	
574.1085107302002	750.0	4.65999509266922	0.0	350812.0	5320.527834404707	60.430767	3.413523000000005	0.0	49.53439726135709	
578.4987106979568	750.0	4.2697951249126485	0.0	382355.0	4390.199967756572	55.551349	0.0	4.879418000000001	39.207823032133746	
581.9165093587588	750.0	4.851996464110622	0.0	411561.0	3417.798660802027	51.003805	0.0	4.547544000000002	35.708620955217725	
586.4923965707538	1200.0	4.276109252115481	0.0	520315.0	4575.88721199514	75.14582	24.142015	0.0	68.1730929313029	
589.5815649367636	750.0	5.18694088610578	0.0	352642.0	3089.1683660097015	81.00828	5.862459999999999	0.0	67.6912292345531	
593.1907287462304	750.0	5.577777076638944	0.0	437162.0	3609.1638094668365	69.475262	0.0	11.533017999999998	43.94053818670605	
596.2423305271614	750.0	6.526175295708025	0.0	374758.0	3051.6017809309196	70.789292	1.3140300000000025	0.0	57.681454273815504	
600.0664178785314	750.0	6.702087944337997	0.0	362795.0	3824.087351370027	64.786022	0.0	6.0032700000000006	45.836272051926805	
603.1499928057856	750.0	7.618513017083806	0.0	353220.0	3083.5749272541916	70.008689	5.222667000000001	0.0	58.18502339881593	
607.5508110635224	750.0	7.217694759347105	0.0	405134.0	4400.818257736701	59.00323	0.0	11.005459000000002	35.63150226952917	
612.3840452172385	750.0	6.384460605631014	0.0	386351.0	4833.234153716091	59.358241	0.3550109999999975	0.0	47.71472422025977	
616.2773603842566	750.0	6.491145438612973	0.0	434409.0	3893.3151670180414	56.692976	0.0	2.665264999999998	42.523882025230556	
620.3870185170791	1200.0	6.381487305790314	0.0	526950.0	4109.658132822658	67.735752	11.042776000000003	0.0	57.99429751138527	
624.9867598197402	1200.0	5.781746003129326	0.0	587876.0	4599.741302660988	72.569044	4.833292	0.0	60.237368188531434	
629.7754722824075	1200.0	4.9930335404620845	0.0	617242.0	4788.712462667241	75.662786	3.0937419999999918	0.0	62.339125264249624	
632.901979405663	750.0	5.866526417206446	0.0	372963.0	3126.507123255639	69.564049	0.0	6.098737	49.78149799493421	
636.1782670608496	750.0	6.590238762019986	0.0	405596.0	3276.2876551864592	60.564875	0.0	8.999173999999996	39.08272725573663	
639.0785546002547	750.0	7.689951222614844	0.0	350713.0	2900.287539405143	67.172129	6.6072539999999975	0.0	56.195305162945644	
642.1635126803938	750.0	8.60499314247587	0.0	386472.0	3084.958080138975	62.777649	0.0	4.3944800000000015	45.8423031210838	
645.3005778213625	750.0	9.46792800150708	0.0	399894.0	3137.0651409687885	55.443233	0.0	7.334415999999997	36.51150936895389	
651.7834728675888	1200.0	6.985032955280867	0.0	656471.0	6482.895046226213	63.455907	8.012674000000004	0.0	53.466807853156645	
657.0926982171566	1200.0	5.675807605713014	0.0	536667.0	5309.225349567853	68.420849	4.964942000000001	0.0	56.763485235890926	
659.8217070847145	750.0	6.946798738155099	0.0	359903.0	2729.008867557915	66.786337	0.0	1.6345120000000009	52.16558832707676	
662.0949381745728	750.0	8.673567648296741	0.0	379700.0	2273.2310898583587	66.676537	0.0	0.109800000000007	53.69031629537219	
665.359060515257	750.0	9.409445307612481	0.0	425781.0	3264.122340684259	65.665965	0.0	1.0105719999999963	51.87874368281537	
667.4332520074528	750.0	11.335253815416761	0.0	277716.0	2074.1914921957195	68.231907	2.565942000000007	0.0	55.88863627581473	
670.342491036085	750.0	12.426014786784563	0.0	400396.0	2909.2390286321993	69.601487	1.3695799999999991	0.0	56.69205323288801	
673.5764798168061	750.0	13.192026006063381	0.0	400508.0	3233.988780721181	67.821489	0.0	1.7799980000000062	52.88789921294314	
677.9186061511514	1200.0	12.849899671718166	0.0	570392.0	4342.126334345215	78.009495	10.188006000000001	0.0	66.44044460886136	
681.2893120057468	750.0	13.479193817122702	0.0	400322.0	3370.705854595462	60.651768	0.0	17.357727000000004	30.28790174518381	
684.5800150838447	750.0	14.188490739024695	0.0	369834.0	3290.703078098007	68.369339	7.7175709999999995	0.0	57.54006651746116	
690.5990542489511	1200.0	12.169451573918344	0.0	670129.0	6019.03916510635	62.28877	0.0	6.080568999999997	43.639332434497476	
695.7783229146497	750.0	10.990182908219788	0.0	401088.0	5179.268665698556	69.915275	7.6265049999999945	0.0	58.822186338307795	
700.1553037009832	750.0	10.613202121886319	0.0	365161.0	4376.980786333469	60.276519	0.0	9.638755999999994	38.15992246287269	
703.8208275764941	750.0	10.94767824637533	0.0	321064.0	3665.5238755109895	67.040505	6.763985999999996	0.0	56.13053433110116	
707.2594130750985	750.0	11.50909274777108	0.0	361565.0	3438.585498604251	66.788635	0.0	0.2518699999999967	53.6345161054191	
711.1973978778476	750.0	11.57110794502189	0.0	378327.0	3937.9848027491894	62.32333	0.0	4.465305000000001	45.38239461526515	
715.7904874840881	750.0	10.978018338781526	0.0	390680.0	4593.0896062403635	61.525566	0.0	0.7977640000000008	48.59802426280343	
720.5852002384287	750.0	10.183305584440891	0.0	345516.0	4794.712754340635	79.583372	18.057806	0.0	70.11833935431406	
722.790618621945	300.0	11.977887200924485	0.0	161857.0	2205.4183835164067	26.901789	0.0	52.681582999999996	-35.7735638949358	
724.7918541269801	300.0	13.976651695889448	0.0	145210.0	2001.2355050350354	23.926655	0.0	2.9751340000000006	14.445278068529426	
727.3765702337118	300.0	15.391935589157704	0.0	172312.0	2584.716106731745	26.146503	2.219847999999999	0.0	20.143335165183682	
731.0826431300477	300.0	15.685862692821836	0.0	167025.0	3706.0728963358674	26.908827	0.7623239999999996	0.0	20.354647499322645	
736.111341738585	300.0	14.657164084284519	0.0	160064.0	5028.698608537318	27.591437	0.6826100000000004	0.0	20.908998154259805	
741.3983419086692	300.0	13.370163914200363	0.0	137507.0	5287.000170084157	25.36694	0.0	2.2244969999999995	16.461482028123115	
752.8051282680659	750.0	5.963377554803757	0.0	314107.0	11406.786359396605	75.210559	49.843619000000004	0.0	75.88626749999804	
