5700.826786544616	750.0	4.0	3.791441730238546	450283.0	3791.441730238546	64.858346	0.0	0.0	-56.911042015022566	
5704.943872302158	1200.0	4.0	0.11708575754125378	611087.0	4117.085757541254	69.839987	4.981640999999996	0.0	54.598739252324954	
5708.701336395337	1200.0	4.24253590682021	0.0	571051.0	3757.4640931797894	73.587374	3.7473870000000034	0.0	60.77622417883262	
5712.5066660017	1200.0	4.437206300457823	0.0	617681.0	3805.329606362388	69.474665	0.0	4.112708999999995	51.81297205080018	
5716.055931847183	1850.0	4.887940454974525	0.0	996749.0	3549.265845483298	75.455188	5.980523000000005	0.0	63.023488927640194	
5719.223193068531	1850.0	5.720679233626295	0.0	801058.0	3167.2612213482294	86.249306	10.794117999999997	0.0	73.59935374672818	
5722.711788043705	1200.0	6.232084258451536	0.0	561791.0	3488.594975174759	89.177904	2.928597999999994	0.0	73.73588534977478	
5726.736778734829	1200.0	6.207093567328427	0.0	709534.0	4024.9906911231083	82.426144	0.0	6.751760000000004	59.981563733654696	
5729.918585290855	1200.0	7.02528701130283	0.0	584846.0	3181.8065560255973	82.430225	0.004080999999999335	0.0	67.14984568949134	
5732.48704357232	1200.0	8.456828729837811	0.0	560821.0	2568.458281465019	76.960357	0.0	5.469867999999991	56.71266867445105	
5735.14251649559	750.0	9.801355806567718	0.0	353220.0	2655.472923270092	70.008689	0.0	6.951667999999998	49.25310527285025	
5738.64048241191	1200.0	10.303389890248333	0.0	594078.0	3497.9659163193865	70.906301	0.8976119999999952	0.0	57.65646860355332	
5743.008064998871	1200.0	9.935807303286524	0.0	624282.0	4367.582586961809	73.534048	2.6277469999999994	0.0	60.397441453335624	
5746.763913625241	750.0	10.179958676917197	0.0	434409.0	3755.848626369327	56.692976	0.0	16.841071999999997	27.483366816892467	
5752.79173341623	1200.0	8.152138885927602	0.0	526950.0	6027.819790989594	67.735752	11.042776000000003	0.0	57.99429751138527	
5759.387743183795	1200.0	5.556129118363332	0.0	587876.0	6596.00976756427	72.569044	4.833292	0.0	60.237368188531434	
5764.133824215707	1200.0	4.810048086450687	0.0	617242.0	4746.081031912645	75.662786	3.0937419999999918	0.0	62.339125264249624	
5766.907235201765	750.0	6.036637100393389	0.0	372963.0	2773.410986057298	69.564049	0.0	6.098737	49.78149799493421	
5770.618440040269	1200.0	6.325432261889602	0.0	639204.0	3711.2048385037874	72.000653	2.4366040000000027	0.0	59.041852363208044	
5775.233487718533	1200.0	5.71038458362552	0.0	586839.0	4615.047678264083	79.134663	7.1340100000000035	0.0	66.48334667339239	
5779.26730650583	1200.0	5.676565796328374	0.0	601738.0	4033.818787297146	74.235946	0.0	4.898717000000005	55.01135256729831	
5782.213734054279	1200.0	6.730138247880237	0.0	616206.0	2946.427548448137	68.532883	0.0	5.703063	49.32801204213999	
5786.384348104105	1200.0	6.559524198053285	0.0	656471.0	4170.614049826952	63.455907	0.0	5.076975999999995	45.69259308258809	
5790.052792804373	1200.0	6.891079497785429	0.0	536667.0	3668.4447002678558	68.420849	4.964942000000001	0.0	56.763485235890926	
5792.941267433859	750.0	8.002604868299223	0.0	359903.0	2888.4746294862075	66.786337	0.0	1.6345120000000009	52.16558832707676	
5796.136967221174	750.0	8.806905080984551	0.0	379700.0	3195.699787314671	66.676537	0.0	0.109800000000007	53.69031629537219	
5800.772116967469	750.0	8.171755334690122	0.0	425781.0	4635.149746294428	65.665965	0.0	1.0105719999999963	51.87874368281537	
5803.782596284788	750.0	9.16127601737091	0.0	277716.0	3010.4793173192143	68.231907	2.565942000000007	0.0	55.88863627581473	
5808.126489723748	750.0	8.817382578411289	0.0	400396.0	4343.893438959621	69.601487	1.3695799999999991	0.0	56.69205323288801	
5812.113185030968	750.0	8.830687271190275	0.0	400508.0	3986.6953072210144	67.821489	0.0	1.7799980000000062	52.88789921294314	
5814.973555734022	750.0	9.970316568137203	0.0	358218.0	2860.3707030530713	64.789531	0.0	3.031958000000003	48.99180250230414	
5818.779662508153	750.0	10.16420979400612	0.0	400322.0	3806.106774131083	60.651768	0.0	4.137763	44.31426861062449	
5823.277267599089	750.0	9.66660470306925	0.0	369834.0	4497.605090936869	68.369339	7.7175709999999995	0.0	57.54006651746116	
5828.130727436772	750.0	8.813144865386912	0.0	412837.0	4853.459837682337	49.996929	0.0	18.372409999999995	20.187729359352712	
5830.60444009453	300.0	10.339432207628407	0.0	179328.0	2473.712657758503	28.893466	0.0	21.103463	-0.5824608160667033	
5832.43130129108	300.0	12.512571011078524	0.0	159914.0	1826.8611965498835	21.738399	0.0	7.155066999999999	8.157137465372118	
5834.397187206304	300.0	14.546685095855388	0.0	131610.0	1965.8859152231357	28.4111	6.672701	0.0	23.388048410401066	
5836.288503620531	300.0	16.655368681628826	0.0	124011.0	1891.3164142265646	21.943337	0.0	6.4677630000000015	9.059928450350393	
5842.364020612155	750.0	14.57985169000414	0.0	378327.0	6075.516991624683	62.32333	40.379993	0.0	62.152167681469585	
5849.129067478298	750.0	11.814804823862032	0.0	390680.0	6765.046866142108	61.525566	0.0	0.7977640000000008	48.59802426280343	
5858.206153263615	750.0	6.737719038544252	0.0	345516.0	9077.08578531778	79.583372	18.057806	0.0	70.11833935431406	
5864.070113662131	750.0	4.873758640028152	0.0	384505.0	5863.9603985161	64.443828	0.0	15.139544	35.852891186903015	
5867.578966189616	750.0	5.364906112542756	0.0	372093.0	3508.8525274853955	58.879512	0.0	5.564315999999998	41.299771933747785	
5872.001504701376	750.0	4.9423676007834345	0.0	438281.0	4422.538511759321	62.327504	3.4479919999999993	0.0	51.15101669476942	
5875.878256104825	750.0	5.065616197334624	0.0	398987.0	3876.7514034488113	63.729239	1.4017350000000022	0.0	51.728421217727	
5878.691305170769	750.0	6.252567131390884	0.0	393804.0	2813.0490659437387	62.845425	0.0	0.883814000000001	49.62451534898482	
5883.2032162674	1200.0	5.740656034759091	0.0	538612.0	4511.911096631793	74.51099	11.665565000000008	0.0	63.91782743622792	
5887.467555848636	1200.0	5.476316453523915	0.0	550906.0	4264.339581235176	86.366143	11.855152999999987	0.0	74.01446138471348	
