21987.350673240333	750.0	4.0	6.8100179178166504	450283.0	6810.017917816651	64.858346	0.0	0.0	-143.8337007453099	
21990.053924221687	750.0	5.296749018646054	0.0	398865.0	2703.2509813539464	57.017244	0.0	7.841101999999999	37.30694774282116	
21992.686349950152	750.0	6.664323290179551	0.0	350812.0	2632.4257284665027	60.430767	3.413523000000005	0.0	49.53439726135709	
21995.362289208177	750.0	7.988384032156366	0.0	382355.0	2675.9392580231843	55.551349	0.0	4.879418000000001	39.207823032133746	
21999.986469067597	1200.0	7.36420417273708	0.0	652874.0	4624.179859419287	64.23322	8.681871000000001	0.0	54.32451676193826	
22002.319874656587	750.0	9.03079858374546	0.0	318564.0	2333.40558899162	62.986308	0.0	1.2469120000000018	49.35858274895686	
22005.491890228615	750.0	9.858783011720847	0.0	352642.0	3172.015572024612	81.00828	18.021971999999998	0.0	71.31441799403183	
22009.188009438454	750.0	10.16266380188004	0.0	437162.0	3696.119209840807	69.475262	0.0	11.533017999999998	43.94053818670605	
22011.933706539367	750.0	11.41696670096839	0.0	374758.0	2745.6971009116514	70.789292	1.3140300000000025	0.0	57.681454273815504	
22015.006059819283	750.0	12.344613421050605	0.0	362795.0	3072.353279917784	64.786022	0.0	6.0032700000000006	45.836272051926805	
22017.611577658576	750.0	13.7390955817603	0.0	353220.0	2605.517839290306	70.008689	5.222667000000001	0.0	58.18502339881593	
22022.394038890576	1200.0	12.956634349762597	0.0	594078.0	4782.461231997703	70.906301	0.8976119999999952	0.0	57.65646860355332	
22029.609611865642	1200.0	9.741061374691661	0.0	624282.0	7215.572975070936	73.534048	2.6277469999999994	0.0	60.397441453335624	
22037.353993641787	1200.0	5.996679598547818	0.0	687371.0	7744.381776143843	70.998108	0.0	2.5359399999999965	54.776127730538505	
22042.314207978357	1200.0	5.036465261976702	0.0	526950.0	4960.214336571115	67.735752	0.0	3.262355999999997	51.24250829039699	
22045.984345082703	750.0	5.3663281576292485	0.0	366214.0	3670.1371043474537	58.858709	0.0	8.877043000000008	37.767354246545985	
22049.643471842126	750.0	5.707201398207231	0.0	360831.0	3659.1267594220167	60.531124	1.6724150000000009	0.0	49.100589048161304	
22053.12451570752	750.0	6.226157532808526	0.0	372963.0	3481.0438653987057	69.564049	9.032924999999999	0.0	58.9438058139744	
22056.944304016193	750.0	6.4063692241411205	0.0	405596.0	3819.7883086674046	60.564875	0.0	8.999173999999996	39.08272725573663	
22060.093330796015	750.0	7.257342444319098	0.0	350713.0	3149.026779822023	67.172129	6.6072539999999975	0.0	56.195305162945644	
22061.630887723204	300.0	9.719785517129656	0.0	157671.0	1537.5569271894421	28.807059	0.0	38.36507	-18.970184520798494	
22063.149739126722	300.0	12.2009341136119	0.0	157812.0	1518.8514035177552	21.07483	0.0	7.732229	6.982791919539274	
22065.295628451895	300.0	14.055044788439147	0.0	163927.0	2145.8893251727523	16.837774	0.0	4.237055999999999	7.102799135832186	
22070.551854382167	750.0	12.798818858164644	0.0	343800.0	5256.225930274502	55.451197	38.613423	0.0	55.805763065674086	
22074.393682218415	750.0	12.95699102191766	0.0	359903.0	3841.827836246984	66.786337	11.335140000000003	0.0	57.277353060696605	
22078.448048985247	750.0	12.902624255083527	0.0	379700.0	4054.366766834134	66.676537	0.0	0.109800000000007	53.69031629537219	
22083.00916502003	750.0	12.341508220299085	0.0	425781.0	4561.116034784442	65.665965	0.0	1.0105719999999963	51.87874368281537	
22086.41685142241	750.0	12.933821817920352	0.0	277716.0	3407.6864023787325	68.231907	2.565942000000007	0.0	55.88863627581473	
22095.77884570168	750.0	7.571827538649999	0.0	400396.0	9361.994279270353	69.601487	1.3695799999999991	0.0	56.69205323288801	
22103.38894815278	750.0	4.0	0.03827491245181045	400508.0	7610.1024511018095	67.821489	0.0	1.7799980000000062	51.78573814552623	
22106.354976656876	750.0	5.033971495903822	0.0	358218.0	2966.028504096178	64.789531	0.0	3.031958000000003	48.99180250230414	
22109.12072553747	750.0	6.268222615312421	0.0	400322.0	2765.748880591401	60.651768	0.0	4.137763	44.31426861062449	
22115.00566565064	1200.0	4.3832825021405935	0.0	584349.0	5884.940113171828	79.771897	19.120129	0.0	70.59454342572545	
22119.2856049475	1200.0	4.103343205281091	0.0	670129.0	4279.939296859502	62.28877	0.0	17.483126999999996	31.541231281388015	
22121.602782227394	750.0	5.786165925386271	0.0	401088.0	2317.17727989482	69.915275	7.6265049999999945	0.0	58.822186338307795	
22125.32580158608	1200.0	6.063146566697525	0.0	598727.0	3723.019358688746	77.763467	7.848192000000012	0.0	65.53488519734074	
22128.95507181383	1200.0	6.433876338949946	0.0	487812.0	3629.270227747579	77.846693	0.08322599999999625	0.0	63.29163035592236	
22132.225234882342	750.0	7.163713270436181	0.0	361565.0	3270.163068513766	66.788635	0.0	11.058058000000003	42.16916284841154	
22137.235736051793	1200.0	6.153212100986158	0.0	605884.0	5010.501169450023	74.001829	7.213194000000001	0.0	62.15993849268205	
22142.65070510569	1200.0	4.738243047089652	0.0	587506.0	5414.969053896506	72.886388	0.0	1.1154410000000041	57.88246197348263	
22145.428079869107	750.0	5.9608682836743245	0.0	345516.0	2777.374763415327	79.583372	6.6969840000000005	0.0	66.73313750009174	
22147.86220993942	750.0	7.526738213359317	0.0	384505.0	2434.1300703150087	64.443828	0.0	15.139544	35.852891186903015	
22151.784434592115	750.0	7.6045135606611005	0.0	372093.0	3922.224652698216	58.879512	0.0	5.564315999999998	41.299771933747785	
22156.636052783164	1200.0	6.752895369612841	0.0	634861.0	4851.618191048259	75.003938	16.124426000000007	0.0	65.66391940766388	
22162.00839269429	1200.0	5.380555458487456	0.0	630203.0	5372.339911125385	77.745919	2.7419809999999956	0.0	63.99851811947875	
22166.82785834589	1200.0	4.56108980688877	0.0	638661.0	4819.465651598686	77.309224	0.0	0.4366950000000003	62.348315386019244	
22170.62442168998	1200.0	4.764526462797346	0.0	538612.0	3796.5633440914235	74.51099	0.0	2.7982339999999937	57.47289772290094	
22174.959918930166	1200.0	4.4290292226129715	0.0	550906.0	4335.497240184375	86.366143	11.855152999999987	0.0	74.01446138471348	
