6458.526770299529	750.0	4.0	3.252274383373264	450283.0	3252.2743833732643	64.858346	0.0	0.0	-41.385225743448764	
6461.547612580504	1200.0	4.979157719024059	0.0	611087.0	3020.842280975941	69.839987	4.981640999999996	0.0	57.97033059622316	
6463.787553889158	1200.0	6.739216410371382	0.0	571051.0	2239.941308652676	73.587374	3.7473870000000034	0.0	60.77622417883262	
6466.996913707304	1850.0	7.52985659222445	0.0	933276.0	3209.3598181469324	78.955826	5.368452000000005	0.0	65.80580334984123	
6473.178498677415	2850.0	5.348271622113524	0.0	1472558.0	6181.5849701109255	85.928154	6.9723280000000045	0.0	72.18858503636858	
6477.069240757378	1850.0	5.457529542150156	0.0	801058.0	3890.7420799633683	86.249306	0.3211519999999979	0.0	70.47870772988122	
6478.929121720652	1200.0	7.597648578875742	0.0	561791.0	1859.8809632744135	89.177904	2.928597999999994	0.0	73.73588534977478	
6482.960301966251	1850.0	7.5664683332765215	0.0	1060487.0	4031.1802455992206	90.155937	0.9780329999999964	0.0	73.98296967737969	
6488.497951899413	1850.0	6.028818400114624	0.0	852833.0	5537.649933161897	90.218296	0.06235900000000072	0.0	73.76293677284315	
6492.429812599357	1850.0	6.096957700170578	0.0	913888.0	3931.860699944046	86.733288	0.0	3.4850079999999934	67.09530890568334	
6494.868054904818	1200.0	7.658715394709787	0.0	607410.0	2438.242305460791	82.096766	0.0	4.636521999999999	61.946878270919974	
6498.671831044778	1850.0	7.8549392547503505	0.0	917428.0	3803.7761399594365	82.202545	0.10577899999999829	0.0	66.98732635875223	
6502.130984807444	1850.0	8.395785492082748	0.0	946851.0	3459.1537626676013	83.629776	1.4272310000000061	0.0	68.58980497651146	
6506.628466710581	1850.0	7.898303588945598	0.0	1036454.0	4497.48190313715	80.875505	0.0	2.754271000000003	62.909657170689236	
6511.132115151299	1850.0	7.394655148227548	0.0	821631.0	4503.648440718051	78.494849	0.0	2.380656000000002	61.28988207838268	
6515.5877423803795	1200.0	6.93902791914712	0.0	587876.0	4455.627229080428	72.569044	0.0	5.925804999999997	52.50991222251557	
6519.798141080425	1200.0	6.728629219101365	0.0	617242.0	4210.398700045755	75.662786	3.0937419999999918	0.0	62.339125264249624	
6524.144383199794	1200.0	6.382387099732271	0.0	581493.0	4346.242119369094	79.137254	3.4744680000000017	0.0	65.39510155551699	
6527.909788010432	1200.0	6.616982289095194	0.0	639204.0	3765.4048106370765	72.000653	0.0	7.136600999999999	50.743888071584934	
6530.47433345571	1200.0	8.052436843817107	0.0	586839.0	2564.545445278087	79.134663	7.1340100000000035	0.0	66.48334667339239	
6533.380232560124	1200.0	9.146537739403223	0.0	601738.0	2905.8991044138843	74.235946	0.0	4.898717000000005	55.01135256729831	
6536.67981356727	1200.0	9.846956732257198	0.0	616206.0	3299.5810071460255	68.532883	0.0	5.703063	49.32801204213999	
6545.091434397438	1850.0	5.435335902088526	0.0	968026.0	8411.620830168673	73.123347	4.590463999999997	0.0	60.634452170993036	
6549.245602658619	1850.0	5.281167640907837	0.0	874175.0	4154.168261180688	80.700778	7.577431000000004	0.0	67.94181803672566	
6551.20756187009	1200.0	7.319208429437354	0.0	587236.0	1961.9592114704838	78.698824	0.0	2.001953999999998	61.86443112432193	
6554.694715299487	1200.0	7.8320550000396105	0.0	590335.0	3487.153429397743	79.644231	0.945407000000003	0.0	65.07087268298653	
6557.258219448282	1200.0	9.268550851244683	0.0	696376.0	2563.5041487949266	80.745588	1.101356999999993	0.0	66.05008180256124	
6560.012920864617	1200.0	10.513849434910652	0.0	487160.0	2754.7014163340327	80.893459	0.14787099999999498	0.0	65.89120220426116	
6562.759153617328	1200.0	11.767616682199314	0.0	622896.0	2746.2327527113384	80.053124	0.0	0.8403349999999961	64.24386573042244	
6568.1081418666145	1850.0	10.418628432913566	0.0	975811.0	5348.988249285746	89.334885	9.281761000000003	0.0	75.76189462139817	
6574.949901046453	1850.0	7.576869253074458	0.0	873429.0	6841.7591798391095	87.120667	0.0	2.2142180000000025	68.77168736090755	
6581.175475533481	1850.0	5.351294766045564	0.0	954453.0	6225.574487028894	83.67714	0.0	3.443527000000003	64.551065096847	
6583.86903489855	1200.0	6.6577354009765655	0.0	584349.0	2693.5593650689975	79.771897	0.0	3.9052429999999987	60.75383035011878	
6590.238646610468	2850.0	4.288123689058908	0.0	1587293.0	6369.611711917658	81.858634	2.0867369999999994	0.0	67.28633690010463	
6592.582079206511	1200.0	5.94469109301615	0.0	690253.0	2343.4325960427577	87.732581	5.873947000000001	0.0	73.38946994749392	
6595.888991505236	1850.0	6.637778794290443	0.0	943942.0	3306.9122987257074	90.168439	2.4358580000000103	0.0	74.42794802438888	
6597.776161357544	1850.0	8.75060894198248	0.0	728962.0	1887.1698523079647	86.066994	0.0	4.101445000000012	65.87698482373372	
6599.444876068229	1200.0	11.081894231297582	0.0	575591.0	1668.714710684897	77.292461	0.0	8.774532999999991	53.4876820866369	
6601.605012811615	1200.0	12.921757487911702	0.0	605884.0	2160.1367433858804	74.001829	0.0	3.290632000000002	56.519254990333565	
6605.706514380387	1200.0	12.820255919139974	0.0	587506.0	4101.501568771728	72.886388	0.0	1.1154410000000041	57.88246197348263	
6609.154946836855	750.0	13.371823462671896	0.0	345516.0	3448.432456468077	79.583372	6.6969840000000005	0.0	66.73313750009174	
6616.349746008847	1200.0	10.17702429067911	0.0	641452.0	7194.799171992788	75.706383	0.0	3.8769889999999947	57.34071953352638	
6621.8308170189275	1850.0	8.695953280600069	0.0	886255.0	5481.071010079041	78.86339	3.157006999999993	0.0	65.06857148325741	
6629.443414225487	1850.0	5.083356074039745	0.0	973972.0	7612.597206560323	84.84845	5.985060000000004	0.0	70.98000474499611	
6634.230947454118	1850.0	4.295822845408896	0.0	958994.0	4787.533228630849	87.119023	2.270572999999999	0.0	71.79614403033668	
6638.321053658022	1850.0	4.205716641505499	0.0	982064.0	4090.106203903397	86.680563	0.0	0.4384599999999921	70.28304003058662	
6642.4862471868455	2850.0	4.040523112682084	0.0	1231456.0	4165.193528823414	92.485503	5.804939999999988	0.0	77.39416269406718	
6645.555682809483	1850.0	4.97108749004442	0.0	846370.0	3069.4356226376653	92.020773	0.0	0.46472999999998876	74.7777973135027	
