2088.416147104577	750.0	4.0	2.993897582587049	450283.0	2993.897582587049	64.858346	0.0	0.0	-33.94502974276971	
2091.7767062628236	1200.0	4.639440841753496	0.0	611087.0	3360.559158246504	69.839987	4.981640999999996	0.0	57.97033059622316	
2094.4657322072476	1850.0	5.950414897329138	0.0	877771.0	2689.0259444243575	82.465457	12.625470000000007	0.0	70.94049867874341	
2099.2412264148375	2850.0	5.174920689739337	0.0	1520281.0	4775.494207589802	89.788956	7.323498999999998	0.0	75.56294146774755	
2103.371531952179	2850.0	5.044615152397756	0.0	1472558.0	4130.305537341581	85.928154	0.0	3.8608019999999925	66.01472302608317	
2106.1798083464087	1850.0	6.236338758167895	0.0	801058.0	2808.276394229862	86.249306	0.3211519999999979	0.0	70.47870772988122	
2108.1445671246142	1200.0	8.271579979962773	0.0	561791.0	1964.7587782051214	89.177904	2.928597999999994	0.0	73.73588534977478	
2111.696893660856	1850.0	8.71925344372069	0.0	1060487.0	3552.326536242082	90.155937	0.9780329999999964	0.0	73.98296967737969	
2114.6994310549358	1850.0	9.716716049641068	0.0	852833.0	3002.537394079621	90.218296	0.06235900000000072	0.0	73.76293677284315	
2117.8869263344113	1850.0	10.529220770165512	0.0	913888.0	3187.4952794755573	86.733288	0.0	3.4850079999999934	67.09530890568334	
2120.292161244115	1200.0	12.123985860461875	0.0	607410.0	2405.2349097036363	82.096766	0.0	4.636521999999999	61.946878270919974	
2124.080698945182	1850.0	12.335448159394717	0.0	917428.0	3788.5377010671573	82.202545	0.10577899999999829	0.0	66.98732635875223	
2129.702410164188	2850.0	10.713736940388676	0.0	1422919.0	5621.711219006039	93.510922	11.308376999999993	0.0	79.90245888137983	
2135.7986541748796	2850.0	8.617492929697063	0.0	1578343.0	6096.244010691614	91.568178	0.0	1.9427439999999905	72.82632292630404	
2140.5627226158635	2850.0	7.853424488713031	0.0	1231445.0	4764.0684409840305	88.830113	0.0	2.738065000000006	69.66361798364525	
2144.0271232751033	1850.0	8.389023829473278	0.0	923170.0	3464.4006592397545	83.7301	0.0	5.100013000000004	62.83838720493218	
2147.715571775622	1850.0	8.70057532895511	0.0	966699.0	3688.4485005181673	86.226021	2.49592100000001	0.0	71.10700694933738	
2150.3147352969495	1200.0	10.101411807627489	0.0	581493.0	2599.1635213276204	79.137254	0.0	7.088767000000004	56.83863512869361	
2154.649547213885	1850.0	9.766599890691959	0.0	987708.0	4334.81191693553	79.995224	0.8579699999999946	0.0	65.34207530148709	
2156.984216711658	1200.0	11.43193039291893	0.0	586839.0	2334.6694977730285	79.134663	0.0	0.8605609999999899	63.444560336070744	
2159.3861039735725	1200.0	13.030043131004222	0.0	601738.0	2401.8872619147087	74.235946	0.0	4.898717000000005	55.01135256729831	
2163.4272355525236	1850.0	12.988911552052926	0.0	955231.0	4041.1315789512955	79.031768	4.795822000000001	0.0	65.69949125877463	
2167.46257001637	1850.0	12.953577088206433	0.0	968026.0	4035.3344638464937	73.123347	0.0	5.908421000000004	52.99779644730492	
2171.6797396722177	1850.0	12.736407432359128	0.0	874175.0	4217.169655847305	80.700778	7.577431000000004	0.0	67.94181803672566	
2175.5986905221407	1200.0	12.817456582436051	0.0	587236.0	3918.9508499230787	78.698824	0.0	2.001953999999998	61.86443112432193	
2178.9696557636425	1200.0	13.44649134093431	0.0	590335.0	3370.9652415017417	79.644231	0.945407000000003	0.0	65.07087268298653	
2183.3000616121144	1200.0	13.116085492462288	0.0	696376.0	4330.4058484720235	80.745588	1.101356999999993	0.0	66.05008180256124	
2185.730423656285	1200.0	14.685723448291904	0.0	487160.0	2430.362044170383	80.893459	0.14787099999999498	0.0	65.89120220426116	
2189.4432532678343	1200.0	14.972893836742129	0.0	622896.0	3712.829611549777	80.053124	0.0	0.8403349999999961	64.24386573042244	
2194.621176547714	1200.0	13.794970556862692	0.0	641447.0	5177.923279879437	80.154442	0.10131800000000624	0.0	65.2514564240098	
2201.404435243237	1850.0	11.011711861339862	0.0	873429.0	6783.258695522831	87.120667	6.966224999999994	0.0	73.19670708740219	
2204.840669647602	1850.0	11.575477456974111	0.0	954453.0	3436.234404365751	83.67714	0.0	3.443527000000003	64.551065096847	
2208.381258801645	1850.0	12.034888302931757	0.0	885062.0	3540.589154042354	87.533761	3.856621000000004	0.0	72.61998329554336	
2217.6669302838095	4300.0	6.749216820767004	0.0	2286761.0	9285.671482164753	99.974277	12.440516000000002	0.0	85.71362656453715	
2222.2293620320497	1850.0	6.186785072526801	0.0	1026056.0	4562.431748240203	97.037422	0.0	2.936854999999994	76.40348103841788	
2225.76071245966	1850.0	6.655434644916505	0.0	943942.0	3531.350427610296	90.168439	0.0	6.868983	66.4141484151412	
2228.64245867169	1850.0	7.773688432886575	0.0	728962.0	2881.7462120299297	86.066994	0.0	4.101445000000012	65.87698482373372	
2232.8213198697163	1850.0	7.594827234860313	0.0	938587.0	4178.861198026262	86.593761	0.5267670000000066	0.0	70.83169447059112	
2237.4144651440865	1850.0	7.0016819604899805	0.0	908665.0	4593.145274370333	82.415248	0.0	4.178512999999995	62.70254805849999	
2241.131580532135	1850.0	7.2845665724418005	0.0	930577.0	3717.1153880481797	83.556577	1.141328999999999	0.0	68.44262199794545	
2243.3673335159583	1200.0	9.048813588618502	0.0	566904.0	2235.752983823298	86.974261	3.417683999999994	0.0	72.01535138746164	
2247.5846145308196	1850.0	8.831532573757384	0.0	1025005.0	4217.281014861119	85.276808	0.0	1.6974529999999959	67.7584082266182	
2252.283074491791	2850.0	8.13307261278603	0.0	1343002.0	4698.459960971353	87.659279	2.3824709999999953	0.0	72.28702985263917	
2255.856709739753	1850.0	8.559437364824161	0.0	973972.0	3573.635247961869	84.84845	0.0	2.8108289999999982	66.21434068733927	
2259.527440345797	1850.0	8.888706758779964	0.0	958994.0	3670.730606044197	87.119023	2.270572999999999	0.0	71.79614403033668	
2263.032503971095	1850.0	9.383643133482122	0.0	982064.0	3505.0636252978416	86.680563	0.0	0.4384599999999921	70.28304003058662	
2268.1247090871607	2850.0	8.291438017416574	0.0	1231456.0	5092.205116065547	92.485503	5.804939999999988	0.0	77.39416269406718	
2274.2783081584103	2850.0	6.137838946167148	0.0	1364537.0	6153.599071249427	97.895096	5.409593000000001	0.0	81.85775079398817	
