8161.346058941687	750.0	4.0	2.752351768226307	450283.0	2752.351768226307	64.858346	0.0	0.0	-26.989497370981645	
8164.175103658797	750.0	5.17095528289082	0.0	398865.0	2829.0447171091805	57.017244	0.0	7.841101999999999	37.30694774282116	
8166.42862656346	750.0	6.917432378227826	0.0	350812.0	2253.5229046629934	60.430767	3.413523000000005	0.0	49.53439726135709	
8167.520108898242	750.0	9.825950043445326	0.0	382355.0	1091.4823347825	55.551349	0.0	4.879418000000001	39.207823032133746	
8173.357030141504	1200.0	7.989028800183683	0.0	652874.0	5836.921243261642	64.23322	8.681871000000001	0.0	54.32451676193826	
8176.887581028003	750.0	8.458477913683899	0.0	318564.0	3530.550886499784	62.986308	0.0	1.2469120000000018	49.35858274895686	
8181.8339010314385	750.0	7.512157910248574	0.0	352642.0	4946.320003435325	81.00828	18.021971999999998	0.0	71.31441799403183	
8184.936301500233	750.0	8.409757441454385	0.0	437162.0	3102.400468794189	69.475262	0.0	11.533017999999998	43.94053818670605	
8188.811786286023	750.0	8.534272655665127	0.0	374758.0	3875.4847857892582	70.789292	1.3140300000000025	0.0	57.681454273815504	
8196.87027771212	1200.0	4.475781229566774	0.0	560821.0	8058.491426098353	76.960357	6.171064999999999	0.0	64.35499430641161	
8199.898138888511	750.0	5.447920053175878	0.0	353220.0	3027.8611763908953	70.008689	0.0	6.951667999999998	49.25310527285025	
8202.141952886595	1200.0	7.20410605509255	0.0	594078.0	2243.813998083328	70.906301	0.8976119999999952	0.0	57.65646860355332	
8205.237781665875	1200.0	8.108277275812998	0.0	624282.0	3095.8287792795522	73.534048	2.6277469999999994	0.0	60.397441453335624	
8209.8078949509	750.0	7.538163990787619	0.0	434409.0	4570.113285025379	56.692976	0.0	16.841071999999997	27.483366816892467	
8212.14242839164	750.0	9.203630550047185	0.0	337059.0	2334.533440740434	54.76216	0.0	1.930816	41.66792139000558	
8215.02604814393	750.0	10.3200107977572	0.0	366214.0	2883.619752289983	58.858709	4.096548999999996	0.0	48.406541934633836	
8217.805865027256	750.0	11.540193914432253	0.0	360831.0	2779.816883324948	60.531124	1.6724150000000009	0.0	49.100589048161304	
8221.657738301641	750.0	11.688320640046053	0.0	372963.0	3851.8732743862006	69.564049	9.032924999999999	0.0	58.9438058139744	
8229.579982429643	1200.0	7.766076512044507	0.0	639204.0	7922.2441280015455	72.000653	2.4366040000000027	0.0	59.041852363208044	
8231.54284215077	750.0	9.803216790918654	0.0	350713.0	1962.8597211258527	67.172129	0.0	4.828524000000002	49.10347287348152	
8237.383760438976	750.0	7.962298502712815	0.0	386472.0	5840.9182882058385	62.777649	0.0	4.3944800000000015	45.8423031210838	
8241.967347699798	750.0	7.37871124188949	0.0	399894.0	4583.587260823326	55.443233	0.0	7.334415999999997	36.51150936895389	
8247.754016484816	750.0	5.592042456872217	0.0	401853.0	5786.668785017273	47.960406	0.0	7.482827	30.016831048248612	
8251.556110856121	750.0	5.7899480855655545	0.0	343800.0	3802.094371306662	55.451197	7.4907910000000015	0.0	46.53210385732817	
8255.769790038481	750.0	5.5762689032075645	0.0	359903.0	4213.679182357991	66.786337	11.335140000000003	0.0	57.277353060696605	
8258.369908614948	750.0	6.9761503267393525	0.0	379700.0	2600.118576468211	66.676537	0.0	0.109800000000007	53.69031629537219	
8261.500782802095	750.0	7.845276139592262	0.0	425781.0	3130.87418714709	65.665965	0.0	1.0105719999999963	51.87874368281537	
8263.62037946316	750.0	9.725679478528606	0.0	277716.0	2119.596661063657	68.231907	2.565942000000007	0.0	55.88863627581473	
8267.313822994494	1200.0	10.032235947193787	0.0	622896.0	3693.443531334819	80.053124	11.82121699999999	0.0	68.6578466864324	
8273.225995547311	1200.0	8.120063394376118	0.0	641447.0	5912.17255281767	80.154442	0.10131800000000624	0.0	65.2514564240098	
8277.55777208487	1200.0	7.788286856815934	0.0	570392.0	4331.776537560183	78.009495	0.0	2.144947000000002	61.12892222454211	
8282.801124113046	1200.0	6.544934828640828	0.0	620283.0	5243.352028175105	72.909556	0.0	5.099939000000006	53.67453510265016	
8285.883781286037	750.0	7.462277655651605	0.0	369834.0	3082.6571729892235	68.369339	0.0	4.540216999999998	50.42328474062561	
8292.271949163867	1200.0	5.074109777820114	0.0	670129.0	6388.167877831492	62.28877	0.0	6.080568999999997	43.639332434497476	
8295.147083135149	750.0	6.198975806537819	0.0	401088.0	2875.1339712822955	69.915275	7.6265049999999945	0.0	58.822186338307795	
8299.679840582607	1200.0	5.666218359081001	0.0	598727.0	4532.757447456817	77.763467	7.848192000000012	0.0	65.53488519734074	
8301.564552725673	750.0	7.781506216014264	0.0	321064.0	1884.7121430667376	67.040505	0.0	10.72296200000001	42.738008305810055	
8304.042724234137	750.0	9.303334707549412	0.0	361565.0	2478.17150846485	66.788635	0.0	0.2518699999999967	53.6345161054191	
8309.226211472049	750.0	8.119847469638886	0.0	378327.0	5183.487237910527	62.32333	0.0	4.465305000000001	45.38239461526515	
8312.873961999876	750.0	8.472096941810737	0.0	390680.0	3647.750527828149	61.525566	0.0	0.7977640000000008	48.59802426280343	
8315.727109085326	750.0	9.618949856360311	0.0	345516.0	2853.147085450424	79.583372	18.057806	0.0	70.11833935431406	
8319.921956865184	750.0	9.424102076502367	0.0	384505.0	4194.847779857946	64.443828	0.0	15.139544	35.852891186903015	
8322.851734586722	750.0	10.494324354966222	0.0	372093.0	2929.7777215361443	58.879512	0.0	5.564315999999998	41.299771933747785	
8327.5761753995	750.0	9.769883542188824	0.0	438281.0	4724.440812777399	62.327504	3.4479919999999993	0.0	51.15101669476942	
8335.643655685675	750.0	5.702403256013165	0.0	398987.0	8067.480286175659	63.729239	1.4017350000000022	0.0	51.728421217727	
8340.364802955464	1200.0	4.981255986224237	0.0	638661.0	4721.147269788928	77.309224	13.579985	0.0	66.8580976027805	
8344.807079481583	1850.0	4.538979460105181	0.0	830730.0	4442.276526119056	84.040637	6.731413000000003	0.0	70.51825899442247	
8348.56211429816	1850.0	4.783944643528091	0.0	846370.0	3755.0348165770897	92.020773	7.980136000000002	0.0	77.64872889128998	
