12377.484919635475	750.0	4.0	7.862962959107444	450283.0	7862.962959107444	64.858346	0.0	0.0	-174.1542150535146	
12381.64289661173	750.0	4.0	0.15797697625562887	398865.0	4157.976976255629	57.017244	0.0	7.841101999999999	32.75785640273205	
12384.534510490554	750.0	5.108386121176459	0.0	350812.0	2891.6138788235407	60.430767	3.413523000000005	0.0	49.53439726135709	
12391.726838031393	750.0	4.0	2.0839414196618837	382355.0	7192.327540838343	55.551349	0.0	4.879418000000001	-20.80117378583823	
12395.242946515158	750.0	4.48389151623552	0.0	411561.0	3516.1084837644803	51.003805	0.0	4.547544000000002	35.708620955217725	
12397.700956001112	750.0	6.025882030281787	0.0	318564.0	2458.009485953733	62.986308	11.982503000000001	0.0	54.252000083560986	
12401.778053759352	750.0	5.948784272042707	0.0	352642.0	4077.097758239079	81.00828	18.021971999999998	0.0	71.31441799403183	
12407.067493291104	750.0	4.659344740290298	0.0	437162.0	5289.439531752409	69.475262	0.0	11.533017999999998	43.94053818670605	
12409.85567642421	750.0	5.871161607185392	0.0	374758.0	2788.183133104907	70.789292	1.3140300000000025	0.0	57.681454273815504	
12413.083287428712	1200.0	6.643550602682173	0.0	560821.0	3227.6110045032183	76.960357	6.171064999999999	0.0	64.35499430641161	
12417.511123907658	1200.0	6.2157141237371905	0.0	607410.0	4427.836478944982	82.096766	5.1364090000000004	0.0	68.39672667617816	
12423.809205274769	1850.0	4.0	0.08236724337360737	917428.0	6298.081367110798	82.202545	0.10577899999999829	0.0	64.61548634497973	
12426.421205925546	1200.0	5.387999349221886	0.0	624282.0	2612.000650778115	73.534048	0.0	8.668497000000002	50.41718205886191	
12429.610748318111	1200.0	6.198456956657325	0.0	687371.0	3189.54239256456	70.998108	0.0	2.5359399999999965	54.776127730538505	
12432.964786916713	1850.0	6.844418358057306	0.0	821631.0	3354.03859860002	78.494849	7.496741	0.0	66.04957101492738	
12435.367297885929	1200.0	8.441907388840503	0.0	587876.0	2402.510969216802	72.569044	0.0	5.925804999999997	52.50991222251557	
12438.049822479517	1200.0	9.75938279525079	0.0	617242.0	2682.5245935897124	75.662786	3.0937419999999918	0.0	62.339125264249624	
12440.112626964685	750.0	11.69657831008384	0.0	372963.0	2062.8044851669515	69.564049	0.0	6.098737	49.78149799493421	
12443.829437681614	1200.0	11.97976759315571	0.0	639204.0	3716.8107169281307	72.000653	2.4366040000000027	0.0	59.041852363208044	
12445.967997817108	750.0	13.841207457660763	0.0	350713.0	2138.5601354949476	67.172129	0.0	4.828524000000002	49.10347287348152	
12448.11856593026	750.0	15.690639344511515	0.0	386472.0	2150.568113149248	62.777649	0.0	4.3944800000000015	45.8423031210838	
12451.863182547933	1200.0	15.946022726837192	0.0	616206.0	3744.616617674322	68.532883	5.7552340000000015	0.0	57.09385149382384	
12459.81624388255	1200.0	11.992961392219145	0.0	656471.0	7953.061334618048	63.455907	0.0	5.076975999999995	45.69259308258809	
12468.547681563105	1200.0	7.261523711664196	0.0	536667.0	8731.43768055495	68.420849	4.964942000000001	0.0	56.763485235890926	
12474.90808923558	1200.0	4.9011160391897315	0.0	587236.0	6360.4076724744655	78.698824	10.277974999999998	0.0	67.05104630050491	
12478.424892824049	1200.0	5.38431245072039	0.0	590335.0	3516.8035884693413	79.644231	0.945407000000003	0.0	65.07087268298653	
12481.090888459885	1200.0	6.718316814883615	0.0	696376.0	2665.9956358367745	80.745588	1.101356999999993	0.0	66.05008180256124	
12483.216369635305	1200.0	8.592835639462784	0.0	487160.0	2125.481175420831	80.893459	0.14787099999999498	0.0	65.89120220426116	
12487.05760990976	1200.0	8.751595365008377	0.0	622896.0	3841.240274454407	80.053124	0.0	0.8403349999999961	64.24386573042244	
12491.899774714486	1200.0	7.909430560282079	0.0	641447.0	4842.164804726299	80.154442	0.10131800000000624	0.0	65.2514564240098	
12496.798544829606	1200.0	7.010660445163262	0.0	570392.0	4898.770115118817	78.009495	0.0	2.144947000000002	61.12892222454211	
12500.993874699645	1200.0	6.815330575123966	0.0	620283.0	4195.329870039296	72.909556	0.0	5.099939000000006	53.67453510265016	
12503.635550240073	750.0	8.17365503469623	0.0	369834.0	2641.675540427735	68.369339	0.0	4.540216999999998	50.42328474062561	
12509.51386601277	1200.0	6.295339261999221	0.0	670129.0	5878.315772697009	62.28877	0.0	6.080568999999997	43.639332434497476	
12512.119312030152	750.0	7.689893244618772	0.0	401088.0	2605.4460173804487	69.915275	7.6265049999999945	0.0	58.822186338307795	
12516.777879196065	1200.0	7.031326078704791	0.0	598727.0	4658.567165913981	77.763467	7.848192000000012	0.0	65.53488519734074	
12520.136671073424	1200.0	7.672534201346515	0.0	487812.0	3358.791877358276	77.846693	0.08322599999999625	0.0	63.29163035592236	
12525.260151584576	1200.0	6.549053690194297	0.0	575591.0	5123.480511152218	77.292461	0.0	0.554231999999999	62.20941215869677	
12531.207120608366	1200.0	4.6020846664065225	0.0	605884.0	5946.969023787775	74.001829	0.0	3.290632000000002	56.519254990333565	
12534.207831821166	1200.0	5.601373453605629	0.0	587506.0	3000.711212800893	72.886388	0.0	1.1154410000000041	57.88246197348263	
12535.78356049071	750.0	8.025644784060306	0.0	345516.0	1575.728669545322	79.583372	6.6969840000000005	0.0	66.73313750009174	
12537.692269627738	750.0	10.116935647032355	0.0	384505.0	1908.7091370279518	64.443828	0.0	15.139544	35.852891186903015	
12539.374282992432	750.0	12.434922282339539	0.0	372093.0	1682.0133646928161	58.879512	0.0	5.564315999999998	41.299771933747785	
12541.934303442124	750.0	13.874901832646671	0.0	438281.0	2560.020449692869	62.327504	3.4479919999999993	0.0	51.15101669476942	
12550.080306923053	750.0	9.728898351717671	0.0	398987.0	8146.003480928998	63.729239	1.4017350000000022	0.0	51.728421217727	
12559.523902705312	1200.0	4.2853025694591995	0.0	638661.0	9443.595782258471	77.309224	13.579985	0.0	66.8580976027805	
12563.353256802888	1850.0	4.455948471881876	0.0	830730.0	3829.354097577324	84.040637	6.731413000000003	0.0	70.51825899442247	
12567.13987831325	2850.0	4.669326961519533	0.0	1364537.0	3786.6215103623426	97.895096	13.854458999999991	0.0	84.37408068999915	
