9503.326574149023	750.0	4.0	2.4304790559882594	450283.0	2430.4790559882595	64.858346	0.0	0.0	-17.720878597801892	
9506.173337594646	750.0	5.153236554379288	0.0	398865.0	2846.763445620712	57.017244	0.0	7.841101999999999	37.30694774282116	
9508.444851951841	750.0	6.88172219718222	0.0	350812.0	2271.514357197067	60.430767	3.413523000000005	0.0	49.53439726135709	
9510.759858569083	750.0	8.566715579938998	0.0	382355.0	2315.0066172432216	55.551349	0.0	4.879418000000001	39.207823032133746	
9513.256499399346	750.0	10.070074749678064	0.0	411561.0	2496.640830260935	51.003805	0.0	4.547544000000002	35.708620955217725	
9516.013387365025	750.0	11.313186783998548	0.0	318564.0	2756.8879656795157	62.986308	11.982503000000001	0.0	54.252000083560986	
9517.91214615604	300.0	13.414427992981606	0.0	153295.0	1898.7587910169416	42.291519	0.0	20.694789	11.19796765968998	
9519.357542900054	300.0	15.96903124896886	0.0	173849.0	1445.396744012746	35.451274	0.0	6.840245000000003	20.10461217328575	
9522.060140169484	750.0	17.266433979537585	0.0	374758.0	2702.5972694312773	70.789292	35.338018000000005	0.0	67.81963505559679	
9525.992675529233	750.0	17.333898619789004	0.0	362795.0	3932.535359748583	64.786022	0.0	6.0032700000000006	45.836272051926805	
9531.377479497789	750.0	15.949094651233228	0.0	353220.0	5384.803968555776	70.008689	5.222667000000001	0.0	58.18502339881593	
9541.6063370266	750.0	9.720237122421443	0.0	405134.0	10228.857528811786	59.00323	0.0	11.005459000000002	35.63150226952917	
9550.656392097237	750.0	4.670182051784461	0.0	386351.0	9050.055070636981	59.358241	0.3550109999999975	0.0	47.71472422025977	
9555.938133597838	750.0	4.0	0.6115594488169991	434409.0	5281.74150060146	56.692976	0.0	2.665264999999998	24.913469049219763	
9560.27964370432	750.0	4.0	0.3415101064818682	337059.0	4341.510106481868	54.76216	0.0	1.930816	31.833825911208116	
9562.910701833998	750.0	5.368941870320784	0.0	366214.0	2631.058129679216	58.858709	4.096548999999996	0.0	48.406541934633836	
9567.592924481849	750.0	4.68671922247162	0.0	360831.0	4682.222647849164	60.531124	1.6724150000000009	0.0	49.100589048161304	
9571.135730891465	750.0	5.143912812856056	0.0	372963.0	3542.806409615564	69.564049	9.032924999999999	0.0	58.9438058139744	
9574.140602881369	1200.0	6.139040822952282	0.0	639204.0	3004.871989903774	72.000653	2.4366040000000027	0.0	59.041852363208044	
9577.67598960523	1200.0	6.6036540990917	0.0	586839.0	3535.3867238605817	79.134663	7.1340100000000035	0.0	66.48334667339239	
9580.58324128234	1200.0	7.696402421981431	0.0	601738.0	2907.251677110269	74.235946	0.0	4.898717000000005	55.01135256729831	
9584.741338995213	1850.0	7.538304709108385	0.0	955231.0	4158.0977128730465	79.031768	4.795822000000001	0.0	65.69949125877463	
9588.62120139433	1850.0	7.658442309991974	0.0	968026.0	3879.8623991164104	73.123347	0.0	5.908421000000004	52.99779644730492	
9592.190882436016	1850.0	8.088761268304872	0.0	874175.0	3569.6810416871017	80.700778	7.577431000000004	0.0	67.94181803672566	
9594.679158498771	1200.0	9.600485205550044	0.0	587236.0	2488.276062754828	78.698824	0.0	2.001953999999998	61.86443112432193	
9597.78023508855	1200.0	10.499408615772499	0.0	590335.0	3101.076589777545	79.644231	0.945407000000003	0.0	65.07087268298653	
9601.149203035586	1200.0	11.13044066873591	0.0	696376.0	3368.9679470365886	80.745588	1.101356999999993	0.0	66.05008180256124	
9603.17310725573	1200.0	13.106536448590537	0.0	487160.0	2023.9042201453728	80.893459	0.14787099999999498	0.0	65.89120220426116	
9607.526336346227	1200.0	12.753307358093842	0.0	622896.0	4353.229090496696	80.053124	0.0	0.8403349999999961	64.24386573042244	
9613.820797810147	1200.0	10.458845894174658	0.0	641447.0	6294.461463919185	80.154442	0.10131800000000624	0.0	65.2514564240098	
9619.31211541563	1200.0	8.967528288689591	0.0	570392.0	5491.3176054850655	78.009495	0.0	2.144947000000002	61.12892222454211	
9625.456128199785	1200.0	6.8235155045357	0.0	620283.0	6144.0127841538915	72.909556	0.0	5.099939000000006	53.67453510265016	
9631.782235501101	1200.0	4.4974082032181535	0.0	584349.0	6326.107301317546	79.771897	6.862341000000001	0.0	66.94207121321617	
9635.321899115717	1200.0	4.957744588603213	0.0	670129.0	3539.6636146149403	62.28877	0.0	17.483126999999996	31.541231281388015	
9637.655721480329	750.0	6.62392222399208	0.0	401088.0	2333.822364611133	69.915275	7.6265049999999945	0.0	58.822186338307795	
9641.55488939084	1200.0	6.724754313480822	0.0	598727.0	3899.1679105112585	77.763467	7.848192000000012	0.0	65.53488519734074	
9646.377878742494	1200.0	5.901764961825561	0.0	487812.0	4822.98935165526	77.846693	0.08322599999999625	0.0	63.29163035592236	
9648.68775300074	1200.0	7.591890703580131	0.0	575591.0	2309.874258245431	77.292461	0.0	0.554231999999999	62.20941215869677	
9653.024129103957	1200.0	7.255514600363724	0.0	605884.0	4336.3761032164075	74.001829	0.0	3.290632000000002	56.519254990333565	
9658.527162312372	1200.0	5.7524813919492574	0.0	587506.0	5503.033208414467	72.886388	0.0	1.1154410000000041	57.88246197348263	
9660.852838749068	750.0	7.426804955253463	0.0	345516.0	2325.6764366957946	79.583372	6.6969840000000005	0.0	66.73313750009174	
9665.92652298235	1200.0	6.3531207219709716	0.0	641452.0	5073.684233282492	75.706383	0.0	3.8769889999999947	57.34071953352638	
9670.27354995924	1200.0	6.006093745079865	0.0	599477.0	4347.026976891106	71.343181	0.0	4.363202000000001	53.129647516624864	
9674.845833571346	1200.0	5.433810132973201	0.0	634861.0	4572.283612106665	75.003938	3.660757000000004	0.0	61.95010051241022	
9679.670258218064	1200.0	4.609385486254081	0.0	630203.0	4824.42464671912	77.745919	2.7419809999999956	0.0	63.99851811947875	
9683.867056733125	1200.0	4.412586971195397	0.0	638661.0	4196.798515058684	77.309224	0.0	0.4366950000000003	62.348315386019244	
9687.235256333324	1200.0	5.044387370993787	0.0	538612.0	3368.199600201611	74.51099	0.0	2.7982339999999937	57.47289772290094	
9691.144302609808	1200.0	5.1353410945112365	0.0	550906.0	3909.0462764825506	86.366143	11.855152999999987	0.0	74.01446138471348	
