22564.454570643375	750.0	4.0	4.3779972098671385	450283.0	4377.997209867139	64.858346	0.0	0.0	-73.80144285762742	
22567.41096617802	750.0	5.043604465355893	0.0	398865.0	2956.3955346441076	57.017244	0.0	7.841101999999999	37.30694774282116	
22570.099321462196	750.0	6.355249181179587	0.0	350812.0	2688.355284176306	60.430767	3.413523000000005	0.0	49.53439726135709	
22573.099136041994	750.0	7.355434601380731	0.0	382355.0	2999.8145797988554	55.551349	0.0	4.879418000000001	39.207823032133746	
22578.098517982857	1200.0	6.356052660519485	0.0	652874.0	4999.381940861245	64.23322	8.681871000000001	0.0	54.32451676193826	
22580.389525296192	750.0	8.065045347182473	0.0	318564.0	2291.0073133370133	62.986308	0.0	1.2469120000000018	49.35858274895686	
22582.700376701447	750.0	9.75419394192738	0.0	352642.0	2310.8514052550927	81.00828	18.021971999999998	0.0	71.31441799403183	
22585.61052313961	750.0	10.844047503763402	0.0	437162.0	2910.1464381639776	69.475262	0.0	11.533017999999998	43.94053818670605	
22588.471579772893	750.0	11.982990870480679	0.0	374758.0	2861.0566332827243	70.789292	1.3140300000000025	0.0	57.681454273815504	
22591.2076790849	750.0	13.246891558476387	0.0	362795.0	2736.0993120042913	64.786022	0.0	6.0032700000000006	45.836272051926805	
22594.46039763705	750.0	13.994173006322292	0.0	353220.0	3252.7185521540964	70.008689	5.222667000000001	0.0	58.18502339881593	
22600.068473498955	1200.0	12.386097144417661	0.0	594078.0	5608.075861904629	70.906301	0.8976119999999952	0.0	57.65646860355332	
22605.751661429247	1200.0	10.702909214123206	0.0	624282.0	5683.1879302944535	73.534048	2.6277469999999994	0.0	60.397441453335624	
22614.57265105528	1200.0	5.88191958809133	0.0	687371.0	8820.989626031876	70.998108	0.0	2.5359399999999965	54.776127730538505	
22619.251704689894	1200.0	5.20286595347744	0.0	526950.0	4679.05363461389	67.735752	0.0	3.262355999999997	51.24250829039699	
22622.336375819046	750.0	6.118194824325737	0.0	366214.0	3084.6711291517036	58.858709	0.0	8.877043000000008	37.767354246545985	
22625.628376300538	750.0	6.82619434283653	0.0	360831.0	3292.0004814892072	60.531124	1.6724150000000009	0.0	49.100589048161304	
22628.643369909438	750.0	7.811200733935004	0.0	372963.0	3014.9936089015264	69.564049	9.032924999999999	0.0	58.9438058139744	
22634.081171650647	1200.0	6.373398992726459	0.0	639204.0	5437.801741208545	72.000653	2.4366040000000027	0.0	59.041852363208044	
22637.137189410896	750.0	7.317381232478528	0.0	350713.0	3056.0177602479303	67.172129	0.0	4.828524000000002	49.10347287348152	
22640.084129064773	750.0	8.37044157860319	0.0	386472.0	2946.939653875339	62.777649	0.0	4.3944800000000015	45.8423031210838	
22644.785724609166	1200.0	7.668846034210757	0.0	616206.0	4701.595544392432	68.532883	5.7552340000000015	0.0	57.09385149382384	
22650.531358961885	1200.0	5.923211681493367	0.0	656471.0	5745.63435271739	63.455907	0.0	5.076975999999995	45.69259308258809	
22655.377170104883	1200.0	5.077400538495471	0.0	536667.0	4845.811142997895	68.420849	4.964942000000001	0.0	56.763485235890926	
22657.87643546616	750.0	6.578135177217888	0.0	359903.0	2499.2653612775835	66.786337	0.0	1.6345120000000009	52.16558832707676	
22660.602119790103	750.0	7.852450853277638	0.0	379700.0	2725.684323940249	66.676537	0.0	0.109800000000007	53.69031629537219	
22664.266169751587	750.0	8.188400891793025	0.0	425781.0	3664.049961484613	65.665965	0.0	1.0105719999999963	51.87874368281537	
22666.898855591207	750.0	9.555715052171713	0.0	277716.0	2632.685839621311	68.231907	2.565942000000007	0.0	55.88863627581473	
22670.767021731455	750.0	9.6875489119248	0.0	400396.0	3868.166140246915	69.601487	1.3695799999999991	0.0	56.69205323288801	
22674.703443148566	750.0	9.7511274948138	0.0	400508.0	3936.421417111	67.821489	0.0	1.7799980000000062	52.88789921294314	
22678.607201423667	750.0	9.847369219710538	0.0	358218.0	3903.7582751032614	64.789531	0.0	3.031958000000003	48.99180250230414	
22682.614618185034	750.0	9.839952458341047	0.0	400322.0	4007.41676136949	60.651768	0.0	4.137763	44.31426861062449	
22686.308849462104	750.0	10.145721181274286	0.0	369834.0	3694.231277066762	68.369339	7.7175709999999995	0.0	57.54006651746116	
22692.91722772994	1200.0	7.537342913439877	0.0	670129.0	6608.378267834409	62.28877	0.0	6.080568999999997	43.639332434497476	
22696.700143877122	750.0	7.754426766257351	0.0	401088.0	3782.9161471825264	69.915275	7.6265049999999945	0.0	58.822186338307795	
22699.80427322989	750.0	8.650297413491327	0.0	365161.0	3104.1293527660227	60.276519	0.0	9.638755999999994	38.15992246287269	
22702.604333415267	750.0	9.850237228113187	0.0	321064.0	2800.0601853781404	67.040505	6.763985999999996	0.0	56.13053433110116	
22705.656713817305	750.0	10.79785682607514	0.0	361565.0	3052.380402038047	66.788635	0.0	0.2518699999999967	53.6345161054191	
22709.499357368226	750.0	10.955213275153765	0.0	378327.0	3842.6435509213748	62.32333	0.0	4.465305000000001	45.38239461526515	
22712.934024182265	750.0	11.520546461116773	0.0	390680.0	3434.66681403699	61.525566	0.0	0.7977640000000008	48.59802426280343	
22716.203715242515	750.0	12.250855400864157	0.0	345516.0	3269.691060252617	79.583372	18.057806	0.0	70.11833935431406	
22720.88911814182	750.0	11.565452501563094	0.0	384505.0	4685.402899301063	64.443828	0.0	15.139544	35.852891186903015	
22730.322383980678	1200.0	6.132186662705052	0.0	599477.0	9433.265838858042	71.343181	6.899353000000005	0.0	59.81481088460728	
22735.784707412167	1200.0	4.669863231213426	0.0	634861.0	5462.323431491625	75.003938	3.660757000000004	0.0	61.95010051241022	
22739.373248898457	750.0	5.081321744924437	0.0	398987.0	3588.541486288989	63.729239	0.0	11.274699000000005	39.34830115448027	
22742.344818605525	750.0	6.109752037856933	0.0	393804.0	2971.5697070675037	62.845425	0.0	0.883814000000001	49.62451534898482	
22746.939491951347	1200.0	5.515078692035831	0.0	538612.0	4594.673345821102	74.51099	11.665565000000008	0.0	63.91782743622792	
22752.280003820855	1200.0	4.174566822526318	0.0	550906.0	5340.511869509513	86.366143	11.855152999999987	0.0	74.01446138471348	
