26621.525469393713	750.0	4.0	8.215266709904062	450283.0	8215.266709904063	64.858346	0.0	0.0	-184.29912338013352	
26624.55453124013	300.0	4.97093815357864	0.0	155580.0	3029.0618464213608	18.412623	0.0	46.445723	-36.3468075049402	
26629.780352472662	750.0	4.0	0.2548830789539443	350812.0	5225.821232532584	60.430767	42.01814400000001	0.0	53.69788531486207	
26633.951336054834	750.0	4.0	0.17098358216724227	382355.0	4170.983582167242	55.551349	0.0	4.879418000000001	34.284194593545365	
26637.514573727556	750.0	4.43676232727465	0.0	411561.0	3563.23767272535	51.003805	0.0	4.547544000000002	35.708620955217725	
26640.16725686666	750.0	5.784079188170393	0.0	318564.0	2652.6831391042565	62.986308	11.982503000000001	0.0	54.252000083560986	
26643.52173891219	750.0	6.429597142640825	0.0	352642.0	3354.4820455295685	81.00828	18.021971999999998	0.0	71.31441799403183	
26648.660088289518	750.0	5.2912477653136625	0.0	437162.0	5138.349377327163	69.475262	0.0	11.533017999999998	43.94053818670605	
26652.1754847061	750.0	5.775851348730992	0.0	374758.0	3515.3964165826696	70.789292	1.3140300000000025	0.0	57.681454273815504	
26655.100495106915	750.0	6.850840947913564	0.0	362795.0	2925.010400817427	64.786022	0.0	6.0032700000000006	45.836272051926805	
26658.474406805388	750.0	7.476929249441087	0.0	353220.0	3373.911698472478	70.008689	5.222667000000001	0.0	58.18502339881593	
26663.722917896837	750.0	6.228418157993931	0.0	405134.0	5248.511091447155	59.00323	0.0	11.005459000000002	35.63150226952917	
26666.6861407351	750.0	7.265195319734692	0.0	386351.0	2963.22283825924	59.358241	0.3550109999999975	0.0	47.71472422025977	
26670.296699066304	750.0	7.654636988528874	0.0	434409.0	3610.558331205818	56.692976	0.0	2.665264999999998	42.523882025230556	
26676.115931442735	1200.0	5.835404612098408	0.0	526950.0	5819.2323764304665	67.735752	11.042776000000003	0.0	57.99429751138527	
26679.59809369676	750.0	6.3532423580695125	0.0	366214.0	3482.162254028896	58.858709	0.0	8.877043000000008	37.767354246545985	
26682.45634568762	750.0	7.494990367210452	0.0	360831.0	2858.2519908590607	60.531124	1.6724150000000009	0.0	49.100589048161304	
26686.1442489229	750.0	7.807087131930995	0.0	372963.0	3687.903235279457	69.564049	9.032924999999999	0.0	58.9438058139744	
26689.892557524658	750.0	8.058778530171917	0.0	405596.0	3748.3086017590776	60.564875	0.0	8.999173999999996	39.08272725573663	
26693.443109589192	750.0	8.508226465637788	0.0	350713.0	3550.5520645341303	67.172129	6.6072539999999975	0.0	56.195305162945644	
26698.858033044984	750.0	7.093303009847466	0.0	386472.0	5414.923455790323	62.777649	0.0	4.3944800000000015	45.8423031210838	
26704.610826338907	750.0	5.340509715924855	0.0	399894.0	5752.79329392261	55.443233	0.0	7.334415999999997	36.51150936895389	
26708.763657978274	750.0	5.187678076557784	0.0	401853.0	4152.831639367071	47.960406	0.0	7.482827	30.016831048248612	
26711.5204672766	750.0	6.43086877822918	0.0	343800.0	2756.8092983286037	55.451197	7.4907910000000015	0.0	46.53210385732817	
26714.527432839586	750.0	7.423903215244996	0.0	359903.0	3006.965562984183	66.786337	11.335140000000003	0.0	57.277353060696605	
26718.11883652763	750.0	7.832499527205399	0.0	379700.0	3591.4036880395975	66.676537	0.0	0.109800000000007	53.69031629537219	
26722.46895646527	750.0	7.482379589560448	0.0	425781.0	4350.11993764495	65.665965	0.0	1.0105719999999963	51.87874368281537	
26725.016088656976	750.0	8.935247397852748	0.0	277716.0	2547.1321917077	68.231907	2.565942000000007	0.0	55.88863627581473	
26728.732832805155	750.0	9.218503249671112	0.0	400396.0	3716.7441481816372	69.601487	1.3695799999999991	0.0	56.69205323288801	
26732.147846812455	750.0	9.803489242371167	0.0	400508.0	3415.014007299943	67.821489	0.0	1.7799980000000062	52.88789921294314	
26735.429013294346	750.0	10.522322760480451	0.0	358218.0	3281.1664818907175	64.789531	0.0	3.031958000000003	48.99180250230414	
26739.419186261926	750.0	10.532149792903024	0.0	400322.0	3990.1729675774272	60.651768	0.0	4.137763	44.31426861062449	
26743.132884715487	750.0	10.818451339341498	0.0	369834.0	3713.698453561525	68.369339	7.7175709999999995	0.0	57.54006651746116	
26750.30305013269	1200.0	7.648285922137085	0.0	670129.0	7170.165417204413	62.28877	0.0	6.080568999999997	43.639332434497476	
26754.521644961766	750.0	7.429691093062789	0.0	401088.0	4218.594829074297	69.915275	7.6265049999999945	0.0	58.822186338307795	
26759.88565635774	750.0	6.065679697091391	0.0	365161.0	5364.011395971397	60.276519	0.0	9.638755999999994	38.15992246287269	
26764.95245318897	750.0	4.998882865858833	0.0	321064.0	5066.796831232558	67.040505	6.763985999999996	0.0	56.13053433110116	
26768.74080395642	750.0	5.210532098407452	0.0	361565.0	3788.3507674513808	66.788635	0.0	0.2518699999999967	53.6345161054191	
26772.843875385195	750.0	5.107460669636256	0.0	378327.0	4103.071428771195	62.32333	0.0	4.465305000000001	45.38239461526515	
26777.348913872513	750.0	4.602422182318985	0.0	390680.0	4505.038487317272	61.525566	0.0	0.7977640000000008	48.59802426280343	
26782.753844933577	750.0	4.0	0.8025088787433069	345516.0	5404.9310610622915	79.583372	18.057806	0.0	47.00936311508998	
26785.82182428612	750.0	4.93202064745845	0.0	384505.0	3067.97935254155	64.443828	0.0	15.139544	35.852891186903015	
26788.43944826279	750.0	6.314396670784221	0.0	372093.0	2617.6239766742297	58.879512	0.0	5.564315999999998	41.299771933747785	
26791.890127333132	750.0	6.863717600444417	0.0	438281.0	3450.6790703398037	62.327504	3.4479919999999993	0.0	51.15101669476942	
26794.920646239836	750.0	7.833198693740671	0.0	398987.0	3030.5189067037463	63.729239	1.4017350000000022	0.0	51.728421217727	
26798.293513159537	750.0	8.460331774039561	0.0	393804.0	3372.866919701109	62.845425	0.0	0.883814000000001	49.62451534898482	
26804.145079604936	1200.0	6.60876532864125	0.0	538612.0	5851.566445398311	74.51099	11.665565000000008	0.0	63.91782743622792	
26809.969025019836	750.0	4.784819913742166	0.0	314107.0	5823.945414899084	75.210559	0.6995689999999968	0.0	61.242738256780044	
