0.8872836624630916	750.0	4.0	0.8872836624630916	450283.0	887.2836624630917	64.858346	0.0	0.0	26.71684243688339	
3.8155208468632695	2850.0	5.071762815599823	0.0	1431809.0	2928.2371844001777	90.683379	25.825033000000005	0.0	81.83336023868588	
6.673157606538097	2850.0	6.214126055924995	0.0	1300868.0	2857.6367596748273	90.483169	0.0	0.20020999999999844	73.75625421563069	
10.836183656630554	4300.0	6.051100005832537	0.0	2160877.0	4163.026050092458	99.974277	9.491107999999997	0.0	84.83478686170068	
15.686328573102584	4300.0	5.200955089360506	0.0	2233056.0	4850.144916472031	99.974278	9.999999974752427e-07	0.0	82.00670774968486	
18.44097861816432	2850.0	6.446305044298772	0.0	1224260.0	2754.650045061734	94.229141	0.0	5.745137	71.04556074176742	
20.4862043172436	1850.0	8.401079345219488	0.0	905515.0	2045.225699079284	94.086702	0.0	0.14243899999999599	76.86938524293578	
23.120196830920154	1850.0	9.767086831542937	0.0	1060487.0	2633.9925136765514	90.155937	0.0	3.930765000000008	69.52100643540265	
25.198176321543357	1850.0	11.689107340919737	0.0	852833.0	2077.9794906232005	90.218296	0.06235900000000072	0.0	73.76293677284315	
27.476554661828573	1850.0	13.41072900063452	0.0	913888.0	2278.3783402852164	86.733288	0.0	3.4850079999999934	67.09530890568334	
29.111801785542852	1200.0	15.77548187692024	0.0	607410.0	1635.2471237142774	82.096766	0.0	4.636521999999999	61.946878270919974	
31.52773201842496	1850.0	17.35955164403813	0.0	917428.0	2415.930232882107	82.202545	0.10577899999999829	0.0	66.98732635875223	
33.59126973347868	1850.0	19.296013928984404	0.0	946851.0	2063.537715053729	83.629776	1.4272310000000061	0.0	68.58980497651146	
35.961335650615624	1850.0	20.925948011847463	0.0	1036454.0	2370.06591713694	80.875505	0.0	2.754271000000003	62.909657170689236	
44.26420509094897	2850.0	16.623078571514124	0.0	1231445.0	8302.869440333341	88.830113	7.954607999999993	0.0	74.9389488095803	
58.15156017788396	1850.0	6.735723484579139	0.0	923170.0	13887.355086934986	83.7301	0.0	5.100013000000004	62.83838720493218	
61.53214651000204	1850.0	7.355137152461048	0.0	966699.0	3380.5863321180905	86.226021	2.49592100000001	0.0	71.10700694933738	
63.079887210915935	1200.0	9.80739645154716	0.0	581493.0	1547.740700913888	79.137254	0.0	7.088767000000004	56.83863512869361	
65.86592079205046	1850.0	11.021362870412633	0.0	987708.0	2786.033581134527	79.995224	0.8579699999999946	0.0	65.34207530148709	
70.19889303407533	2850.0	10.688390628387767	0.0	1336050.0	4332.972242024867	93.680429	13.68520500000001	0.0	80.7542416931492	
73.88108392719448	2850.0	11.006199735268616	0.0	1415116.0	3682.190893119151	90.785318	0.0	2.895111	71.15285762033272	
78.36052802214134	2850.0	10.52675564032176	0.0	1468126.0	4479.444094946855	89.398189	0.0	1.3871290000000016	71.57806374237117	
86.111948447904	2850.0	6.775335214559112	0.0	1505760.0	7751.420425762649	85.954529	0.0	3.4436600000000084	66.4796472332252	
90.96512140642257	2850.0	5.922162256040542	0.0	1323990.0	4853.172958518569	89.320458	3.3659290000000084	0.0	73.98692668949053	
95.05954514816426	2850.0	5.827738514298837	0.0	1383735.0	4094.4237417417044	93.348429	4.027970999999994	0.0	77.59548944768414	
98.54042795583929	1850.0	6.346855706623818	0.0	905935.0	3480.8828076750196	89.133614	0.0	4.2148150000000015	68.35382323312385	
102.58924354353609	1850.0	6.298040118927025	0.0	1076599.0	4048.8155876967935	90.791041	1.6574270000000126	0.0	74.72328004362873	
104.95920276062772	1850.0	7.928080901835391	0.0	758197.0	2369.959217091634	87.50057	0.0	3.290471000000011	67.95152441266671	
110.61295139361903	2850.0	6.274332268844062	0.0	1498470.0	5653.748632991329	96.041687	8.541117	0.0	81.22120176459572	
114.21827956821166	2850.0	6.669004094251446	0.0	1561263.0	3605.3281745926165	96.863845	0.8221580000000017	0.0	79.61745802436349	
117.37063292436412	2850.0	7.516650738098979	0.0	1341201.0	3152.3533561524673	94.816085	0.0	2.0477599999999967	75.46555707996981	
122.1357576547485	4300.0	6.7515260077146015	0.0	2147852.0	4765.1247303843775	99.974277	5.158192	0.0	83.54370112183173	
127.15598528341921	4300.0	5.7312983790439	0.0	2191074.0	5020.227628670701	99.974275	0.0	1.9999999949504854e-06	82.00670278901228	
132.50733858973442	4300.0	4.379945072728684	0.0	2286761.0	5351.353306315216	99.974277	1.9999999949504854e-06	0.0	82.00670720075533	
135.92790923071672	2850.0	4.959374431746381	0.0	1492672.0	3420.5706409823024	99.177905	0.0	0.7963720000000052	80.48730848990337	
139.03836445656	2850.0	5.848919205903126	0.0	1439896.0	3110.455225843256	97.217465	0.0	1.9604399999999913	77.59193486481621	
141.63196126758191	2850.0	7.255322394881226	0.0	1139291.0	2593.5968110219	93.825455	0.0	3.392009999999999	73.2003437122793	
145.003802514311	2850.0	7.883481148152152	0.0	1499009.0	3371.841246729073	93.982147	0.1566919999999925	0.0	76.97865487614874	
149.68218519478984	4300.0	7.205098467673283	0.0	2133870.0	4678.38268047887	99.974275	5.992128000000008	0.0	83.79218863888968	
155.3886758228145	4300.0	5.49860783964863	0.0	2146120.0	5706.490628024652	99.974277	1.9999999949504854e-06	0.0	82.00670720075533	
159.16378055499106	2850.0	5.723503107472036	0.0	1339500.0	3775.104732176594	97.297482	0.0	2.6767949999999985	76.89964950461606	
163.79487068894937	4300.0	5.09241297351375	0.0	2184571.0	4631.090133958285	99.974116	2.676633999999993	0.0	82.80413106226413	
167.9268420140433	4300.0	4.960441648419799	0.0	2121928.0	4131.971325093951	99.974273	0.00015700000000151704	0.0	82.00674999874272	
172.708927723623	4300.0	4.178355938840105	0.0	2219102.0	4782.085709579694	99.974276	3.000000006636583e-06	0.0	82.0067066518258	
175.9109569421877	2850.0	4.976326720275394	0.0	1464921.0	3202.0292185647113	96.481395	0.0	3.492880999999997	75.34263820279756	
179.3164825785631	2850.0	5.570801083900013	0.0	1483527.0	3405.5256363753815	95.602302	0.0	0.8790930000000117	77.37135948851477	
183.9630641386295	4300.0	4.92421952383362	0.0	1961140.0	4646.581560066393	99.97428	4.371977999999999	0.0	83.30943425046118	
187.52919861449885	2850.0	5.358085047964248	0.0	1364537.0	3566.134475869372	97.895096	0.0	2.079183999999998	78.03983405429102	
