18895.72595729274	750.0	4.0	4.751626329382562	450283.0	4751.626329382562	64.858346	0.0	0.0	-84.56043465680213	
18899.657744095817	750.0	4.068213196921591	0.0	398865.0	3931.786803078409	57.017244	0.0	7.841101999999999	37.30694774282116	
18902.54160912664	750.0	5.184348166094848	0.0	350812.0	2883.865030826743	60.430767	3.413523000000005	0.0	49.53439726135709	
18905.02318421248	750.0	6.702773080257834	0.0	382355.0	2481.5750858370143	55.551349	0.0	4.879418000000001	39.207823032133746	
18908.983814454372	750.0	6.742142838365458	0.0	411561.0	3960.6302418923756	51.003805	0.0	4.547544000000002	35.708620955217725	
18912.7316072129	750.0	6.9943500798391325	0.0	318564.0	3747.7927585263255	62.986308	11.982503000000001	0.0	54.252000083560986	
18917.806550455254	750.0	5.919406837486531	0.0	352642.0	5074.943242352601	81.00828	18.021971999999998	0.0	71.31441799403183	
18922.65922824997	750.0	5.066729042769446	0.0	437162.0	4852.677794717085	69.475262	0.0	11.533017999999998	43.94053818670605	
18925.10716453345	750.0	6.618792759292188	0.0	374758.0	2447.9362834772587	70.789292	1.3140300000000025	0.0	57.681454273815504	
18927.92529357706	750.0	7.8006637156793674	0.0	362795.0	2818.1290436128197	64.786022	0.0	6.0032700000000006	45.836272051926805	
18931.979623953175	750.0	7.746333339563224	0.0	353220.0	4054.330376116144	70.008689	5.222667000000001	0.0	58.18502339881593	
18936.11761988364	750.0	7.608337409098173	0.0	405134.0	4137.995930465051	59.00323	0.0	11.005459000000002	35.63150226952917	
18939.495756274584	750.0	8.230201018155654	0.0	386351.0	3378.1363909425186	59.358241	0.3550109999999975	0.0	47.71472422025977	
18943.750454927555	750.0	7.9755023651853465	0.0	434409.0	4254.698652970308	56.692976	0.0	2.665264999999998	42.523882025230556	
18948.980045886412	1200.0	6.745911406327833	0.0	526950.0	5229.590958857513	67.735752	11.042776000000003	0.0	57.99429751138527	
18952.713526743162	750.0	7.012430549576689	0.0	366214.0	3733.480856751144	58.858709	0.0	8.877043000000008	37.767354246545985	
18955.80296183895	750.0	7.92299545378922	0.0	360831.0	3089.4350957874694	60.531124	1.6724150000000009	0.0	49.100589048161304	
18958.977706233665	750.0	8.748251059072125	0.0	372963.0	3174.7443947170946	69.564049	9.032924999999999	0.0	58.9438058139744	
18962.37287456436	750.0	9.353082728375014	0.0	405596.0	3395.168330697111	60.564875	0.0	8.999173999999996	39.08272725573663	
18965.304107663684	750.0	10.421849629053522	0.0	350713.0	2931.2330993214932	67.172129	6.6072539999999975	0.0	56.195305162945644	
18969.14567096533	750.0	10.580286327407771	0.0	386472.0	3841.563301645751	62.777649	0.0	4.3944800000000015	45.8423031210838	
18970.630463101	300.0	13.095494191737076	0.0	157812.0	1484.7921356706956	21.07483	0.0	41.702819	-29.059965683694024	
18972.13592362961	300.0	15.590033663130445	0.0	163927.0	1505.460528606631	16.837774	0.0	4.237055999999999	7.102799135832186	
18973.38781157632	300.0	18.338145716422115	0.0	137654.0	1251.887946708333	6.466535	0.0	10.371239	-8.188975813003921	
18974.759897156157	300.0	20.96606013658305	0.0	146754.0	1372.0855798390646	25.355956	18.889421	0.0	24.440878712625864	
18976.53993701627	300.0	23.186020276469396	0.0	153938.0	1780.0398601136517	22.855883	0.0	2.5000730000000004	14.042479268061296	
18980.164117192136	300.0	23.561840100604115	0.0	181901.0	3624.1801758652814	27.469573	4.613690000000002	0.0	21.977141438694208	
18988.536664408093	750.0	19.18929288464966	0.0	277716.0	8372.547215954455	68.231907	40.76233400000001	0.0	67.27007478642625	
18998.009959158855	750.0	13.715998133883101	0.0	400396.0	9473.294750766561	69.601487	1.3695799999999991	0.0	56.69205323288801	
19002.84804700485	750.0	12.877910287889776	0.0	400508.0	4838.087845993324	67.821489	0.0	1.7799980000000062	52.88789921294314	
19009.717937334393	750.0	10.008019958345933	0.0	358218.0	6869.890329543843	64.789531	0.0	3.031958000000003	48.99180250230414	
19016.067008833084	750.0	7.658948459653274	0.0	400322.0	6349.071498692659	60.651768	0.0	4.137763	44.31426861062449	
19020.486938026723	750.0	7.239019266015222	0.0	369834.0	4419.929193638051	68.369339	7.7175709999999995	0.0	57.54006651746116	
19028.63005337448	750.0	4.0	0.9040960817412069	412837.0	8143.115347756429	49.996929	0.0	18.372409999999995	-5.84654318807409	
19033.363393676456	750.0	4.0	0.733340301975466	401088.0	4733.340301975466	69.915275	19.918345999999993	0.0	41.367601489267166	
19036.47429566459	750.0	4.889098011864635	0.0	365161.0	3110.9019881353647	60.276519	0.0	9.638755999999994	38.15992246287269	
19039.548229927077	750.0	5.8151637493754444	0.0	321064.0	3073.9342624891906	67.040505	6.763985999999996	0.0	56.13053433110116	
19042.451588671673	750.0	6.9118050047821065	0.0	361565.0	2903.358744593338	66.788635	0.0	0.2518699999999967	53.6345161054191	
19046.238501533422	750.0	7.12489214303317	0.0	378327.0	3786.9128617489355	62.32333	0.0	4.465305000000001	45.38239461526515	
19051.731530396082	1200.0	5.631863280374998	0.0	587506.0	5493.028862658172	72.886388	10.563057999999998	0.0	62.21343448466478	
19054.554598956303	750.0	6.808794720153637	0.0	345516.0	2823.0685602213607	79.583372	6.6969840000000005	0.0	66.73313750009174	
19058.449814265598	750.0	6.9135794108573485	0.0	384505.0	3895.2153092962894	64.443828	0.0	15.139544	35.852891186903015	
19062.43552222326	750.0	6.927871453193627	0.0	372093.0	3985.707957663721	58.879512	0.0	5.564315999999998	41.299771933747785	
19066.736295973235	750.0	6.627097703219295	0.0	438281.0	4300.7737499743325	62.327504	3.4479919999999993	0.0	51.15101669476942	
19070.58816134709	750.0	6.775232329366258	0.0	398987.0	3851.8653738530375	63.729239	1.4017350000000022	0.0	51.728421217727	
19074.97844188909	750.0	6.38495178736448	0.0	393804.0	4390.280542001778	62.845425	0.0	0.883814000000001	49.62451534898482	
19080.797445811404	1200.0	4.565947865046026	0.0	538612.0	5819.003922318454	74.51099	11.665565000000008	0.0	63.91782743622792	
19083.979834134752	750.0	5.38355954169745	0.0	314107.0	3182.3883233485763	75.210559	0.6995689999999968	0.0	61.242738256780044	
