21792.910495933764	750.0	4.0	3.995068697861578	450283.0	3995.068697861578	64.858346	0.0	0.0	-62.77466655689016	
21796.47956474302	750.0	4.43093119074429	0.0	398865.0	3569.0688092557107	57.017244	0.0	7.841101999999999	37.30694774282116	
21799.509560239603	750.0	5.400935694161105	0.0	350812.0	3029.995496583185	60.430767	3.413523000000005	0.0	49.53439726135709	
21802.614305688763	750.0	6.296190244999893	0.0	382355.0	3104.7454491612116	55.551349	0.0	4.879418000000001	39.207823032133746	
21806.00321781874	750.0	6.907278115025396	0.0	411561.0	3388.912129974497	51.003805	0.0	4.547544000000002	35.708620955217725	
21809.60186092159	750.0	7.308635012175868	0.0	318564.0	3598.643102849528	62.986308	11.982503000000001	0.0	54.252000083560986	
21811.633464779297	300.0	9.277031154468245	0.0	153295.0	2031.6038577076229	42.291519	0.0	20.694789	11.19796765968998	
21815.189956799215	300.0	9.720539134550986	0.0	173849.0	3556.49201991726	35.451274	0.0	6.840245000000003	20.10461217328575	
21821.787831425652	750.0	7.122664508116059	0.0	374758.0	6597.8746264349265	70.789292	35.338018000000005	0.0	67.81963505559679	
21826.69853973422	750.0	6.211956199546803	0.0	362795.0	4910.708308569256	64.786022	0.0	6.0032700000000006	45.836272051926805	
21831.037331283213	750.0	5.8731646505564346	0.0	353220.0	4338.791548990368	70.008689	5.222667000000001	0.0	58.18502339881593	
21835.480630642563	750.0	5.429865291205558	0.0	405134.0	4443.299359350877	59.00323	0.0	11.005459000000002	35.63150226952917	
21839.26925793606	750.0	5.641237997709289	0.0	386351.0	3788.627293496269	59.358241	0.3550109999999975	0.0	47.71472422025977	
21840.810235204484	300.0	8.100260729286545	0.0	179801.0	1540.9772684227432	23.726678	0.0	35.631563	-20.372516939980503	
21842.291977804773	300.0	10.61851812899695	0.0	140051.0	1481.7426002895957	21.119447	0.0	2.6072309999999987	12.458195192670239	
21844.048287768986	300.0	12.86220816478488	0.0	138313.0	1756.3099642120706	19.984984	0.0	1.1344630000000002	13.060022413833098	
21845.704222371987	300.0	15.206273561784482	0.0	143509.0	1655.934603000398	18.452936	0.0	1.5320479999999996	11.340692041651348	
21847.359778376336	300.0	17.550717557435593	0.0	150616.0	1655.5560043488858	35.116669	16.663733	0.0	32.04404556367689	
21849.337903451684	300.0	19.572592482087355	0.0	165384.0	1978.1250753482366	26.310814	0.0	8.805855000000001	10.278036555919055	
21851.69618830773	300.0	21.21430762604106	0.0	140881.0	2358.2848560462958	26.782579	0.47176499999999777	0.0	20.161149610747803	
21853.603904256834	300.0	23.30659167694187	0.0	157671.0	1907.7159490991899	28.807059	2.0244800000000005	0.0	22.338348860461206	
21857.397451793127	300.0	23.513044140645942	0.0	157812.0	3793.547536295925	21.07483	0.0	7.732229	6.982791919539274	
21861.04609864166	300.0	23.864397292113452	0.0	163927.0	3648.646848532492	16.837774	0.0	4.237055999999999	7.102799135832186	
21863.14589435488	300.0	25.764601578893735	0.0	137654.0	2099.795713219717	6.466535	0.0	10.371239	-8.188975813003921	
21865.233263126876	300.0	27.677232806897518	0.0	146754.0	2087.3687719962195	25.355956	18.889421	0.0	24.440878712625864	
21867.5604514046	300.0	29.350044529174383	0.0	153938.0	2327.1882777231353	22.855883	0.0	2.5000730000000004	14.042479268061296	
21870.102946659732	300.0	30.807549274039108	0.0	181901.0	2542.4952551352717	27.469573	4.613690000000002	0.0	21.977141438694208	
21876.504807416088	750.0	28.405688517684347	0.0	277716.0	6401.860756354763	68.231907	40.76233400000001	0.0	67.27007478642625	
21887.606775057247	750.0	21.30372087652285	0.0	400396.0	11101.967641161496	69.601487	1.3695799999999991	0.0	56.69205323288801	
21896.8260830616	750.0	16.08441287217345	0.0	400508.0	9219.308004349401	67.821489	0.0	1.7799980000000062	52.88789921294314	
21904.887334998544	750.0	12.023160935226798	0.0	358218.0	8061.25193694665	64.789531	0.0	3.031958000000003	48.99180250230414	
21914.911405556646	750.0	5.99909037712614	0.0	400322.0	10024.070558100659	60.651768	0.0	4.137763	44.31426861062449	
21917.59482026068	300.0	7.315675673091391	0.0	143881.0	2683.414704034749	25.091594	0.0	35.560173999999996	-19.140824429842464	
21920.777723585205	300.0	8.132772348568926	0.0	163444.0	3182.903324522466	17.178658	0.0	7.912936000000002	3.491389644148983	
21923.778657362265	300.0	9.131838571507467	0.0	179328.0	3000.933777061459	28.893466	11.714808000000001	0.0	25.298969194880584	
21926.13382166849	300.0	10.776674265281803	0.0	159914.0	2355.1643062256644	21.738399	0.0	7.155066999999999	8.157137465372118	
21928.26909891798	300.0	12.641397015791231	0.0	131610.0	2135.2772494905716	28.4111	6.672701	0.0	23.388048410401066	
21937.201835700587	750.0	7.708660233185039	0.0	361565.0	8932.736782606193	66.788635	38.377534999999995	0.0	65.3371638637106	
21943.065805892184	750.0	5.844690041586084	0.0	378327.0	5863.970191598955	62.32333	0.0	4.465305000000001	45.38239461526515	
21947.351016710883	750.0	5.559479222883929	0.0	390680.0	4285.210818702155	61.525566	0.0	0.7977640000000008	48.59802426280343	
21950.711484630636	750.0	6.199011303133387	0.0	345516.0	3360.467919750541	79.583372	18.057806	0.0	70.11833935431406	
21954.091679372064	750.0	6.818816561704736	0.0	384505.0	3380.194741428651	64.443828	0.0	15.139544	35.852891186903015	
21957.180387030592	750.0	7.730108903180243	0.0	372093.0	3088.707658524493	58.879512	0.0	5.564315999999998	41.299771933747785	
21960.775175480998	750.0	8.135320452772593	0.0	438281.0	3594.7884504076515	62.327504	3.4479919999999993	0.0	51.15101669476942	
21964.361806882538	750.0	8.548689051232106	0.0	398987.0	3586.631401540486	63.729239	1.4017350000000022	0.0	51.728421217727	
21969.58064208951	750.0	7.3298538442614705	0.0	393804.0	5218.835206970635	62.845425	0.0	0.883814000000001	49.62451534898482	
21976.19542097361	750.0	4.715074960159868	0.0	331053.0	6614.778884101604	60.678126	0.0	2.167299	46.42725130719397	
21980.54065532252	750.0	4.369840611250044	0.0	314107.0	4345.234348909823	75.210559	14.532433000000005	0.0	65.36453832212788	
