23726.094125551583	750.0	4.0	2.5585548523374078	450283.0	2558.5548523374077	64.858346	0.0	0.0	-21.408938148354075	
23730.208509228396	1200.0	4.0	0.11438367681392811	611087.0	4114.383676813928	69.839987	4.981640999999996	0.0	54.676548135165	
23734.09109921161	1200.0	4.117410016785067	0.0	571051.0	3882.5899832149325	73.587374	3.7473870000000034	0.0	60.77622417883262	
23737.225329337107	1200.0	4.983179891291787	0.0	617681.0	3134.230125493281	69.474665	0.0	4.112708999999995	51.81297205080018	
23741.183596714996	1200.0	5.024912513402251	0.0	652874.0	3958.2673778895364	64.23322	0.0	5.241444999999999	46.176398894182356	
23743.337563552093	750.0	6.870945676306517	0.0	318564.0	2153.9668370957334	62.986308	0.0	1.2469120000000018	49.35858274895686	
23745.476448282083	750.0	8.732060946318931	0.0	352642.0	2138.8847299875843	81.00828	18.021971999999998	0.0	71.31441799403183	
23747.90842687123	750.0	10.300082357170387	0.0	437162.0	2431.9785891485444	69.475262	0.0	11.533017999999998	43.94053818670605	
23750.03268500299	750.0	12.175824225409114	0.0	374758.0	2124.2581317612726	70.789292	1.3140300000000025	0.0	57.681454273815504	
23752.157897811958	750.0	14.050611416443875	0.0	362795.0	2125.2128089652397	64.786022	0.0	6.0032700000000006	45.836272051926805	
23754.66527108321	750.0	15.543238145189765	0.0	353220.0	2507.373271254109	70.008689	5.222667000000001	0.0	58.18502339881593	
23759.37575705066	1200.0	14.832752177738072	0.0	594078.0	4710.485967451693	70.906301	0.8976119999999952	0.0	57.65646860355332	
23765.31672707514	1200.0	12.891782153257337	0.0	624282.0	5940.970024480736	73.534048	2.6277469999999994	0.0	60.397441453335624	
23771.24747520068	1200.0	10.961034027720057	0.0	687371.0	5930.748125537279	70.998108	0.0	2.5359399999999965	54.776127730538505	
23780.348806346014	1200.0	5.859702882384237	0.0	526950.0	9101.33114533582	67.735752	0.0	3.262355999999997	51.24250829039699	
23784.829372099408	750.0	5.379137128992345	0.0	366214.0	4480.565753391893	58.858709	0.0	8.877043000000008	37.767354246545985	
23788.196307957976	750.0	6.012201270422691	0.0	360831.0	3366.935858569653	60.531124	1.6724150000000009	0.0	49.100589048161304	
23791.44382078068	750.0	6.764688447716302	0.0	372963.0	3247.512822706389	69.564049	9.032924999999999	0.0	58.9438058139744	
23796.405996209858	750.0	5.802513018539305	0.0	405596.0	4962.175429176998	60.564875	0.0	8.999173999999996	39.08272725573663	
23799.42159472717	750.0	6.786914501228632	0.0	350713.0	3015.598517310672	67.172129	6.6072539999999975	0.0	56.195305162945644	
23802.879291250312	750.0	7.329217978087122	0.0	386472.0	3457.6965231415106	62.777649	0.0	4.3944800000000015	45.8423031210838	
23807.05534210365	750.0	7.153167124750172	0.0	399894.0	4176.05085333695	55.443233	0.0	7.334415999999997	36.51150936895389	
23811.026124455027	750.0	7.182384773370359	0.0	401853.0	3970.782351379813	47.960406	0.0	7.482827	30.016831048248612	
23814.701942788768	750.0	7.506566439627621	0.0	343800.0	3675.8183337427377	55.451197	7.4907910000000015	0.0	46.53210385732817	
23818.937638638636	750.0	7.270870589760473	0.0	359903.0	4235.695849867147	66.786337	11.335140000000003	0.0	57.277353060696605	
23822.95315947102	750.0	7.25534975737633	0.0	379700.0	4015.5208323841425	66.676537	0.0	0.109800000000007	53.69031629537219	
23826.392624372653	750.0	7.815884855742078	0.0	425781.0	3439.464901634253	65.665965	0.0	1.0105719999999963	51.87874368281537	
23829.106816729643	750.0	9.10169249875397	0.0	277716.0	2714.192356988108	68.231907	2.565942000000007	0.0	55.88863627581473	
23834.254645473586	750.0	7.953863754812784	0.0	400396.0	5147.828743941186	69.601487	1.3695799999999991	0.0	56.69205323288801	
23837.612198236377	750.0	8.596310992022074	0.0	400508.0	3357.55276279071	67.821489	0.0	1.7799980000000062	52.88789921294314	
23841.79039053386	750.0	8.418118694537181	0.0	358218.0	4178.192297484894	64.789531	0.0	3.031958000000003	48.99180250230414	
23849.543811006333	1200.0	4.664698222064722	0.0	620283.0	7753.42047247246	72.909556	8.120024999999998	0.0	61.5051011352081	
23852.710402904973	750.0	5.498106323424667	0.0	369834.0	3166.591898640054	68.369339	0.0	4.540216999999998	50.42328474062561	
23857.28292029481	1200.0	4.92558893358553	0.0	670129.0	4572.517389839138	62.28877	0.0	6.080568999999997	43.639332434497476	
23860.2456391166	750.0	5.962870111793688	0.0	401088.0	2962.718821791842	69.915275	7.6265049999999945	0.0	58.822186338307795	
23864.59394286024	1200.0	5.614566368154075	0.0	598727.0	4348.303743639613	77.763467	7.848192000000012	0.0	65.53488519734074	
23867.899008094955	1200.0	6.309501133435793	0.0	487812.0	3305.0652347182818	77.846693	0.08322599999999625	0.0	63.29163035592236	
23870.846164779217	750.0	7.362344449174991	0.0	361565.0	2947.1566842608026	66.788635	0.0	11.058058000000003	42.16916284841154	
23874.613255541768	750.0	7.595253686622975	0.0	378327.0	3767.0907625520153	62.32333	0.0	4.465305000000001	45.38239461526515	
23878.06257929003	750.0	8.145929938362416	0.0	390680.0	3449.3237482605577	61.525566	0.0	0.7977640000000008	48.59802426280343	
23880.635668804593	750.0	9.57284042379924	0.0	345516.0	2573.0895145631757	79.583372	18.057806	0.0	70.11833935431406	
23884.046832383996	750.0	10.161676844394501	0.0	384505.0	3411.163579404739	64.443828	0.0	15.139544	35.852891186903015	
23889.070522828082	1200.0	9.137986400307483	0.0	599477.0	5023.690444087018	71.343181	6.899353000000005	0.0	59.81481088460728	
23894.568047752728	750.0	7.640461475663691	0.0	438281.0	5497.5249246437925	62.327504	0.0	9.015677000000004	40.55799003037691	
23899.533113773665	750.0	6.675395454725663	0.0	398987.0	4965.066020938028	63.729239	1.4017350000000022	0.0	51.728421217727	
23903.19072035857	750.0	7.017788869822198	0.0	393804.0	3657.6065849034662	62.845425	0.0	0.883814000000001	49.62451534898482	
23908.65347255749	1200.0	5.555036670903292	0.0	538612.0	5462.752198918905	74.51099	11.665565000000008	0.0	63.91782743622792	
23914.206139490077	1200.0	4.0023697383123595	0.0	550906.0	5552.666932590932	86.366143	11.855152999999987	0.0	74.01446138471348	
