11220.444374197094	750.0	4.0	2.7039540741785544	450283.0	2703.9540741785545	64.858346	0.0	0.0	-25.595841560551058	
11223.419707603416	1200.0	5.0246665936790595	0.0	611087.0	2975.3334063209404	69.839987	4.981640999999996	0.0	57.97033059622316	
11225.978509623083	1200.0	6.465864574011337	0.0	571051.0	2558.802019667723	73.587374	3.7473870000000034	0.0	60.77622417883262	
11230.625826239337	1200.0	5.818547957756555	0.0	617681.0	4647.316616254782	69.474665	0.0	4.112708999999995	51.81297205080018	
11235.68948206158	1200.0	4.754892135513749	0.0	652874.0	5063.655822242807	64.23322	0.0	5.241444999999999	46.176398894182356	
11240.332704405513	750.0	4.111669791580177	0.0	318564.0	4643.22234393357	62.986308	0.0	1.2469120000000018	49.35858274895686	
11242.681676657729	750.0	5.762697539363191	0.0	352642.0	2348.9722522169864	81.00828	18.021971999999998	0.0	71.31441799403183	
11247.003377534043	1200.0	5.440996663049285	0.0	709534.0	4321.700876313906	82.426144	1.4178639999999945	0.0	67.56765661211375	
11250.393915370523	1200.0	6.050458826568427	0.0	584846.0	3390.537836480858	82.430225	0.004080999999999335	0.0	67.14984568949134	
11253.187932085639	1200.0	7.256442111453822	0.0	560821.0	2794.016715114605	76.960357	0.0	5.469867999999991	56.71266867445105	
11256.004969098292	1200.0	8.43940509879987	0.0	607410.0	2817.0370126539506	82.096766	5.1364090000000004	0.0	68.39672667617816	
11258.73426866178	1200.0	9.710105535311417	0.0	594078.0	2729.2995634884537	70.906301	0.0	11.190465000000003	45.51593503586405	
11262.247419548428	1200.0	10.196954648664441	0.0	624282.0	3513.150886646976	73.534048	2.6277469999999994	0.0	60.397441453335624	
11268.618407650394	1200.0	7.825966546697893	0.0	687371.0	6370.988101966548	70.998108	0.0	2.5359399999999965	54.776127730538505	
11272.052743857412	1200.0	8.391630339680031	0.0	526950.0	3434.336207017863	67.735752	0.0	3.262355999999997	51.24250829039699	
11275.955058021586	1200.0	8.489316175504824	0.0	587876.0	3902.314164175206	72.569044	4.833292	0.0	60.237368188531434	
11279.133770739745	1200.0	9.310603457346334	0.0	617242.0	3178.712718158491	75.662786	3.0937419999999918	0.0	62.339125264249624	
11285.974978811082	750.0	6.469395386010749	0.0	372963.0	6841.208071335584	69.564049	0.0	6.098737	49.78149799493421	
11291.3173367557	750.0	5.12703744139351	0.0	405596.0	5342.35794461724	60.564875	0.0	8.999173999999996	39.08272725573663	
11293.85924912933	750.0	6.58512506776318	0.0	350713.0	2541.9123736303304	67.172129	6.6072539999999975	0.0	56.195305162945644	
11298.494330359617	750.0	5.950043837474013	0.0	386472.0	4635.081230289167	62.777649	0.0	4.3944800000000015	45.8423031210838	
11302.602310693004	1200.0	5.842063504085986	0.0	616206.0	4107.980333388026	68.532883	5.7552340000000015	0.0	57.09385149382384	
11306.92172569244	1200.0	5.52264850465189	0.0	656471.0	4319.414999434096	63.455907	0.0	5.076975999999995	45.69259308258809	
11310.589275044225	1200.0	5.855099152866597	0.0	536667.0	3667.549351785294	68.420849	4.964942000000001	0.0	56.763485235890926	
11312.588525223238	750.0	7.8558489738539645	0.0	359903.0	1999.250179012632	66.786337	0.0	1.6345120000000009	52.16558832707676	
11315.578225781383	750.0	8.866148415709034	0.0	379700.0	2989.7005581449303	66.676537	0.0	0.109800000000007	53.69031629537219	
11319.926345890195	1200.0	8.518028306897534	0.0	696376.0	4348.120108811499	80.745588	14.069051000000002	0.0	69.91408581334386	
11323.428189604916	1200.0	9.01618459217694	0.0	487160.0	3501.8437147205955	80.893459	0.14787099999999498	0.0	65.89120220426116	
11327.733742202996	750.0	8.71063199409705	0.0	400396.0	4305.552598079889	69.601487	0.0	11.291971999999987	44.303187811671584	
11330.30831739094	750.0	10.136056806153727	0.0	400508.0	2574.575187943323	67.821489	0.0	1.7799980000000062	52.88789921294314	
11332.676185357668	750.0	11.768188839426081	0.0	358218.0	2367.867966727647	64.789531	0.0	3.031958000000003	48.99180250230414	
11336.06940141737	750.0	12.37497277972491	0.0	400322.0	3393.216059701169	60.651768	0.0	4.137763	44.31426861062449	
11338.379703755723	750.0	14.064670441370437	0.0	369834.0	2310.3023383544737	68.369339	7.7175709999999995	0.0	57.54006651746116	
11342.027811965363	1200.0	14.416562231730637	0.0	670129.0	3648.1082096398004	62.28877	0.0	6.080568999999997	43.639332434497476	
11346.451932123697	750.0	13.99244207339664	0.0	401088.0	4424.120158333997	69.915275	7.6265049999999945	0.0	58.822186338307795	
11356.061976557026	1200.0	8.38239764006764	0.0	598727.0	9610.044433329	77.763467	7.848192000000012	0.0	65.53488519734074	
11360.432757669598	750.0	8.011616527496045	0.0	321064.0	4370.781112571595	67.040505	0.0	10.72296200000001	42.738008305810055	
11367.226202759904	1200.0	5.218171437188402	0.0	575591.0	6793.445090307643	77.292461	10.251956000000007	0.0	65.85224300678595	
11372.14761285412	1200.0	4.29676134297404	0.0	605884.0	4921.410094214361	74.001829	0.0	3.290632000000002	56.519254990333565	
11375.697319810779	1200.0	4.747054386314281	0.0	587506.0	3549.7069566597597	72.886388	0.0	1.1154410000000041	57.88246197348263	
11377.708603565048	750.0	6.735770632044932	0.0	345516.0	2011.283754269349	79.583372	6.6969840000000005	0.0	66.73313750009174	
11381.029579529253	1200.0	7.414794667838873	0.0	641452.0	3320.9759642060594	75.706383	0.0	3.8769889999999947	57.34071953352638	
11384.083099977503	1200.0	8.361274219589514	0.0	599477.0	3053.5204482493564	71.343181	0.0	4.363202000000001	53.129647516624864	
11388.552580631802	1850.0	7.891793565290085	0.0	973972.0	4469.48065429943	84.84845	13.505268999999998	0.0	73.22081315225216	
11392.778948136494	1850.0	7.665426060597683	0.0	958994.0	4226.367504692402	87.119023	2.270572999999999	0.0	71.79614403033668	
11397.99875527902	1850.0	6.445618918069637	0.0	982064.0	5219.807142528047	86.680563	0.0	0.4384599999999921	70.28304003058662	
11403.287223410825	1850.0	5.157150786264689	0.0	830730.0	5288.468131804948	84.040637	0.0	2.6399260000000027	65.71153085892459	
11408.392776651379	1850.0	4.051597545712395	0.0	846370.0	5105.553240552294	92.020773	7.980136000000002	0.0	77.64872889128998	
