11605.092850121	750.0	4.0	6.650702047500183	450283.0	6650.702047500184	64.858346	0.0	0.0	-139.24605472768602	
11608.301182162379	300.0	4.7916679586228605	0.0	155580.0	3208.33204137714	18.412623	0.0	46.445723	-36.3468075049402	
11611.054279941347	300.0	6.038570179654275	0.0	139857.0	2753.0977789685853	17.596212	0.0	0.8164109999999987	11.374421591985136	
11614.643769268565	300.0	6.449080852435839	0.0	155432.0	3589.4893272184354	19.997309	2.401097	0.0	14.989583049748727	
11618.138092533694	300.0	6.9547575873057905	0.0	163442.0	3494.323265130049	16.877619	0.0	3.119690000000002	8.322067973538104	
11619.693654609351	300.0	9.399195511649754	0.0	126289.0	1555.5620756560363	18.579568	1.701948999999999	0.0	13.580570417102745	
11621.947243313727	300.0	11.145606807272678	0.0	153295.0	2253.5887043770767	42.291519	23.711951000000003	0.0	40.220602433691965	
11624.522477125493	300.0	12.570372995509178	0.0	173849.0	2575.233811763499	35.451274	0.0	6.840245000000003	20.10461217328575	
11630.974194538048	750.0	10.118655582953284	0.0	374758.0	6451.717412555894	70.789292	35.338018000000005	0.0	67.81963505559679	
11636.725058029637	750.0	8.367792091364361	0.0	362795.0	5750.863491588923	64.786022	0.0	6.0032700000000006	45.836272051926805	
11641.46489351933	750.0	7.627956601669604	0.0	353220.0	4739.835489694757	70.008689	5.222667000000001	0.0	58.18502339881593	
11646.005016202014	750.0	7.087833918985957	0.0	405134.0	4540.122682683647	59.00323	0.0	11.005459000000002	35.63150226952917	
11650.474929665765	750.0	6.6179204552357085	0.0	386351.0	4469.913463750248	59.358241	0.3550109999999975	0.0	47.71472422025977	
11655.536714206235	750.0	5.556135914764107	0.0	434409.0	5061.784540471601	56.692976	0.0	2.665264999999998	42.523882025230556	
11659.588777677536	750.0	5.504072443464154	0.0	337059.0	4052.063471299954	54.76216	0.0	1.930816	41.66792139000558	
11664.708034950309	750.0	4.384815170691911	0.0	366214.0	5119.257272772244	58.858709	4.096548999999996	0.0	48.406541934633836	
11669.033211225922	750.0	4.059638895079936	0.0	360831.0	4325.176275611974	60.531124	1.6724150000000009	0.0	49.100589048161304	
11672.39684550185	750.0	4.696004619152397	0.0	372963.0	3363.6342759275394	69.564049	9.032924999999999	0.0	58.9438058139744	
11675.912318717976	750.0	5.180531403025968	0.0	405596.0	3515.4732161264287	60.564875	0.0	8.999173999999996	39.08272725573663	
11679.354431132864	750.0	5.738418988137321	0.0	350713.0	3442.1124148886483	67.172129	6.6072539999999975	0.0	56.195305162945644	
11681.604365585074	300.0	7.488484535928498	0.0	157671.0	2249.9344522088236	28.807059	0.0	38.36507	-18.970184520798494	
11683.80347440763	300.0	9.289375713371687	0.0	157812.0	2199.10882255681	21.07483	0.0	7.732229	6.982791919539274	
11688.961920796322	750.0	8.130929324680626	0.0	401853.0	5158.44638869106	47.960406	26.885576	0.0	45.96723906187267	
11691.859689583882	750.0	9.233160537119296	0.0	343800.0	2897.7687875613306	55.451197	7.4907910000000015	0.0	46.53210385732817	
11695.077268121706	750.0	10.015581999296296	0.0	359903.0	3217.5785378230003	66.786337	11.335140000000003	0.0	57.277353060696605	
11700.092001198414	750.0	9.000848922588155	0.0	379700.0	5014.733076708142	66.676537	0.0	0.109800000000007	53.69031629537219	
11706.773015048808	750.0	6.319835072195235	0.0	425781.0	6681.01385039292	65.665965	0.0	1.0105719999999963	51.87874368281537	
11712.282559916797	750.0	4.8102902042052635	0.0	277716.0	5509.544867989971	68.231907	2.565942000000007	0.0	55.88863627581473	
11715.287819348745	750.0	5.805030772259147	0.0	400396.0	3005.259431946117	69.601487	1.3695799999999991	0.0	56.69205323288801	
11719.26470451476	750.0	5.8281456062444565	0.0	400508.0	3976.88516601469	67.821489	0.0	1.7799980000000062	52.88789921294314	
11724.557245625057	750.0	4.535604495946618	0.0	358218.0	5292.541110297839	64.789531	0.0	3.031958000000003	48.99180250230414	
11728.422319499103	300.0	4.670530621900761	0.0	157488.0	3865.0738740458564	17.795984	0.0	46.99354699999999	-37.450280397301974	
11731.703220114958	300.0	5.389630006047461	0.0	143881.0	3280.900615853301	25.091594	7.29561	0.0	20.762364294012507	
11734.837931480055	300.0	6.254918640949854	0.0	163444.0	3134.7113650976066	17.178658	0.0	7.912936000000002	3.491389644148983	
11738.585852969394	300.0	6.506997151610196	0.0	179328.0	3747.921489339658	28.893466	11.714808000000001	0.0	25.298969194880584	
11744.522267515786	750.0	4.570582605219599	0.0	365161.0	5936.414546390597	60.276519	31.383053	0.0	57.73788894705108	
11747.681503435191	750.0	5.411346685815715	0.0	321064.0	3159.235919403883	67.040505	6.763985999999996	0.0	56.13053433110116	
11750.82796665708	750.0	6.264883463926124	0.0	361565.0	3146.4632218895913	66.788635	0.0	0.2518699999999967	53.6345161054191	
11753.736937871856	750.0	7.355912249150179	0.0	378327.0	2908.971214775946	62.32333	0.0	4.465305000000001	45.38239461526515	
11756.683574849816	750.0	8.40927527119129	0.0	390680.0	2946.6369779588886	61.525566	0.0	0.7977640000000008	48.59802426280343	
11760.037633157317	750.0	9.055216963691278	0.0	345516.0	3354.0583075000145	79.583372	18.057806	0.0	70.11833935431406	
11768.052314449536	750.0	5.040535671473028	0.0	384505.0	8014.681292218249	64.443828	0.0	15.139544	35.852891186903015	
11771.003894502537	300.0	6.088955618471033	0.0	145210.0	2951.5800530019947	23.926655	0.0	40.517173	-25.3867828879665	
11774.578775324127	300.0	6.514074796882378	0.0	172312.0	3574.880821588655	26.146503	2.219847999999999	0.0	20.143335165183682	
11778.665345385134	300.0	6.427504735873974	0.0	167025.0	4086.5700610084036	26.908827	0.7623239999999996	0.0	20.354647499322645	
11785.60644019941	750.0	4.0	0.5135900784018759	393804.0	6941.09481427585	62.845425	35.936598000000004	0.0	46.48102970958105	
11788.602802354113	750.0	5.003637845298286	0.0	331053.0	2996.362154701714	60.678126	0.0	2.167299	46.42725130719397	
11792.223303952545	750.0	5.383136246865174	0.0	314107.0	3620.501598433112	75.210559	14.532433000000005	0.0	65.36453832212788	
