7971.849917840199	750.0	4.0	1.1823497891980714	450283.0	1182.3497891980714	64.858346	0.0	0.0	18.2201437805442	
7975.5095923940025	2850.0	4.34032544619563	0.0	1431809.0	3659.674553804371	90.683379	25.825033000000005	0.0	81.83336023868588	
7978.495165717601	2850.0	5.3547521225974215	0.0	1300868.0	2985.5733235982075	90.483169	0.0	0.20020999999999844	73.75625421563069	
7982.075700911243	2850.0	5.7742169289551715	0.0	1520281.0	3580.5351936422503	89.788956	0.0	0.6942130000000049	72.64418783751978	
7987.78784012965	4300.0	4.062077710547972	0.0	2233056.0	5712.139218407199	99.974278	10.185322	0.0	85.04164373715562	
7990.977078199278	2850.0	4.8728396409193335	0.0	1224260.0	3189.2380696286386	94.229141	0.0	5.745137	71.04556074176742	
7993.0828349912545	1850.0	6.767082848943082	0.0	905515.0	2105.7567919762514	94.086702	0.0	0.14243899999999599	76.86938524293578	
7996.34653194554	1850.0	7.503385894658554	0.0	1060487.0	3263.696954284528	90.155937	0.0	3.930765000000008	69.52100643540265	
7999.344378054082	1850.0	8.505539786115682	0.0	852833.0	2997.8461085428735	90.218296	0.06235900000000072	0.0	73.76293677284315	
8002.951034043677	2850.0	8.898883796520714	0.0	1429765.0	3606.6559895949695	94.962414	4.744118	0.0	79.175766558347	
8006.396438423954	2850.0	9.45347941624427	0.0	1354548.0	3445.4043802764418	95.957675	0.9952609999999993	0.0	78.90160142552716	
8011.721221893649	4300.0	8.128695946548444	0.0	2102452.0	5324.783469695827	99.974279	4.016604000000001	0.0	83.20354205839664	
8016.361023914766	2850.0	7.488893925432753	0.0	1422919.0	4639.802021115691	93.510922	0.0	6.463357000000002	69.67526967221511	
8020.131689956877	2850.0	7.718227883321089	0.0	1578343.0	3770.666042111664	91.568178	0.0	1.9427439999999905	72.82632292630404	
8023.142853662637	2850.0	8.707064177561683	0.0	1231445.0	3011.1637057594044	88.830113	0.0	2.738065000000006	69.66361798364525	
8027.250553288434	2850.0	8.599364551764493	0.0	1471065.0	4107.699625797191	93.514387	4.684274000000002	0.0	77.93159908918065	
8031.312231309443	2850.0	8.537686530756611	0.0	1491626.0	4061.6780210078814	94.650033	1.1356459999999942	0.0	77.83598871477156	
8034.789535481823	2850.0	9.060382358376282	0.0	1358801.0	3477.304172380329	92.142023	0.0	2.5080099999999987	72.71256630078412	
8040.109452803802	2850.0	7.740465036397079	0.0	1537156.0	5319.917321979204	89.30989	0.0	2.832132999999999	69.9701356109968	
8043.164866594738	2850.0	8.685051245461482	0.0	1336050.0	3055.413790935597	93.680429	4.370539000000008	0.0	77.97873613425025	
8047.649438666776	4300.0	8.200479173421689	0.0	2039773.0	4484.572072039793	99.974277	6.293847999999997	0.0	83.88209431177509	
8052.92651599328	4300.0	6.9234018469184	0.0	2176469.0	5277.0773265032885	99.974278	9.999999974752427e-07	0.0	82.00670774968486	
8058.052328856785	4300.0	5.797588983413574	0.0	2221506.0	5125.812863504826	99.974279	9.999999974752427e-07	0.0	82.00670859658595	
8060.929359322076	2850.0	6.920558518121298	0.0	1323990.0	2877.0304652922764	89.320458	0.0	10.653820999999994	61.680283532329035	
8063.917992088082	2850.0	7.931925752115563	0.0	1383735.0	2988.6327660057336	93.348429	4.027970999999994	0.0	77.59548944768414	
8065.746594383777	1850.0	10.103323456420323	0.0	905935.0	1828.6022956952406	89.133614	0.0	4.2148150000000015	68.35382323312385	
8069.5899720845655	2850.0	10.259945755632524	0.0	1547572.0	3843.3777007877998	97.509012	8.375398000000004	0.0	82.41450137220158	
8072.0383793624105	1850.0	11.81153847778648	0.0	758197.0	2448.4072778460436	87.50057	0.0	10.008442000000002	60.823764772973966	
8075.437485768326	1850.0	12.412432071872146	0.0	972798.0	3399.1064059143337	88.832031	1.3314610000000044	0.0	72.96706372219077	
8078.325798867237	1850.0	13.524118972960956	0.0	975811.0	2888.31309891119	89.334885	0.5028539999999992	0.0	73.14603000751325	
8083.022487252972	1850.0	12.827430587226736	0.0	873429.0	4696.688385734219	87.120667	0.0	2.2142180000000025	68.77168736090755	
8088.920334559238	2850.0	10.92958328095995	0.0	1497683.0	5897.847306266787	92.910185	5.789518000000001	0.0	77.74923102961907	
8093.562407981994	2850.0	10.287509858204107	0.0	1358081.0	4642.073422755843	95.193139	2.2829540000000037	0.0	78.63781093814865	
8101.558610194115	4300.0	6.2913076460830375	0.0	2286761.0	7996.202212121069	99.974277	4.7811379999999986	0.0	83.43134975324747	
8105.333327639281	1850.0	6.5165902009163545	0.0	1026056.0	3774.7174451666824	97.037422	0.0	2.936854999999994	76.40348103841788	
8111.384004577828	2850.0	4.465913262370708	0.0	1439896.0	6050.676938545646	97.217465	0.18004299999999773	0.0	79.72560718309609	
8114.902121329791	1850.0	4.947796510407556	0.0	728962.0	3518.116751963152	86.066994	0.0	11.15047100000001	58.39797620313311	
8118.261696928756	1850.0	5.588220911443195	0.0	938587.0	3359.575598964361	86.593761	0.5267670000000066	0.0	70.83169447059112	
8122.7703004038995	2850.0	5.079617436299046	0.0	1427478.0	4508.603475144149	90.92969	4.335928999999993	0.0	75.63881945364574	
8126.465509910295	2850.0	5.384407929903848	0.0	1402287.0	3695.209506395199	91.34334	0.41365000000000407	0.0	74.82041250127551	
8128.62834010272	1850.0	7.221577737478961	0.0	858450.0	2162.8301924248867	92.068418	0.7250779999999963	0.0	75.52727854404898	
8132.098551398003	2850.0	7.751366442195678	0.0	1527299.0	3470.2112952832836	92.902955	0.8345370000000116	0.0	76.26666451632573	
8137.622851377599	4300.0	6.2270664626004795	0.0	2121928.0	5524.299979595199	99.974273	7.071317999999991	0.0	84.11375487292386	
8141.374019701404	2850.0	6.475898138795641	0.0	1587250.0	3751.1683238048386	95.172719	0.0	4.801553999999996	72.84581848465444	
8144.982601374581	2850.0	6.867316465618623	0.0	1464921.0	3608.5816731770174	96.481395	1.3086760000000055	0.0	79.43852922609656	
8149.519936467581	2850.0	6.329981372618671	0.0	1483527.0	4537.335092999952	95.602302	0.0	0.8790930000000117	77.37135948851477	
8155.10166570309	4300.0	4.748252137109236	0.0	1961140.0	5581.729235509435	99.97428	4.371977999999999	0.0	83.30943425046118	
8158.593707173461	2850.0	5.256210666737817	0.0	1364537.0	3492.041470371419	97.895096	0.0	2.079183999999998	78.03983405429102	
