16579.492950961296	750.0	4.0	4.594934407378574	450283.0	4594.934407378574	64.858346	0.0	0.0	-80.04834762776036	
16582.28134232861	750.0	5.211608632686832	0.0	398865.0	2788.3913673131688	57.017244	0.0	7.841101999999999	37.30694774282116	
16586.41899582467	750.0	5.073955136624745	0.0	350812.0	4137.653496062087	60.430767	3.413523000000005	0.0	49.53439726135709	
16589.87000302719	750.0	5.622947934107206	0.0	382355.0	3451.00720251754	55.551349	0.0	4.879418000000001	39.207823032133746	
16594.511044320152	750.0	4.981906641142959	0.0	411561.0	4641.041292964247	51.003805	0.0	4.547544000000002	35.708620955217725	
16599.037560228346	750.0	4.455390732952557	0.0	318564.0	4526.515908190402	62.986308	11.982503000000001	0.0	54.252000083560986	
16601.286037202284	300.0	6.206913759010872	0.0	153295.0	2248.4769739416843	42.291519	0.0	20.694789	11.19796765968998	
16604.773375754194	300.0	6.719575207103205	0.0	173849.0	3487.3385519076674	35.451274	0.0	6.840245000000003	20.10461217328575	
16608.61291639862	300.0	6.880034562677848	0.0	150710.0	3839.5406444253567	28.497356	0.0	6.953917999999998	14.094724445226447	
16614.218267504868	750.0	5.274683456426911	0.0	362795.0	5605.351106250937	64.786022	36.288666000000006	0.0	63.01872515657066	
16617.210223332033	750.0	6.282727629262471	0.0	353220.0	2991.95582716444	70.008689	5.222667000000001	0.0	58.18502339881593	
16620.702800562893	750.0	6.790150398401529	0.0	405134.0	3492.5772308609417	59.00323	0.0	11.005459000000002	35.63150226952917	
16624.453951662468	750.0	7.038999298827699	0.0	386351.0	3751.1510995738304	59.358241	0.3550109999999975	0.0	47.71472422025977	
16626.753441991783	300.0	8.739508969512665	0.0	179801.0	2299.4903293150346	23.726678	0.0	35.631563	-20.372516939980503	
16628.816134446133	300.0	10.676816515163836	0.0	140051.0	2062.6924543488303	21.119447	0.0	2.6072309999999987	12.458195192670239	
16630.248875481284	300.0	13.24407548001341	0.0	138313.0	1432.7410351504245	19.984984	0.0	1.1344630000000002	13.060022413833098	
16631.66100461126	300.0	15.831946350037702	0.0	143509.0	1412.1291299757083	18.452936	0.0	1.5320479999999996	11.340692041651348	
16633.272633107288	300.0	18.220317854007735	0.0	150616.0	1611.6284960299677	35.116669	16.663733	0.0	32.04404556367689	
16635.3733872514	300.0	20.11956370989798	0.0	165384.0	2100.7541441097533	26.310814	0.0	8.805855000000001	10.278036555919055	
16637.89600242209	300.0	21.59694853920688	0.0	140881.0	2522.6151706911	26.782579	0.47176499999999777	0.0	20.161149610747803	
16648.969605243878	750.0	14.523345717420169	0.0	386472.0	11073.602821786713	62.777649	35.99507	0.0	61.23034859553061	
16660.760352819732	750.0	6.73259814156329	0.0	399894.0	11790.747575856878	55.443233	0.0	7.334415999999997	36.51150936895389	
16667.043345305516	750.0	4.44960565577948	0.0	401853.0	6282.9924857838105	47.960406	0.0	7.482827	30.016831048248612	
16669.74695231146	750.0	5.745998649838374	0.0	343800.0	2703.607005941106	55.451197	7.4907910000000015	0.0	46.53210385732817	
16672.744126989888	750.0	6.748823971407449	0.0	359903.0	2997.174678430925	66.786337	11.335140000000003	0.0	57.277353060696605	
16677.574128640874	750.0	5.918822320424398	0.0	379700.0	4830.001650983052	66.676537	0.0	0.109800000000007	53.69031629537219	
16682.86909595285	1200.0	4.623855008448801	0.0	696376.0	5294.967311975597	80.745588	14.069051000000002	0.0	69.91408581334386	
16686.227531328455	1200.0	5.265419632843537	0.0	487160.0	3358.4353756052637	80.893459	0.14787099999999498	0.0	65.89120220426116	
16690.199588179206	1200.0	5.293362782091428	0.0	622896.0	3972.0568507521098	80.053124	0.0	0.8403349999999961	64.24386573042244	
16694.5854734701	1200.0	4.907477491199731	0.0	641447.0	4385.885290891697	80.154442	0.10131800000000624	0.0	65.2514564240098	
16698.18886545028	1200.0	5.304085511014863	0.0	570392.0	3603.391980184868	78.009495	0.0	2.144947000000002	61.12892222454211	
16701.898422744467	1200.0	5.594528216831055	0.0	620283.0	3709.5572941838077	72.909556	0.0	5.099939000000006	53.67453510265016	
16703.830289711503	750.0	7.662661249796448	0.0	369834.0	1931.8669670346071	68.369339	0.0	4.540216999999998	50.42328474062561	
16707.9390509755	1200.0	7.553899985800176	0.0	670129.0	4108.761263996272	62.28877	0.0	6.080568999999997	43.639332434497476	
16712.76031583834	1200.0	6.732635122959367	0.0	690253.0	4821.264862840809	87.732581	25.443810999999997	0.0	79.22073285256175	
16716.830536654896	1200.0	6.662414306400626	0.0	598727.0	4070.220816558742	77.763467	0.0	9.96911399999999	52.61912849502004	
16720.010698971648	1200.0	7.482251989650633	0.0	487812.0	3180.1623167499934	77.846693	0.08322599999999625	0.0	63.29163035592236	
16723.580886240594	1200.0	7.9120647207035395	0.0	575591.0	3570.187268947093	77.292461	0.0	0.554231999999999	62.20941215869677	
16727.59620064705	1200.0	7.896750314247492	0.0	605884.0	4015.3144064560483	74.001829	0.0	3.290632000000002	56.519254990333565	
16731.317974559828	1200.0	8.174976401469724	0.0	587506.0	3721.773912777767	72.886388	0.0	1.1154410000000041	57.88246197348263	
16733.63031746771	750.0	9.862633493589708	0.0	345516.0	2312.342907880017	79.583372	6.6969840000000005	0.0	66.73313750009174	
16737.366588558256	1200.0	10.12636240304138	0.0	641452.0	3736.2710905483295	75.706383	0.0	3.8769889999999947	57.34071953352638	
16742.922813972957	1850.0	8.570136988339815	0.0	886255.0	5556.225414701565	78.86339	3.157006999999993	0.0	65.06857148325741	
16747.30537138537	1200.0	8.187579575928657	0.0	634861.0	4382.557412411158	75.003938	0.0	3.8594519999999903	56.76442482752008	
16752.117161434435	1200.0	7.375789526862645	0.0	630203.0	4811.790049066011	77.745919	2.7419809999999956	0.0	63.99851811947875	
16755.847680981064	1200.0	7.645269980235472	0.0	638661.0	3730.5195466271734	77.309224	0.0	0.4366950000000003	62.348315386019244	
16762.228174789878	1850.0	5.264776171420349	0.0	830730.0	6380.493808815122	84.040637	6.731413000000003	0.0	70.51825899442247	
16766.877841317295	1200.0	4.615109644003103	0.0	550906.0	4649.666527417247	86.366143	2.32550599999999	0.0	71.17489760187416	
