8350.849263193702	750.0	4.0	2.287148895543779	450283.0	2287.148895543779	64.858346	0.0	0.0	-13.593555698568117	
8354.46211508963	1200.0	4.387148104074564	0.0	611087.0	3612.851895925436	69.839987	4.981640999999996	0.0	57.97033059622316	
8356.168723931067	750.0	6.680539262635876	0.0	350812.0	1706.6088414386877	60.430767	0.0	9.40921999999999	38.53409270036982	
8358.001844110562	750.0	8.84741908314111	0.0	382355.0	1833.1201794947656	55.551349	0.0	4.879418000000001	39.207823032133746	
8360.04304949339	750.0	10.806213700313291	0.0	411561.0	2041.2053828278174	51.003805	0.0	4.547544000000002	35.708620955217725	
8361.628863962049	750.0	13.220399231653543	0.0	318564.0	1585.8144686597504	62.986308	11.982503000000001	0.0	54.252000083560986	
8362.561772514167	300.0	16.287490679535697	0.0	153295.0	932.9085521178446	42.291519	0.0	20.694789	11.19796765968998	
8363.822859190992	300.0	19.026404002712034	0.0	173849.0	1261.0866768236647	35.451274	0.0	6.840245000000003	20.10461217328575	
8367.422574774815	750.0	19.426688418888595	0.0	374758.0	3599.71558382344	70.789292	35.338018000000005	0.0	67.81963505559679	
8371.55241549872	750.0	19.296847694982834	0.0	362795.0	4129.840723905765	64.786022	0.0	6.0032700000000006	45.836272051926805	
8377.640181048058	750.0	17.209082145644047	0.0	353220.0	6087.765549338785	70.008689	5.222667000000001	0.0	58.18502339881593	
8386.311817562173	750.0	12.537445631529478	0.0	405134.0	8671.636514114569	59.00323	0.0	11.005459000000002	35.63150226952917	
8389.954681003293	300.0	12.89458219041011	0.0	160746.0	3642.863441119366	21.445722	0.0	37.557508	-24.347686554114247	
8393.18326582046	300.0	13.665997373242973	0.0	179801.0	3228.584817167137	23.726678	2.2809559999999998	0.0	18.112191156964666	
8395.526489587031	300.0	15.322773606671992	0.0	140051.0	2343.2237665709813	21.119447	0.0	2.6072309999999987	12.458195192670239	
8397.772997703305	300.0	17.076265490397937	0.0	138313.0	2246.508116274054	19.984984	0.0	1.1344630000000002	13.060022413833098	
8399.977086403738	300.0	18.87217678996436	0.0	143509.0	2204.08870043358	18.452936	0.0	1.5320479999999996	11.340692041651348	
8402.015031319836	300.0	20.834231873866823	0.0	150616.0	2037.9449160975398	35.116669	16.663733	0.0	32.04404556367689	
8407.313620314913	750.0	19.535642878790416	0.0	405596.0	5298.588995076407	60.564875	25.448206	0.0	56.21368234169137	
8412.24563411678	750.0	18.60362907692242	0.0	350713.0	4932.013801867992	67.172129	6.6072539999999975	0.0	56.195305162945644	
8420.814005072762	750.0	14.035258120941707	0.0	386472.0	8568.370955980714	62.777649	0.0	4.3944800000000015	45.8423031210838	
8429.302095816196	750.0	9.547167377505765	0.0	399894.0	8488.090743435941	55.443233	0.0	7.334415999999997	36.51150936895389	
8439.04860148213	750.0	4.0	0.1993382884285038	401853.0	9746.50566593427	47.960406	0.0	7.482827	24.276702941410132	
8443.559459347041	750.0	4.0	0.5108578649098181	343800.0	4510.857864909818	55.451197	7.4907910000000015	0.0	31.82148497880752	
8446.591573714248	750.0	4.967885632793955	0.0	359903.0	3032.1143672060452	66.786337	11.335140000000003	0.0	57.277353060696605	
8449.19181357512	750.0	6.367645771919419	0.0	379700.0	2600.239860874536	66.676537	0.0	0.109800000000007	53.69031629537219	
8452.026712720619	750.0	7.532746626421338	0.0	425781.0	2834.89914549808	65.665965	0.0	1.0105719999999963	51.87874368281537	
8454.948506543298	1200.0	8.610952803743473	0.0	487160.0	2921.793822677865	80.893459	15.227493999999993	0.0	70.38450099378304	
8458.745067366292	1200.0	8.814391980750411	0.0	622896.0	3796.5608229930604	80.053124	0.0	0.8403349999999961	64.24386573042244	
8462.496131898924	1200.0	9.063327448116787	0.0	641447.0	3751.064532633623	80.154442	0.10131800000000624	0.0	65.2514564240098	
8468.20197676046	1200.0	7.357482586580656	0.0	570392.0	5705.844861536132	78.009495	0.0	2.144947000000002	61.12892222454211	
8472.963575710113	1200.0	6.5958836369264775	0.0	620283.0	4761.598949654179	72.909556	0.0	5.099939000000006	53.67453510265016	
8476.417371377056	750.0	7.14208796998322	0.0	369834.0	3453.7956669432574	68.369339	0.0	4.540216999999998	50.42328474062561	
8481.667290901829	750.0	5.892168445211497	0.0	412837.0	5249.919524771723	49.996929	0.0	18.372409999999995	20.187729359352712	
8484.331027578703	750.0	7.228431768338094	0.0	401088.0	2663.736676873403	69.915275	19.918345999999993	0.0	62.48480537634975	
8487.75554016627	750.0	7.803919180770748	0.0	365161.0	3424.5125875673457	60.276519	0.0	9.638755999999994	38.15992246287269	
8490.253424639313	750.0	9.306034707728667	0.0	321064.0	2497.8844730420815	67.040505	6.763985999999996	0.0	56.13053433110116	
8492.777600071697	750.0	10.781859275344114	0.0	361565.0	2524.1754323845526	66.788635	0.0	0.2518699999999967	53.6345161054191	
8498.195128355012	750.0	9.36433099202902	0.0	378327.0	5417.528283315096	62.32333	0.0	4.465305000000001	45.38239461526515	
8503.737003831517	750.0	7.822455515523403	0.0	390680.0	5541.8754765056165	61.525566	0.0	0.7977640000000008	48.59802426280343	
8510.241003192272	750.0	5.318456154768821	0.0	345516.0	6503.999360754582	79.583372	18.057806	0.0	70.11833935431406	
8512.842528280617	300.0	6.7169310664246495	0.0	161857.0	2601.5250883441718	26.901789	0.0	52.681582999999996	-35.7735638949358	
8515.246163501393	300.0	8.313295845647168	0.0	145210.0	2403.635220777481	23.926655	0.0	2.9751340000000006	14.445278068529426	
8523.861417908707	750.0	4.0	0.30195856166833435	438281.0	8615.254407315502	62.327504	38.400848999999994	0.0	52.870801405169736	
8527.240879468403	750.0	4.620538440303072	0.0	398987.0	3379.461559696928	63.729239	1.4017350000000022	0.0	51.728421217727	
8531.617604021745	1200.0	4.243813886962832	0.0	638661.0	4376.72455334024	77.309224	13.579985	0.0	66.8580976027805	
8535.699153213314	1850.0	4.162264695392347	0.0	830730.0	4081.5491915704856	84.040637	6.731413000000003	0.0	70.51825899442247	
8538.960592808135	1200.0	4.900825100572026	0.0	550906.0	3261.439594820321	86.366143	2.32550599999999	0.0	71.17489760187416	
