5890.253336635151	750.0	4.0	2.7857807865153212	450283.0	2785.7807865153213	64.858346	0.0	0.0	-27.952116489353436	
5893.482312877082	1200.0	4.7710237580683845	0.0	611087.0	3228.976241931616	69.839987	4.981640999999996	0.0	57.97033059622316	
5896.034727829978	1200.0	6.218608805172547	0.0	571051.0	2552.4149528958364	73.587374	3.7473870000000034	0.0	60.77622417883262	
5900.631646756765	1850.0	5.621689878385837	0.0	933276.0	4596.9189267867105	78.955826	5.368452000000005	0.0	65.80580334984123	
5904.979411970749	1850.0	5.273924664401119	0.0	996749.0	4347.765213984718	75.455188	0.0	3.500637999999995	57.52729019743525	
5908.544997798268	1850.0	5.70833883688248	0.0	801058.0	3565.5858275186392	86.249306	10.794117999999997	0.0	73.59935374672818	
5911.522090491762	1200.0	6.731246143388296	0.0	561791.0	2977.092693494183	89.177904	2.928597999999994	0.0	73.73588534977478	
5915.483767962295	1200.0	6.7695686728552715	0.0	709534.0	3961.677470533025	82.426144	0.0	6.751760000000004	59.981563733654696	
5918.411919635073	1200.0	7.841417000077387	0.0	584846.0	2928.151672777885	82.430225	0.004080999999999335	0.0	67.14984568949134	
5921.931923596241	1200.0	8.321413038909308	0.0	560821.0	3520.0039611680777	76.960357	0.0	5.469867999999991	56.71266867445105	
5925.147870379668	1200.0	9.105466255482504	0.0	607410.0	3215.9467834268044	82.096766	5.1364090000000004	0.0	68.39672667617816	
5929.344789472413	1850.0	8.908547162738076	0.0	917428.0	4196.919092744429	82.202545	0.10577899999999829	0.0	66.98732635875223	
5934.037181610188	1850.0	8.216155024963786	0.0	946851.0	4692.39213777429	83.629776	1.4272310000000061	0.0	68.58980497651146	
5939.199591624354	1850.0	7.053745010797632	0.0	1036454.0	5162.410014166154	80.875505	0.0	2.754271000000003	62.909657170689236	
5943.264404503261	1850.0	6.988932131890606	0.0	821631.0	4064.812878907026	78.494849	0.0	2.380656000000002	61.28988207838268	
5945.703440701594	1200.0	8.549895933556568	0.0	587876.0	2439.036198334037	72.569044	0.0	5.925804999999997	52.50991222251557	
5948.717939452689	1200.0	9.535397182461706	0.0	617242.0	3014.4987510948627	75.662786	3.0937419999999918	0.0	62.339125264249624	
5951.590865102032	1200.0	10.662471533118516	0.0	581493.0	2872.9256493431894	79.137254	3.4744680000000017	0.0	65.39510155551699	
5956.210292874761	1850.0	10.043043760389784	0.0	987708.0	4619.427772728732	79.995224	0.8579699999999946	0.0	65.34207530148709	
5960.192763566999	1200.0	10.0605730681522	0.0	586839.0	3982.4706922375854	79.134663	0.0	0.8605609999999899	63.444560336070744	
5963.5013038281295	1200.0	10.752032807021438	0.0	601738.0	3308.5402611307627	74.235946	0.0	4.898717000000005	55.01135256729831	
5966.245319015756	1200.0	12.00801761939579	0.0	616206.0	2744.0151876256477	68.532883	0.0	5.703063	49.32801204213999	
5973.160220263782	1850.0	9.093116371368728	0.0	968026.0	6914.901248027062	73.123347	4.590463999999997	0.0	60.634452170993036	
5979.596598814256	1850.0	6.656737820894627	0.0	874175.0	6436.378550474101	80.700778	7.577431000000004	0.0	67.94181803672566	
5984.032465910994	1200.0	6.2208707241578125	0.0	587236.0	4435.867096736814	78.698824	0.0	2.001953999999998	61.86443112432193	
5987.683599062745	1200.0	6.569737572405555	0.0	590335.0	3651.133151752258	79.644231	0.945407000000003	0.0	65.07087268298653	
5990.753479146646	1200.0	7.499857488505093	0.0	696376.0	3069.880083900461	80.745588	1.101356999999993	0.0	66.05008180256124	
5993.014866214674	1200.0	9.238470420477423	0.0	487160.0	2261.387068027671	80.893459	0.14787099999999498	0.0	65.89120220426116	
5996.079238940998	1200.0	10.174097694153685	0.0	622896.0	3064.3727263237383	80.053124	0.0	0.8403349999999961	64.24386573042244	
5998.848698517132	1200.0	11.404638118018985	0.0	641447.0	2769.459576134698	80.154442	0.10131800000000624	0.0	65.2514564240098	
6001.657152056986	1200.0	12.596184578165817	0.0	570392.0	2808.45353985317	78.009495	0.0	2.144947000000002	61.12892222454211	
6004.574034794405	1200.0	13.679301840745977	0.0	620283.0	2916.882737419839	72.909556	0.0	5.099939000000006	53.67453510265016	
6007.295475801934	1200.0	14.957860833216902	0.0	584349.0	2721.4410075290743	79.771897	6.862341000000001	0.0	66.94207121321617	
6012.0493868338335	1850.0	14.203949801317744	0.0	1035329.0	4753.911031899159	71.430146	0.0	8.341751000000002	48.982062277546724	
6014.186081841914	750.0	16.067254793236874	0.0	401088.0	2136.6950080808706	69.915275	0.0	1.5148709999999994	54.942428326914225	
6018.735561645088	1200.0	15.51777499006339	0.0	598727.0	4549.479803173483	77.763467	7.848192000000012	0.0	65.53488519734074	
6022.25929350084	1200.0	15.994043134311065	0.0	487812.0	3523.731855752326	77.846693	0.08322599999999625	0.0	63.29163035592236	
6026.191097256682	1200.0	16.062239378469123	0.0	575591.0	3931.8037558419423	77.292461	0.0	0.554231999999999	62.20941215869677	
6030.478531693545	1200.0	15.774804941606199	0.0	605884.0	4287.4344368629245	74.001829	0.0	3.290632000000002	56.519254990333565	
6035.208545590988	1200.0	15.044791044162634	0.0	587506.0	4730.013897443564	72.886388	0.0	1.1154410000000041	57.88246197348263	
6039.018124041742	750.0	15.235212593408589	0.0	345516.0	3809.578450754045	79.583372	6.6969840000000005	0.0	66.73313750009174	
6046.1097843338985	1200.0	12.143552301252326	0.0	641452.0	7091.660292156262	75.706383	0.0	3.8769889999999947	57.34071953352638	
6052.230365974356	1200.0	10.022970660795952	0.0	599477.0	6120.581640456375	71.343181	0.0	4.363202000000001	53.129647516624864	
6059.4488302258305	1200.0	6.804506409320692	0.0	634861.0	7218.46425147526	75.003938	3.660757000000004	0.0	61.95010051241022	
6064.449396235173	1200.0	5.80394039997917	0.0	630203.0	5000.566009341523	77.745919	2.7419809999999956	0.0	63.99851811947875	
6068.989902703464	1200.0	5.263433931687878	0.0	638661.0	4540.506468291292	77.309224	0.0	0.4366950000000003	62.348315386019244	
6074.070190541942	1850.0	4.183146093209911	0.0	830730.0	5080.287838477967	84.040637	6.731413000000003	0.0	70.51825899442247	
6077.308824471389	1200.0	4.944512163762773	0.0	550906.0	3238.6339294471386	86.366143	2.32550599999999	0.0	71.17489760187416	
