24305.75351705718	750.0	4.0	6.602941104200595	450283.0	6602.941104200595	64.858346	0.0	0.0	-137.8707347367079	
24307.374765225755	300.0	6.378751831422763	0.0	155580.0	1621.2481685772375	18.412623	0.0	46.445723	-36.3468075049402	
24311.582838553288	750.0	6.1706785038941945	0.0	350812.0	4208.073327528568	60.430767	42.01814400000001	0.0	61.03747640393585	
24317.414938291193	750.0	4.338578765990105	0.0	382355.0	5832.099737904089	55.551349	0.0	4.879418000000001	39.207823032133746	
24321.736441746078	750.0	4.017075311103129	0.0	411561.0	4321.503454886976	51.003805	0.0	4.547544000000002	35.708620955217725	
24325.108985987976	750.0	4.644531069205162	0.0	318564.0	3372.5442418979665	62.986308	11.982503000000001	0.0	54.252000083560986	
24327.617434638272	750.0	6.1360824189086545	0.0	352642.0	2508.448650296508	81.00828	18.021971999999998	0.0	71.31441799403183	
24330.81292835803	750.0	6.940588699153451	0.0	437162.0	3195.4937197552035	69.475262	0.0	11.533017999999998	43.94053818670605	
24334.052544532973	750.0	7.700972524209923	0.0	374758.0	3239.616174943528	70.789292	1.3140300000000025	0.0	57.681454273815504	
24336.979653727132	750.0	8.773863330050748	0.0	362795.0	2927.109194159175	64.786022	0.0	6.0032700000000006	45.836272051926805	
24339.910861032058	750.0	9.842656025124409	0.0	353220.0	2931.2073049263395	70.008689	5.222667000000001	0.0	58.18502339881593	
24345.046292384617	1200.0	8.707224672566058	0.0	594078.0	5135.43135255835	70.906301	0.8976119999999952	0.0	57.65646860355332	
24350.693918700235	1200.0	7.059598356946137	0.0	624282.0	5647.626315619922	73.534048	2.6277469999999994	0.0	60.397441453335624	
24356.87834362939	1200.0	4.875173427792651	0.0	687371.0	6184.424929153485	70.998108	0.0	2.5359399999999965	54.776127730538505	
24361.038689174737	1200.0	4.714827882446496	0.0	526950.0	4160.345545346156	67.735752	0.0	3.262355999999997	51.24250829039699	
24364.35278932054	750.0	5.400727736645227	0.0	366214.0	3314.1001458012693	58.858709	0.0	8.877043000000008	37.767354246545985	
24367.03215655528	750.0	6.721360501905071	0.0	360831.0	2679.367234740156	60.531124	1.6724150000000009	0.0	49.100589048161304	
24370.117793749774	750.0	7.635723307410388	0.0	372963.0	3085.6371944946836	69.564049	9.032924999999999	0.0	58.9438058139744	
24373.343299808428	750.0	8.410217248759086	0.0	405596.0	3225.5060586513027	60.564875	0.0	8.999173999999996	39.08272725573663	
24375.83021896339	750.0	9.923298093796125	0.0	350713.0	2486.91915496296	67.172129	6.6072539999999975	0.0	56.195305162945644	
24379.362798083723	750.0	10.39071897346729	0.0	386472.0	3532.5791203288363	62.777649	0.0	4.3944800000000015	45.8423031210838	
24383.577916329963	750.0	10.175600727229812	0.0	399894.0	4215.118246237478	55.443233	0.0	7.334415999999997	36.51150936895389	
24389.949520077233	750.0	7.803996979959943	0.0	401853.0	6371.603747269869	47.960406	0.0	7.482827	30.016831048248612	
24394.00653024155	750.0	7.746986815642422	0.0	343800.0	4057.0101643175217	55.451197	7.4907910000000015	0.0	46.53210385732817	
24399.293983232696	750.0	6.459533824496065	0.0	359903.0	5287.452991146357	66.786337	11.335140000000003	0.0	57.277353060696605	
24404.990002109997	750.0	4.76351494719559	0.0	379700.0	5696.018877300475	66.676537	0.0	0.109800000000007	53.69031629537219	
24408.337796216372	750.0	5.415720840821505	0.0	425781.0	3347.7941063740845	65.665965	0.0	1.0105719999999963	51.87874368281537	
24410.583781626243	750.0	7.16973543095154	0.0	277716.0	2245.985409869965	68.231907	2.565942000000007	0.0	55.88863627581473	
24414.163126776944	750.0	7.590390280249003	0.0	400396.0	3579.345150702537	69.601487	1.3695799999999991	0.0	56.69205323288801	
24418.2104431731	750.0	7.543073884093269	0.0	400508.0	4047.316396155734	67.821489	0.0	1.7799980000000062	52.88789921294314	
24425.253401979484	750.0	4.500115077708363	0.0	358218.0	7042.958806384906	64.789531	0.0	3.031958000000003	48.99180250230414	
24428.800875101442	300.0	4.952641955749759	0.0	157488.0	3547.473121958604	17.795984	0.0	46.99354699999999	-37.450280397301974	
24431.774301393485	300.0	5.979215663704914	0.0	143881.0	2973.4262920448455	25.091594	7.29561	0.0	20.762364294012507	
24434.854036651985	300.0	6.899480405208538	0.0	163444.0	3079.735258496376	17.178658	0.0	7.912936000000002	3.491389644148983	
24441.598548425827	750.0	4.154968631365891	0.0	401088.0	6744.511773842647	69.915275	52.736616999999995	0.0	72.26371678272253	
24444.857774428492	750.0	4.895742628703968	0.0	365161.0	3259.2260026619233	60.276519	0.0	9.638755999999994	38.15992246287269	
24447.376203565243	750.0	6.377313491949647	0.0	321064.0	2518.429136754321	67.040505	6.763985999999996	0.0	56.13053433110116	
24450.50189151559	750.0	7.251625541601172	0.0	361565.0	3125.687950348475	66.788635	0.0	0.2518699999999967	53.6345161054191	
24453.08164182961	750.0	8.671875227580173	0.0	378327.0	2579.750314020999	62.32333	0.0	4.465305000000001	45.38239461526515	
24456.218473282996	750.0	9.535043774192946	0.0	390680.0	3136.8314533872276	61.525566	0.0	0.7977640000000008	48.59802426280343	
24459.186050446657	750.0	10.56746661053292	0.0	345516.0	2967.5771636600257	79.583372	18.057806	0.0	70.11833935431406	
24461.826416815267	750.0	11.92710024192079	0.0	384505.0	2640.3663686121286	64.443828	0.0	15.139544	35.852891186903015	
24465.794159911376	1200.0	11.959357145810912	0.0	599477.0	3967.7430961098785	71.343181	6.899353000000005	0.0	59.81481088460728	
24470.085468908652	1200.0	11.668048148532623	0.0	634861.0	4291.308997278288	75.003938	3.660757000000004	0.0	61.95010051241022	
24476.365805619454	1200.0	9.387711437728067	0.0	630203.0	6280.336710804556	77.745919	2.7419809999999956	0.0	63.99851811947875	
24482.345694839674	1200.0	7.407822217507505	0.0	638661.0	5979.889220220562	77.309224	0.0	0.4366950000000003	62.348315386019244	
24488.852490232945	1200.0	4.9010268242374595	0.0	538612.0	6506.795393270046	74.51099	0.0	2.7982339999999937	57.47289772290094	
24492.041214456967	750.0	5.712302600213366	0.0	314107.0	3188.724224024093	75.210559	0.6995689999999968	0.0	61.242738256780044	
