14850.382185259212	750.0	4.0	3.704434403261277	450283.0	3704.4344032612767	64.858346	0.0	0.0	-54.405586555259056	
14853.99018267753	1200.0	4.392002581681849	0.0	611087.0	3607.9974183181516	69.839987	4.981640999999996	0.0	57.97033059622316	
14856.90074343569	1200.0	5.481441823521747	0.0	571051.0	2910.560758160101	73.587374	3.7473870000000034	0.0	60.77622417883262	
14860.542803406188	1200.0	5.839381853023897	0.0	617681.0	3642.059970497851	69.474665	0.0	4.112708999999995	51.81297205080018	
14864.613834660537	1200.0	5.768350598674415	0.0	652874.0	4071.0312543494824	64.23322	0.0	5.241444999999999	46.176398894182356	
14869.621199762903	1850.0	4.76098549630914	0.0	801058.0	5007.365102365275	86.249306	22.016086	0.0	76.94318105795827	
14872.776935040323	1200.0	5.60525021888901	0.0	561791.0	3155.7352774201295	89.177904	2.928597999999994	0.0	73.73588534977478	
14876.712982140383	1200.0	5.669203118828889	0.0	709534.0	3936.0471000601215	82.426144	0.0	6.751760000000004	59.981563733654696	
14879.714407220887	1200.0	6.667778038325523	0.0	584846.0	3001.425080503366	82.430225	0.004080999999999335	0.0	67.14984568949134	
14883.70828078662	1850.0	6.673904472591842	0.0	913888.0	3993.873565733681	86.733288	4.303063000000009	0.0	72.0750888505126	
14888.105789661067	1850.0	6.276395598145442	0.0	939819.0	4397.5088744464	89.239922	2.5066340000000054	0.0	73.66267519085076	
14891.857098366128	1850.0	6.52508689308298	0.0	917428.0	3751.3087050624617	82.202545	0.0	7.037377000000006	59.489158180343004	
14895.543864968706	1850.0	6.8383202905048055	0.0	946851.0	3686.766602578174	83.629776	1.4272310000000061	0.0	68.58980497651146	
14899.769967953056	1850.0	6.612217306154666	0.0	1036454.0	4226.102984350139	80.875505	0.0	2.754271000000003	62.909657170689236	
14903.077582346967	1850.0	7.304602912243412	0.0	821631.0	3307.614393911254	78.494849	0.0	2.380656000000002	61.28988207838268	
14906.086260439464	1850.0	8.29592481974469	0.0	923170.0	3008.678092498723	83.7301	5.235250999999991	0.0	69.80945114237906	
14909.6977290927	1850.0	8.684456166509822	0.0	966699.0	3611.4686532348665	86.226021	2.49592100000001	0.0	71.10700694933738	
14912.064467636254	1200.0	10.31771762295602	0.0	581493.0	2366.738543553804	79.137254	0.0	7.088767000000004	56.83863512869361	
14917.030585492774	1850.0	9.351599766436511	0.0	987708.0	4966.117856519508	79.995224	0.8579699999999946	0.0	65.34207530148709	
14920.231172415279	1200.0	10.151012843931086	0.0	586839.0	3200.5869225054244	79.134663	0.0	0.8605609999999899	63.444560336070744	
14923.918370579973	1200.0	10.463814679237968	0.0	601738.0	3687.1981646931176	74.235946	0.0	4.898717000000005	55.01135256729831	
14926.978692774077	1200.0	11.403492485132256	0.0	616206.0	3060.3221941057122	68.532883	0.0	5.703063	49.32801204213999	
14932.689821156095	1850.0	9.692364103116208	0.0	968026.0	5711.128382016047	73.123347	4.590463999999997	0.0	60.634452170993036	
14936.429034409264	1850.0	9.953150849946775	0.0	874175.0	3739.2132531694324	80.700778	7.577431000000004	0.0	67.94181803672566	
14940.062896105785	1200.0	10.319289153425869	0.0	587236.0	3633.8616965209053	78.698824	0.0	2.001953999999998	61.86443112432193	
14943.733291418943	1200.0	10.64889384026816	0.0	590335.0	3670.39531315771	79.644231	0.945407000000003	0.0	65.07087268298653	
14947.841490387782	1200.0	10.54069487142915	0.0	696376.0	4108.19896883901	80.745588	1.101356999999993	0.0	66.05008180256124	
14951.45744782492	1850.0	10.924737434291995	0.0	758197.0	3615.9574371371573	87.50057	6.754981999999998	0.0	73.45550294974643	
14956.393829230563	1850.0	9.988356028648194	0.0	972798.0	4936.381405643799	88.832031	1.3314610000000044	0.0	72.96706372219077	
14961.787156273778	1850.0	8.595028985433357	0.0	975811.0	5393.327043214837	89.334885	0.5028539999999992	0.0	73.14603000751325	
14966.300851049953	1850.0	8.081334209259403	0.0	873429.0	4513.694776173954	87.120667	0.0	2.2142180000000025	68.77168736090755	
14971.211887749601	1850.0	7.170297509610613	0.0	954453.0	4911.03669964879	83.67714	0.0	3.443527000000003	64.551065096847	
14974.623031271198	1850.0	7.759153988015535	0.0	885062.0	3411.143521595078	87.533761	3.856621000000004	0.0	72.61998329554336	
14981.929441149803	4300.0	4.452744109409197	0.0	2286761.0	7306.409878606338	99.974277	12.440516000000002	0.0	85.71362656453715	
14985.92124415072	1850.0	4.460941108491232	0.0	1026056.0	3991.803000917965	97.037422	0.0	2.936854999999994	76.40348103841788	
14988.508640098271	1850.0	5.873545160941485	0.0	943942.0	2587.3959475497463	90.168439	0.0	6.868983	66.4141484151412	
14992.011109699799	1850.0	6.371075559412255	0.0	728962.0	3502.46960152923	86.066994	0.0	4.101445000000012	65.87698482373372	
14996.381306665235	1850.0	6.00087859397758	0.0	938587.0	4370.196965434675	86.593761	0.5267670000000066	0.0	70.83169447059112	
14999.888026065506	1850.0	6.4941591937055785	0.0	908665.0	3506.719400272002	82.415248	0.0	4.178512999999995	62.70254805849999	
15003.119116814205	1850.0	7.263068445005373	0.0	930577.0	3231.090748700206	83.556577	1.141328999999999	0.0	68.44262199794545	
15004.319545176166	750.0	10.062640083044833	0.0	345516.0	1200.42836196054	79.583372	0.0	3.973205000000007	60.52206071503834	
15007.701464958043	1200.0	10.680720301165898	0.0	641452.0	3381.919781878935	75.706383	0.0	3.8769889999999947	57.34071953352638	
15013.95989469264	1850.0	8.422290566569304	0.0	886255.0	6258.429734596596	78.86339	3.157006999999993	0.0	65.06857148325741	
15017.905413338529	1200.0	8.476771920680552	0.0	634861.0	3945.5186458887506	75.003938	0.0	3.8594519999999903	56.76442482752008	
15020.676293952594	1200.0	9.705891306615234	0.0	630203.0	2770.880614065318	77.745919	2.7419809999999956	0.0	63.99851811947875	
15024.164578219901	1200.0	10.217607039306852	0.0	638661.0	3488.284267308384	77.309224	0.0	0.4366950000000003	62.348315386019244	
15029.837611649085	1850.0	8.544573610124052	0.0	830730.0	5673.0334291827985	84.040637	6.731413000000003	0.0	70.51825899442247	
15034.906724936745	1200.0	7.475460322462243	0.0	550906.0	5069.11328766181	86.366143	2.32550599999999	0.0	71.17489760187416	
