25267.89932992002	750.0	4.0	3.9127276647253035	450283.0	3912.7276647253034	64.858346	0.0	0.0	-60.403581290844194	
25271.150940305884	750.0	4.748389614134752	0.0	398865.0	3251.610385865248	57.017244	0.0	7.841101999999999	37.30694774282116	
25273.495039152658	750.0	6.40429076736068	0.0	350812.0	2344.0988467740713	60.430767	3.413523000000005	0.0	49.53439726135709	
25275.71714692708	750.0	8.182182992940147	0.0	382355.0	2222.1077744205345	55.551349	0.0	4.879418000000001	39.207823032133746	
25281.134870751874	1200.0	6.764459168147085	0.0	652874.0	5417.723824793062	64.23322	8.681871000000001	0.0	54.32451676193826	
25286.426709536165	1200.0	5.472620383852941	0.0	520315.0	5291.838784294144	75.14582	10.912599999999998	0.0	64.23110350586552	
25290.906517478757	750.0	4.992812441262965	0.0	352642.0	4479.807942589976	81.00828	5.862459999999999	0.0	67.6912292345531	
25295.232023553956	1200.0	4.66730636606343	0.0	709534.0	4325.506075199535	82.426144	1.4178639999999945	0.0	67.56765661211375	
25297.54937117038	750.0	6.349958749641631	0.0	374758.0	2317.3476164217986	70.789292	0.0	11.63685199999999	44.94322388247148	
25300.858627424852	1200.0	7.0407024951699695	0.0	560821.0	3309.256254471662	76.960357	6.171064999999999	0.0	64.35499430641161	
25302.79112849992	750.0	9.108201420101471	0.0	353220.0	1932.5010750684983	70.008689	0.0	6.951667999999998	49.25310527285025	
25305.116017976383	750.0	10.783311943638921	0.0	405134.0	2324.889476462551	59.00323	0.0	11.005459000000002	35.63150226952917	
25307.487075967467	750.0	12.41225395255706	0.0	386351.0	2371.057991081859	59.358241	0.3550109999999975	0.0	47.71472422025977	
25310.28494317335	750.0	13.614386746676356	0.0	434409.0	2797.8672058807047	56.692976	0.0	2.665264999999998	42.523882025230556	
25314.37552302	1200.0	13.523806900024319	0.0	526950.0	4090.579846652038	67.735752	11.042776000000003	0.0	57.99429751138527	
25320.771113160958	1200.0	11.128216759066643	0.0	587876.0	6395.590140957676	72.569044	4.833292	0.0	60.237368188531434	
25325.535143136218	750.0	10.36418678380672	0.0	360831.0	4764.029975259924	60.531124	0.0	12.037920000000007	35.8300374244935	
25328.835368907647	750.0	11.063961012379028	0.0	372963.0	3300.2257714276916	69.564049	9.032924999999999	0.0	58.9438058139744	
25335.05921013687	750.0	8.84011978315241	0.0	405596.0	6223.841229226618	60.564875	0.0	8.999173999999996	39.08272725573663	
25337.893517411714	750.0	10.005812508312925	0.0	350713.0	2834.3072748394843	67.172129	6.6072539999999975	0.0	56.195305162945644	
25341.36834966905	750.0	10.530980250974551	0.0	386472.0	3474.832257338374	62.777649	0.0	4.3944800000000015	45.8423031210838	
25342.890366606473	300.0	13.008963313549943	0.0	157812.0	1522.0169374246093	21.07483	0.0	41.702819	-29.059965683694024	
25344.365167137254	300.0	15.534162782768185	0.0	163927.0	1474.8005307817587	16.837774	0.0	4.237055999999999	7.102799135832186	
25345.529748262074	300.0	18.36958165794975	0.0	137654.0	1164.5811248184323	6.466535	0.0	10.371239	-8.188975813003921	
25346.86069299919	300.0	21.038636920833746	0.0	146754.0	1330.9447371160056	25.355956	18.889421	0.0	24.440878712625864	
25348.301724149325	300.0	23.59760577070293	0.0	153938.0	1441.031150130815	22.855883	0.0	2.5000730000000004	14.042479268061296	
25349.913498257356	300.0	25.98583166266943	0.0	181901.0	1611.7741080335027	27.469573	4.613690000000002	0.0	21.977141438694208	
25352.61559563125	750.0	27.283734288777012	0.0	277716.0	2702.0973738924167	68.231907	40.76233400000001	0.0	67.27007478642625	
25358.587365152653	750.0	25.311964767372743	0.0	400396.0	5971.7695214042715	69.601487	1.3695799999999991	0.0	56.69205323288801	
25366.42595413698	750.0	21.47337578304582	0.0	400508.0	7838.58898432692	67.821489	0.0	1.7799980000000062	52.88789921294314	
25374.45567336185	750.0	17.44365655817515	0.0	358218.0	8029.719224870671	64.789531	0.0	3.031958000000003	48.99180250230414	
25382.898704072086	750.0	13.000625847940858	0.0	400322.0	8443.03071023429	60.651768	0.0	4.137763	44.31426861062449	
25394.893793941847	750.0	5.005535978176205	0.0	369834.0	11995.089869764653	68.369339	7.7175709999999995	0.0	57.54006651746116	
25398.80782341334	300.0	5.091506506687413	0.0	163444.0	3914.0294714887923	17.178658	0.0	51.190681	-42.426248896999155	
25401.603420896987	300.0	6.29590902303923	0.0	179328.0	2795.5974836481823	28.893466	11.714808000000001	0.0	25.298969194880584	
25403.990108158803	300.0	7.90922176122368	0.0	159914.0	2386.6872618155508	21.738399	0.0	7.155066999999999	8.157137465372118	
25405.714345505898	300.0	10.184984414132249	0.0	131610.0	1724.2373470914313	28.4111	6.672701	0.0	23.388048410401066	
25406.95792755641	300.0	12.941402363619039	0.0	124011.0	1243.5820505132085	21.943337	0.0	6.4677630000000015	9.059928450350393	
25409.923372276997	750.0	13.975957643032546	0.0	378327.0	2965.444720586495	62.32333	40.379993	0.0	62.152167681469585	
25413.490641935074	750.0	14.40868798495366	0.0	390680.0	3567.269658078885	61.525566	0.0	0.7977640000000008	48.59802426280343	
25417.478673257974	750.0	14.420656662051865	0.0	345516.0	3988.031322901795	79.583372	18.057806	0.0	70.11833935431406	
25420.469237401223	300.0	15.430092518801924	0.0	161857.0	2990.56414324994	26.901789	0.0	52.681582999999996	-35.7735638949358	
25424.37867759443	300.0	15.520652325596185	0.0	145210.0	3909.440193205739	23.926655	0.0	2.9751340000000006	14.445278068529426	
25429.395696157004	300.0	14.503633763022755	0.0	172312.0	5017.01856257343	26.146503	2.219847999999999	0.0	20.143335165183682	
25432.951729603687	300.0	14.94760031634366	0.0	167025.0	3556.033446679096	26.908827	0.7623239999999996	0.0	20.354647499322645	
25438.474108334394	300.0	13.42522158563239	0.0	160064.0	5522.378730711271	27.591437	0.6826100000000004	0.0	20.908998154259805	
25448.47819046082	750.0	7.421139459210001	0.0	331053.0	10004.082126422389	60.678126	33.086689	0.0	58.585645433710944	
25456.151790693206	750.0	4.0	0.2524607731744254	314107.0	7673.600232384426	75.210559	14.532433000000005	0.0	58.09469974070323	
