13521.59488024544	750.0	4.0	1.9602828539084163	450283.0	1960.2828539084162	64.858346	0.0	0.0	-4.181149444086138	
13524.671424483013	1200.0	4.92345576242782	0.0	611087.0	3076.54423757218	69.839987	4.981640999999996	0.0	57.97033059622316	
13526.872266213331	1200.0	6.722614032108695	0.0	571051.0	2200.8417303191254	73.587374	3.7473870000000034	0.0	60.77622417883262	
13530.916093125137	1850.0	6.678787120303592	0.0	933276.0	4043.8269118051035	78.955826	5.368452000000005	0.0	65.80580334984123	
13535.373206040822	1850.0	6.221674204617464	0.0	996749.0	4457.112915686129	75.455188	0.0	3.500637999999995	57.52729019743525	
13537.018439949401	1200.0	8.576440296038877	0.0	520315.0	1645.2339085785877	75.14582	0.0	0.3093680000000063	60.65121996179534	
13538.45902778178	750.0	11.135852463658857	0.0	352642.0	1440.5878323800193	81.00828	5.862459999999999	0.0	67.6912292345531	
13542.520056045987	1200.0	11.074824199452813	0.0	709534.0	4061.0282642060442	82.426144	1.4178639999999945	0.0	67.56765661211375	
13547.581866077973	1200.0	10.01301416746777	0.0	584846.0	5061.810031985043	82.430225	0.004080999999999335	0.0	67.14984568949134	
13552.282010680994	1200.0	9.312869564446139	0.0	560821.0	4700.14460302163	76.960357	0.0	5.469867999999991	56.71266867445105	
13557.006774418865	1200.0	8.588105826574603	0.0	607410.0	4724.763737871534	82.096766	5.1364090000000004	0.0	68.39672667617816	
13562.132057180506	1200.0	7.462823064933354	0.0	594078.0	5125.28276164125	70.906301	0.0	11.190465000000003	45.51593503586405	
13568.089379691875	1200.0	5.505500553565648	0.0	624282.0	5957.322511367705	73.534048	2.6277469999999994	0.0	60.397441453335624	
13572.674140747156	1200.0	4.920739498285011	0.0	687371.0	4584.761055280637	70.998108	0.0	2.5359399999999965	54.776127730538505	
13576.503486836846	1850.0	5.091393408596196	0.0	821631.0	3829.3460896888146	78.494849	7.496741	0.0	66.04957101492738	
13580.946597109514	1850.0	4.648283135927111	0.0	923170.0	4443.110272669086	83.7301	5.235250999999991	0.0	69.80945114237906	
13583.727792135425	1200.0	5.867088110014669	0.0	617242.0	2781.1950259124415	75.662786	0.0	8.067313999999996	52.857867096336925	
13586.804811546228	1200.0	6.7900686992109565	0.0	581493.0	3077.0194108037117	79.137254	3.4744680000000017	0.0	65.39510155551699	
13592.042300576863	1850.0	5.5525796685786535	0.0	987708.0	5237.489030632303	79.995224	0.8579699999999946	0.0	65.34207530148709	
13595.418651183456	1200.0	6.176229061983617	0.0	586839.0	3376.350606595037	79.134663	0.0	0.8605609999999899	63.444560336070744	
13598.277116207913	1200.0	7.317764037527572	0.0	601738.0	2858.465024456045	74.235946	0.0	4.898717000000005	55.01135256729831	
13602.360869011023	1850.0	7.234011234416253	0.0	955231.0	4083.7528031113175	79.031768	4.795822000000001	0.0	65.69949125877463	
13606.537902419554	1850.0	7.056977825885604	0.0	968026.0	4177.0334085306495	73.123347	0.0	5.908421000000004	52.99779644730492	
13612.107041834059	1850.0	5.487838411381837	0.0	874175.0	5569.139414503767	80.700778	7.577431000000004	0.0	67.94181803672566	
13617.1878851082	1850.0	4.406995137238432	0.0	897976.0	5080.843274143405	86.994267	6.293488999999994	0.0	72.88920259297404	
13620.702711736441	1850.0	4.892168508999468	0.0	905935.0	3514.8266282389636	89.133614	2.1393470000000008	0.0	73.46320174835421	
13625.03530526599	1850.0	4.559574979449174	0.0	1076599.0	4332.593529550294	90.791041	1.6574270000000126	0.0	74.72328004362873	
13628.66089966328	2850.0	4.933980582159207	0.0	1141971.0	3625.594397289967	93.311238	2.520196999999996	0.0	77.11471857796661	
13632.001995416267	1850.0	5.5928848291723865	0.0	972798.0	3341.095752986821	88.832031	0.0	4.479207000000002	67.81789264544551	
13636.194223045206	1850.0	5.400657200233327	0.0	975811.0	4192.227628939059	89.334885	0.5028539999999992	0.0	73.14603000751325	
13640.189466037998	2850.0	5.4054142074412574	0.0	1341201.0	3995.24299279207	94.816085	5.481200000000001	0.0	79.271469840673	
13643.303395413644	2850.0	6.291484831794037	0.0	1497683.0	3113.9293756472207	92.910185	0.0	1.9059000000000026	74.001961573178	
13647.05023986039	2850.0	6.544640385049039	0.0	1358081.0	3746.8444467449976	95.193139	2.2829540000000037	0.0	78.63781093814865	
13653.294925447513	4300.0	4.299954797924843	0.0	2286761.0	6244.685587124196	99.974277	4.7811379999999986	0.0	83.43134975324747	
13656.201735261462	1850.0	5.3931449839762315	0.0	1026056.0	2906.8098139486106	97.037422	0.0	2.936854999999994	76.40348103841788	
13660.05195650266	2850.0	5.542923742777932	0.0	1439896.0	3850.2212411982996	97.217465	0.18004299999999773	0.0	79.72560718309609	
13662.607184190476	2850.0	6.987696054963021	0.0	1139291.0	2555.2276878149105	93.825455	0.0	3.392009999999999	73.2003437122793	
13666.573084026259	2850.0	7.021796219181061	0.0	1499009.0	3965.89983578196	93.982147	0.1566919999999925	0.0	76.97865487614874	
13669.317137376722	2850.0	8.277742868716825	0.0	1427478.0	2744.0533504642353	90.92969	0.0	3.052457000000004	71.10818249774292	
13673.001365859862	2850.0	8.593514385575498	0.0	1402287.0	3684.228483141327	91.34334	0.41365000000000407	0.0	74.82041250127551	
13675.571613444692	1850.0	10.02326680074677	0.0	858450.0	2570.2475848287277	92.068418	0.7250779999999963	0.0	75.52727854404898	
13679.15331641728	1850.0	10.441563828157996	0.0	1025005.0	3581.7029725887724	85.276808	0.0	6.7916099999999915	62.353513406015615	
13681.834076005933	2850.0	11.760804239506415	0.0	1343002.0	2680.7595886515815	87.659279	2.3824709999999953	0.0	72.28702985263917	
13687.99834533479	2850.0	9.596534910648522	0.0	1587250.0	6164.269328857891	95.172719	7.513440000000003	0.0	80.1790532906648	
13694.382752942609	2850.0	7.2121273028305595	0.0	1464921.0	6384.407607817963	96.481395	1.3086760000000055	0.0	79.43852922609656	
13700.837746157213	2850.0	4.7571340882279705	0.0	1483527.0	6454.993214602589	95.602302	0.0	0.8790930000000117	77.37135948851477	
13705.196723334911	2850.0	4.398156910527465	0.0	1231456.0	4358.977177700505	92.485503	0.0	3.1167990000000003	72.35753544954366	
13708.558292028845	1850.0	5.0365882165949785	0.0	846370.0	3361.5686939324855	92.020773	0.0	0.46472999999998876	74.7777973135027	
