15807.359480043313	750.0	4.0	3.666539248000215	450283.0	3666.5392480002147	64.858346	0.0	0.0	-53.31436094305035	
15810.133872012082	750.0	5.225608031230129	0.0	398865.0	2774.391968769871	57.017244	0.0	7.841101999999999	37.30694774282116	
15814.842509806858	1200.0	4.516970236454577	0.0	571051.0	4708.637794775552	73.587374	16.57013	0.0	64.59703691402169	
15818.781679677926	1200.0	4.577800365386432	0.0	617681.0	3939.1698710681453	69.474665	0.0	4.112708999999995	51.81297205080018	
15823.349581437798	1200.0	4.009898605514709	0.0	652874.0	4567.901759871724	64.23322	0.0	5.241444999999999	46.176398894182356	
15826.222454168768	1200.0	5.137025874544446	0.0	520315.0	2872.872730970262	75.14582	10.912599999999998	0.0	64.23110350586552	
15828.76979229656	750.0	6.589687746752123	0.0	352642.0	2547.338127792324	81.00828	5.862459999999999	0.0	67.6912292345531	
15831.02217568866	750.0	8.337304354651991	0.0	437162.0	2252.383392100132	69.475262	0.0	11.533017999999998	43.94053818670605	
15832.760705730641	750.0	10.59877431267101	0.0	374758.0	1738.5300419809805	70.789292	1.3140300000000025	0.0	57.681454273815504	
15835.415853858918	750.0	11.943626184393779	0.0	362795.0	2655.148128277231	64.786022	0.0	6.0032700000000006	45.836272051926805	
15839.629457641966	750.0	11.73002240134424	0.0	353220.0	4213.603783049539	70.008689	5.222667000000001	0.0	58.18502339881593	
15844.368390148562	750.0	10.991089894749646	0.0	405134.0	4738.932506594594	59.00323	0.0	11.005459000000002	35.63150226952917	
15847.859006656307	750.0	11.500473387005503	0.0	386351.0	3490.6165077441433	59.358241	0.3550109999999975	0.0	47.71472422025977	
15850.977727109734	750.0	12.381752933576593	0.0	434409.0	3118.72045342891	56.692976	0.0	2.665264999999998	42.523882025230556	
15852.862763787418	750.0	14.496716255892048	0.0	337059.0	1885.0366776845435	54.76216	0.0	1.930816	41.66792139000558	
15855.426988695612	750.0	15.932491347699369	0.0	366214.0	2564.2249081926807	58.858709	4.096548999999996	0.0	48.406541934633836	
15858.133227345132	750.0	17.22625269817975	0.0	360831.0	2706.238649519617	60.531124	1.6724150000000009	0.0	49.100589048161304	
15861.038127062153	750.0	18.321352981158366	0.0	372963.0	2904.8997170213847	69.564049	9.032924999999999	0.0	58.9438058139744	
15866.294258202804	1200.0	17.065221840508023	0.0	639204.0	5256.13114065034	72.000653	2.4366040000000027	0.0	59.041852363208044	
15874.233332859918	750.0	13.12614718339352	0.0	350713.0	7939.074657114504	67.172129	0.0	4.828524000000002	49.10347287348152	
15883.952229810338	750.0	7.407250232972967	0.0	386472.0	9718.896950420554	62.777649	0.0	4.3944800000000015	45.8423031210838	
15888.269604007066	750.0	7.0898760362462525	0.0	399894.0	4317.374196726714	55.443233	0.0	7.334415999999997	36.51150936895389	
15894.072040981368	1200.0	5.287439061944377	0.0	656471.0	5802.436974301876	63.455907	8.012674000000004	0.0	53.466807853156645	
15898.281460672326	1200.0	5.078019370985945	0.0	536667.0	4209.419690958432	68.420849	4.964942000000001	0.0	56.763485235890926	
15902.453003555704	1200.0	4.90647648760925	0.0	587236.0	4171.542883376695	78.698824	10.277974999999998	0.0	67.05104630050491	
15905.821598050497	1200.0	5.537881992815326	0.0	590335.0	3368.594494793925	79.644231	0.945407000000003	0.0	65.07087268298653	
15909.217965887741	1200.0	6.141514155570728	0.0	696376.0	3396.3678372445975	80.745588	1.101356999999993	0.0	66.05008180256124	
15911.542671125017	1200.0	7.816808918295886	0.0	487160.0	2324.7052372748412	80.893459	0.14787099999999498	0.0	65.89120220426116	
15914.893697245798	1200.0	8.46578279751591	0.0	622896.0	3351.026120779976	80.053124	0.0	0.8403349999999961	64.24386573042244	
15919.495657076635	1200.0	7.863822966677835	0.0	641447.0	4601.9598308380755	80.154442	0.10131800000000624	0.0	65.2514564240098	
15921.895629549143	750.0	9.463850494170181	0.0	358218.0	2399.972472507654	64.789531	0.0	15.364911000000006	35.90655330554103	
15925.169153945768	750.0	10.190326097544661	0.0	400322.0	3273.5243966255202	60.651768	0.0	4.137763	44.31426861062449	
15927.881796812155	750.0	11.477683231158144	0.0	369834.0	2712.642866386517	68.369339	7.7175709999999995	0.0	57.54006651746116	
15930.704183475806	750.0	12.655296567506491	0.0	412837.0	2822.386663651653	49.996929	0.0	18.372409999999995	20.187729359352712	
15932.066005205648	300.0	15.293474837663913	0.0	179328.0	1361.8217298425786	28.893466	0.0	21.103463	-0.5824608160667033	
15933.339271070437	300.0	18.02020897287426	0.0	159914.0	1273.2658647896521	21.738399	0.0	7.155066999999999	8.157137465372118	
15934.486663072423	300.0	20.872816970889158	0.0	131610.0	1147.3920019851018	28.4111	6.672701	0.0	23.388048410401066	
15936.129850752648	300.0	23.229629290663432	0.0	124011.0	1643.1876802257243	21.943337	0.0	6.4677630000000015	9.059928450350393	
15942.000292674886	750.0	21.359187368425907	0.0	378327.0	5870.4419222375245	62.32333	40.379993	0.0	62.152167681469585	
15948.44900295988	750.0	18.910477083430685	0.0	390680.0	6448.710284995224	61.525566	0.0	0.7977640000000008	48.59802426280343	
15955.490933931864	750.0	15.868546111448072	0.0	345516.0	7041.930971982611	79.583372	18.057806	0.0	70.11833935431406	
15964.29508713363	750.0	11.064392909679098	0.0	384505.0	8804.153201768975	64.443828	0.0	15.139544	35.852891186903015	
15971.096904566251	750.0	8.26257547705972	0.0	372093.0	6801.817432619378	58.879512	0.0	5.564315999999998	41.299771933747785	
15975.495961928926	300.0	7.863518114384589	0.0	172312.0	4399.05736267513	26.146503	0.0	32.733008999999996	-15.247801967039017	
15979.556996592773	300.0	7.802483450538592	0.0	167025.0	4061.0346638459982	26.908827	0.7623239999999996	0.0	20.354647499322645	
15987.101974842795	750.0	4.257505200515597	0.0	393804.0	7544.978250022995	62.845425	35.936598000000004	0.0	61.270325171427885	
15991.588878251314	750.0	4.0	0.22939820800283997	331053.0	4486.903408518437	60.678126	0.0	2.167299	39.82152035707715	
15995.277061413759	750.0	4.311816837554632	0.0	314107.0	3688.183162445368	75.210559	14.532433000000005	0.0	65.36453832212788	
