9311.887275295843	750.0	4.0	2.8275693741498356	450283.0	2827.5693741498358	64.858346	0.0	0.0	-29.15545704332832	
9313.73902162351	750.0	6.1482536723311885	0.0	398865.0	1851.7463276688115	57.017244	0.0	7.841101999999999	37.30694774282116	
9315.439244402445	750.0	8.448030893397023	0.0	350812.0	1700.222778934165	60.430767	3.413523000000005	0.0	49.53439726135709	
9316.778027572058	300.0	11.109247723783948	0.0	155432.0	1338.783169613074	19.997309	0.0	40.433458	-28.62572881724505	
9320.244959488025	300.0	11.642315807817067	0.0	163442.0	3466.931915966882	16.877619	0.0	3.119690000000002	8.322067973538104	
9321.786912661524	300.0	14.100362634317376	0.0	126289.0	1541.9531734996908	18.579568	1.701948999999999	0.0	13.580570417102745	
9324.486860614998	300.0	15.400414680842797	0.0	153295.0	2699.9479534745783	42.291519	23.711951000000003	0.0	40.220602433691965	
9327.688344431379	300.0	16.198930864461115	0.0	173849.0	3201.483816381684	35.451274	0.0	6.840245000000003	20.10461217328575	
9330.652764204615	300.0	17.234511091224267	0.0	150710.0	2964.419773236845	28.497356	0.0	6.953917999999998	14.094724445226447	
9336.79211728453	750.0	15.095158011310094	0.0	362795.0	6139.3530799141745	64.786022	36.288666000000006	0.0	63.01872515657066	
9347.243461954386	750.0	8.64381334145529	0.0	353220.0	10451.344669854803	70.008689	5.222667000000001	0.0	58.18502339881593	
9350.804529695419	300.0	9.082745600420079	0.0	156148.0	3561.067741035212	19.431299	0.0	50.57739000000001	-39.867783698212904	
9354.091963451663	300.0	9.795311844176483	0.0	160746.0	3287.4337562435962	21.445722	2.0144230000000007	0.0	16.101027757711584	
9357.149131463862	300.0	10.738143831976453	0.0	179801.0	3057.1680122000316	23.726678	2.2809559999999998	0.0	18.112191156964666	
9359.819861621529	300.0	12.067413674311181	0.0	140051.0	2670.7301576652712	21.119447	0.0	2.6072309999999987	12.458195192670239	
9362.560448556875	300.0	13.326826738965948	0.0	138313.0	2740.5869353452335	19.984984	0.0	1.1344630000000002	13.060022413833098	
9365.81964455966	300.0	14.067630736178534	0.0	143509.0	3259.196002787414	18.452936	0.0	1.5320479999999996	11.340692041651348	
9369.434190420034	300.0	14.453084875806146	0.0	150616.0	3614.545860372389	35.116669	16.663733	0.0	32.04404556367689	
9372.933519062279	300.0	14.95375623356094	0.0	165384.0	3499.328642245205	26.310814	0.0	8.805855000000001	10.278036555919055	
9379.119124535116	750.0	12.768150760723362	0.0	350713.0	6185.6054728375775	67.172129	40.861315	0.0	66.4020411554508	
9387.110147222249	750.0	8.777128073592161	0.0	386472.0	7991.022687131201	62.777649	0.0	4.3944800000000015	45.8423031210838	
9395.82270765342	750.0	4.0645676424214106	0.0	399894.0	8712.56043117075	55.443233	0.0	7.334415999999997	36.51150936895389	
9399.363664856577	750.0	4.523610439264559	0.0	401853.0	3540.9572031568523	47.960406	0.0	7.482827	30.016831048248612	
9402.443735059893	750.0	5.443540235948633	0.0	343800.0	3080.0702033159264	55.451197	7.4907910000000015	0.0	46.53210385732817	
9406.910802327791	750.0	4.976472968050723	0.0	359903.0	4467.067267897909	66.786337	11.335140000000003	0.0	57.277353060696605	
9411.618555596006	750.0	4.268719699837327	0.0	379700.0	4707.753268213397	66.676537	0.0	0.109800000000007	53.69031629537219	
9416.063161586202	750.0	4.0	0.17588629036051678	425781.0	4444.605990197843	65.665965	0.0	1.0105719999999963	46.81393728327577	
9418.136455845573	750.0	5.926705740628798	0.0	277716.0	2073.2942593712014	68.231907	2.565942000000007	0.0	55.88863627581473	
9420.731794520347	750.0	7.33136706585609	0.0	400396.0	2595.3386747727095	69.601487	1.3695799999999991	0.0	56.69205323288801	
9424.02673456454	750.0	8.036427021661032	0.0	400508.0	3294.940044195059	67.821489	0.0	1.7799980000000062	52.88789921294314	
9427.617299668133	750.0	8.445861918068328	0.0	358218.0	3590.565103592705	64.789531	0.0	3.031958000000003	48.99180250230414	
9435.5526122009	750.0	4.5105493853021	0.0	400322.0	7935.312532766227	60.651768	0.0	4.137763	44.31426861062449	
9437.900127873832	300.0	6.163033712368428	0.0	143881.0	2347.515672933672	25.091594	0.0	35.560173999999996	-19.140824429842464	
9444.37332319771	750.0	4.0	0.31016161150857624	412837.0	6473.195323877004	49.996929	24.905335	0.0	38.17053020098367	
9448.018782698544	750.0	4.354540499165371	0.0	401088.0	3645.4595008346287	69.915275	19.918345999999993	0.0	62.48480537634975	
9451.122439262763	750.0	5.250883934946041	0.0	365161.0	3103.65656421933	60.276519	0.0	9.638755999999994	38.15992246287269	
9452.891565138762	750.0	7.481758058947894	0.0	321064.0	1769.1258759981474	67.040505	6.763985999999996	0.0	56.13053433110116	
9455.217731303916	750.0	9.15559189379257	0.0	361565.0	2326.1661651553227	66.788635	0.0	0.2518699999999967	53.6345161054191	
9456.867065016359	750.0	11.506258181349104	0.0	378327.0	1649.333712443468	62.32333	0.0	4.465305000000001	45.38239461526515	
9460.154868162797	750.0	12.218455034909706	0.0	390680.0	3287.8031464393976	61.525566	0.0	0.7977640000000008	48.59802426280343	
9465.6934003824	750.0	10.679922815306814	0.0	345516.0	5538.532219602891	79.583372	18.057806	0.0	70.11833935431406	
9472.902997072051	750.0	7.4703261256584925	0.0	384505.0	7209.596689648321	64.443828	0.0	15.139544	35.852891186903015	
9475.414391959512	300.0	8.958931238196863	0.0	145210.0	2511.3948874616303	23.926655	0.0	40.517173	-25.3867828879665	
9478.262194925746	300.0	10.111128271963356	0.0	172312.0	2847.802966233506	26.146503	2.219847999999999	0.0	20.143335165183682	
9482.686291802884	300.0	9.687031394825338	0.0	167025.0	4424.096877138018	26.908827	0.7623239999999996	0.0	20.354647499322645	
9487.782612511874	300.0	8.59071068583477	0.0	160064.0	5096.320708990568	27.591437	0.6826100000000004	0.0	20.908998154259805	
9495.326968963329	750.0	5.046354234379123	0.0	331053.0	7544.356451455647	60.678126	33.086689	0.0	58.585645433710944	
9500.896095093036	750.0	4.0	0.5227718953286876	314107.0	5569.126129707811	75.210559	14.532433000000005	0.0	50.31084405446738	
