26424.16381061687	750.0	4.0	4.717391294739914	450283.0	4717.391294739914	64.858346	0.0	0.0	-83.57460556124764	
26427.679999559372	750.0	4.483811057497429	0.0	398865.0	3516.188942502571	57.017244	0.0	7.841101999999999	37.30694774282116	
26431.442559814834	750.0	4.721250802035942	0.0	350812.0	3762.560255461487	60.430767	3.413523000000005	0.0	49.53439726135709	
26436.101468473193	750.0	4.062342143675358	0.0	382355.0	4658.908658360584	55.551349	0.0	4.879418000000001	39.207823032133746	
26441.124323587446	750.0	4.0	0.960512970579648	411561.0	5022.855114255006	51.003805	0.0	4.547544000000002	8.049772557988394	
26444.06352079018	750.0	5.060802797267531	0.0	318564.0	2939.197202732469	62.986308	11.982503000000001	0.0	54.252000083560986	
26447.445979746553	750.0	5.6783438408904265	0.0	352642.0	3382.458956377104	81.00828	18.021971999999998	0.0	71.31441799403183	
26451.426966986044	750.0	5.6973566013982815	0.0	437162.0	3980.987239492145	69.475262	0.0	11.533017999999998	43.94053818670605	
26455.206234735266	750.0	5.918088852178726	0.0	374758.0	3779.2677492195558	70.789292	1.3140300000000025	0.0	57.681454273815504	
26458.794343379453	750.0	6.329980207991578	0.0	362795.0	3588.1086441871475	64.786022	0.0	6.0032700000000006	45.836272051926805	
26462.600608456152	750.0	6.52371513128939	0.0	353220.0	3806.265076702188	70.008689	5.222667000000001	0.0	58.18502339881593	
26466.82620948262	750.0	6.298114104822932	0.0	405134.0	4225.601026466458	59.00323	0.0	11.005459000000002	35.63150226952917	
26468.637915096344	300.0	8.486408491101782	0.0	160746.0	1811.70561372115	21.445722	0.0	37.557508	-24.347686554114247	
26470.45356136613	300.0	10.670762221314158	0.0	179801.0	1815.6462697876223	23.726678	2.2809559999999998	0.0	18.112191156964666	
26475.193428626757	750.0	9.930894960686334	0.0	337059.0	4739.867260627824	54.76216	31.035482000000002	0.0	52.96420597107542	
26482.3603029647	750.0	6.7640206227440025	0.0	366214.0	7166.874337942333	58.858709	4.096548999999996	0.0	48.406541934633836	
26488.271508930662	750.0	4.852814656783593	0.0	360831.0	5911.205965960409	60.531124	1.6724150000000009	0.0	49.100589048161304	
26493.460978116964	750.0	4.0	0.33665452951769387	372963.0	5189.469186301287	69.564049	9.032924999999999	0.0	49.24953110933278	
26497.46507172473	750.0	4.0	0.004093607769188566	405596.0	4004.0936077691886	60.564875	0.0	8.999173999999996	38.96484808059402	
26500.444247346375	750.0	5.020824378355257	0.0	350713.0	2979.1756216447434	67.172129	6.6072539999999975	0.0	56.195305162945644	
26503.911398236087	750.0	5.553673488641721	0.0	386472.0	3467.1508897135363	62.777649	0.0	4.3944800000000015	45.8423031210838	
26507.43819057689	750.0	6.026881147840784	0.0	399894.0	3526.792340800936	55.443233	0.0	7.334415999999997	36.51150936895389	
26512.487782355092	750.0	4.97728936963588	0.0	401853.0	5049.591778204905	47.960406	0.0	7.482827	30.016831048248612	
26516.96017331535	1200.0	4.504898409378414	0.0	536667.0	4472.390960257466	68.420849	20.460443000000005	0.0	61.38070384184248	
26520.251963243827	750.0	5.213108480899806	0.0	359903.0	3291.789928478607	66.786337	0.0	1.6345120000000009	52.16558832707676	
26525.28987780344	750.0	4.175193921284406	0.0	379700.0	5037.9145596154	66.676537	0.0	0.109800000000007	53.69031629537219	
26528.693668920307	750.0	4.771402804418712	0.0	425781.0	3403.7911168656938	65.665965	0.0	1.0105719999999963	51.87874368281537	
26531.030606172655	750.0	6.434465552071976	0.0	277716.0	2336.9372523467364	68.231907	2.565942000000007	0.0	55.88863627581473	
26534.82105653935	750.0	6.644015185379118	0.0	400396.0	3790.450366692858	69.601487	1.3695799999999991	0.0	56.69205323288801	
26539.288618515922	750.0	6.176453208804123	0.0	400508.0	4467.561976574994	67.821489	0.0	1.7799980000000062	52.88789921294314	
26542.221663753753	750.0	7.243407970977254	0.0	358218.0	2933.0452378268697	64.789531	0.0	3.031958000000003	48.99180250230414	
26545.47540634888	750.0	7.9896653758499925	0.0	400322.0	3253.742595127262	60.651768	0.0	4.137763	44.31426861062449	
26549.14088377687	750.0	8.324187947859244	0.0	369834.0	3665.4774279907488	68.369339	7.7175709999999995	0.0	57.54006651746116	
26553.02587339356	750.0	8.439198331170136	0.0	412837.0	3884.989616689109	49.996929	0.0	18.372409999999995	20.187729359352712	
26557.169401758627	750.0	8.29566996610056	0.0	401088.0	4143.528365069575	69.915275	19.918345999999993	0.0	62.48480537634975	
26562.856338506193	750.0	6.608733218532986	0.0	365161.0	5686.9367475675745	60.276519	0.0	9.638755999999994	38.15992246287269	
26567.301853628076	750.0	6.163218096646793	0.0	321064.0	4445.515121886193	67.040505	6.763985999999996	0.0	56.13053433110116	
26571.000567964173	750.0	6.464503760549817	0.0	361565.0	3698.714336096977	66.788635	0.0	0.2518699999999967	53.6345161054191	
26574.076694555275	750.0	7.388377169447451	0.0	378327.0	3076.126591102366	62.32333	0.0	4.465305000000001	45.38239461526515	
26577.371324542557	750.0	8.093747182166805	0.0	390680.0	3294.629987280647	61.525566	0.0	0.7977640000000008	48.59802426280343	
26580.720356902588	750.0	8.744714822134185	0.0	345516.0	3349.032360032619	79.583372	18.057806	0.0	70.11833935431406	
26584.643576771996	750.0	8.821494952724917	0.0	384505.0	3923.2198694092676	64.443828	0.0	15.139544	35.852891186903015	
26588.035602829892	750.0	9.429468894831395	0.0	372093.0	3392.026057893523	58.879512	0.0	5.564315999999998	41.299771933747785	
26592.01684931319	750.0	9.44822241153562	0.0	438281.0	3981.246483295776	62.327504	3.4479919999999993	0.0	51.15101669476942	
26595.63150557959	750.0	9.833566145133394	0.0	398987.0	3614.6562664022244	63.729239	1.4017350000000022	0.0	51.728421217727	
26601.82776746381	1200.0	7.6373042609179524	0.0	638661.0	6196.261884215442	77.309224	13.579985	0.0	66.8580976027805	
26607.821902980922	1200.0	5.6431687438024545	0.0	538612.0	5994.135517115498	74.51099	0.0	2.7982339999999937	57.47289772290094	
26613.310202683806	1200.0	4.154869040919344	0.0	550906.0	5488.2997028831105	86.366143	11.855152999999987	0.0	74.01446138471348	
