757.5511468873842	750.0	4.0	4.746018619318359	450283.0	4746.018619318359	64.858346	0.0	0.0	-84.39895552297241	
760.8223413526201	750.0	4.728805534764045	0.0	398865.0	3271.1944652359552	57.017244	0.0	7.841101999999999	37.30694774282116	
763.6890376310698	750.0	5.862109256314451	0.0	350812.0	2866.6962784495936	60.430767	3.413523000000005	0.0	49.53439726135709	
766.8027378590552	750.0	6.74840902832889	0.0	382355.0	3113.700227985561	55.551349	0.0	4.879418000000001	39.207823032133746	
772.0953745624153	1200.0	5.455772324968917	0.0	652874.0	5292.636703359973	64.23322	8.681871000000001	0.0	54.32451676193826	
774.4944675773816	750.0	7.056679310002708	0.0	318564.0	2399.093014966209	62.986308	0.0	1.2469120000000018	49.35858274895686	
778.1110153489419	750.0	7.440131538442296	0.0	352642.0	3616.547771560412	81.00828	18.021971999999998	0.0	71.31441799403183	
782.6782207380763	750.0	6.872926149307857	0.0	437162.0	4567.2053891344385	69.475262	0.0	11.533017999999998	43.94053818670605	
786.2748657154784	750.0	7.276281171905763	0.0	374758.0	3596.644977402094	70.789292	1.3140300000000025	0.0	57.681454273815504	
788.7477198837322	750.0	8.803427003652013	0.0	362795.0	2472.854168253749	64.786022	0.0	6.0032700000000006	45.836272051926805	
790.8542441677907	750.0	10.696902719593428	0.0	353220.0	2106.524284058586	70.008689	5.222667000000001	0.0	58.18502339881593	
795.1941302579245	1200.0	10.357016629459748	0.0	594078.0	4339.886090133681	70.906301	0.8976119999999952	0.0	57.65646860355332	
798.0259918531389	750.0	11.525155034245257	0.0	386351.0	2831.8615952144905	59.358241	0.0	11.54806	35.356462428080405	
801.3748623790317	750.0	12.17628450835238	0.0	434409.0	3348.8705258928794	56.692976	0.0	2.665264999999998	42.523882025230556	
805.483650400467	1200.0	12.067496486917168	0.0	526950.0	4108.78802143521	67.735752	11.042776000000003	0.0	57.99429751138527	
810.3114418239575	1200.0	11.239705063426616	0.0	587876.0	4827.791423490552	72.569044	4.833292	0.0	60.237368188531434	
815.4265403199199	1200.0	10.124606567464154	0.0	617242.0	5115.098495962461	75.662786	3.0937419999999918	0.0	62.339125264249624	
819.1473010663154	750.0	10.40384582106866	0.0	372963.0	3720.760746395494	69.564049	0.0	6.098737	49.78149799493421	
824.378832108054	750.0	9.172314779330133	0.0	405596.0	5231.531041738527	60.564875	0.0	8.999173999999996	39.08272725573663	
828.6266907164423	750.0	8.924456170941754	0.0	350713.0	4247.858608388378	67.172129	6.6072539999999975	0.0	56.195305162945644	
830.5378159150195	300.0	11.013330972364551	0.0	157671.0	1911.1251985772021	28.807059	0.0	38.36507	-18.970184520798494	
832.3018840114954	300.0	13.249262875888682	0.0	157812.0	1764.068096475868	21.07483	0.0	7.732229	6.982791919539274	
833.9117746330579	300.0	15.639372254326208	0.0	163927.0	1609.8906215624747	16.837774	0.0	4.237055999999999	7.102799135832186	
837.2761482741619	750.0	16.274998613222227	0.0	343800.0	3364.373641103981	55.451197	38.613423	0.0	55.805763065674086	
841.1611248991237	750.0	16.390021988260344	0.0	359903.0	3884.9766249618833	66.786337	11.335140000000003	0.0	57.277353060696605	
845.7080076275796	750.0	15.843139259804426	0.0	379700.0	4546.882728455919	66.676537	0.0	0.109800000000007	53.69031629537219	
848.5683947094792	300.0	16.982752177904892	0.0	181901.0	2860.3870818995324	27.469573	0.0	39.206964	-20.996151468092872	
852.1849051445249	750.0	17.366241742859202	0.0	277716.0	3616.5104350456872	68.231907	40.76233400000001	0.0	67.27007478642625	
854.2927591656355	300.0	19.258387721748466	0.0	153605.0	2107.8540211107365	28.256686	0.0	39.975221000000005	-21.14466441143817	
856.976988902357	300.0	20.57415798502711	0.0	149029.0	2684.2297367213555	23.365013	0.0	4.891672999999997	11.9361771276123	
862.130814575389	300.0	19.420332311995086	0.0	157421.0	5153.825673032023	25.589487	2.224473999999997	0.0	19.672976118502646	
867.5179239300841	300.0	18.033222957299895	0.0	157488.0	5387.109354695192	17.795984	0.0	7.793502999999998	4.1409219906483	
872.8922273043148	300.0	16.65891958306918	0.0	143881.0	5374.303374230711	25.091594	7.29561	0.0	20.762364294012507	
878.9328285904885	300.0	14.618318296895522	0.0	163444.0	6040.601286173661	17.178658	0.0	7.912936000000002	3.491389644148983	
884.6347444117433	300.0	12.916402475640723	0.0	179328.0	5701.9158212548	28.893466	11.714808000000001	0.0	25.298969194880584	
888.9208896706643	300.0	12.630257216719809	0.0	159914.0	4286.145258920916	21.738399	0.0	7.155066999999999	8.157137465372118	
893.4778009929029	300.0	12.073345894481344	0.0	131610.0	4556.911322238464	28.4111	6.672701	0.0	23.388048410401066	
897.5498914126649	300.0	12.00125547471929	0.0	124011.0	4072.0904197620553	21.943337	0.0	6.4677630000000015	9.059928450350393	
900.2650447793129	300.0	13.28610210807125	0.0	144254.0	2715.153366648041	12.774971	0.0	9.168365999999999	-1.5701075315708106	
902.7309433251328	300.0	14.820203562251324	0.0	149991.0	2465.898545819926	17.21265	4.437678999999999	0.0	13.238095795131745	
909.3780065442014	750.0	12.173140343182743	0.0	345516.0	6647.06321906858	79.583372	62.370722	0.0	83.32232806298302	
920.0260589514664	750.0	5.525087935917718	0.0	384505.0	10648.052407265024	64.443828	0.0	15.139544	35.852891186903015	
927.6941478963844	750.0	4.0	2.14300100900019	372093.0	7668.088944917908	58.879512	0.0	5.564315999999998	-20.40989970897439	
930.8572823580429	1850.0	4.836865538341452	0.0	973972.0	3163.1344616585484	84.84845	25.968938	0.0	76.9346320475058	
934.0877714800926	2850.0	5.606376416291754	0.0	1464921.0	3230.489122049698	96.481395	11.632945000000007	0.0	82.51486776588621	
938.8526726413078	4300.0	4.841475255076461	0.0	2246506.0	4764.901161215293	99.97428	3.492884999999987	0.0	83.04748953786608	
943.1539438616733	4300.0	4.540204034711083	0.0	1961140.0	4301.271220365378	99.97428	0.0	0.0	82.00670914551549	
946.3440124647815	2850.0	5.350135431602832	0.0	1364537.0	3190.068603108251	97.895096	0.0	2.079183999999998	78.03983405429102	
