11031.400900883125	750.0	4.0	4.316718207694552	450283.0	4316.718207694552	64.858346	0.0	0.0	-72.03685801292488	
11033.713985459206	750.0	5.686915423919082	0.0	398865.0	2313.084576080918	57.017244	0.0	7.841101999999999	37.30694774282116	
11035.904941479906	750.0	7.495959403219078	0.0	350812.0	2190.9560207000036	60.430767	3.413523000000005	0.0	49.53439726135709	
11038.843789258366	750.0	8.55711162475888	0.0	382355.0	2938.847778460198	55.551349	0.0	4.879418000000001	39.207823032133746	
11042.945259241205	750.0	8.45564164192049	0.0	411561.0	4101.469982838389	51.003805	0.0	4.547544000000002	35.708620955217725	
11045.600857868852	750.0	9.800043014273584	0.0	318564.0	2655.598627646907	62.986308	11.982503000000001	0.0	54.252000083560986	
11050.162233488567	750.0	9.238667394558172	0.0	352642.0	4561.3756197154125	81.00828	18.021971999999998	0.0	71.31441799403183	
11057.089766498977	750.0	6.311134384147548	0.0	437162.0	6927.533010410624	69.475262	0.0	11.533017999999998	43.94053818670605	
11061.830508978008	750.0	5.570391905116868	0.0	374758.0	4740.742479030679	70.789292	1.3140300000000025	0.0	57.681454273815504	
11065.420318203529	750.0	5.980582679594876	0.0	362795.0	3589.809225521993	64.786022	0.0	6.0032700000000006	45.836272051926805	
11068.858948638612	750.0	6.541952244511756	0.0	353220.0	3438.630435083119	70.008689	5.222667000000001	0.0	58.18502339881593	
11072.623205578568	750.0	6.777695304555996	0.0	405134.0	3764.2569399557606	59.00323	0.0	11.005459000000002	35.63150226952917	
11076.34555452432	750.0	7.055346358803881	0.0	386351.0	3722.3489457521146	59.358241	0.3550109999999975	0.0	47.71472422025977	
11078.107734643565	300.0	9.293166239557994	0.0	179801.0	1762.1801192458884	23.726678	0.0	35.631563	-20.372516939980503	
11079.42078523797	300.0	11.980115645153615	0.0	140051.0	1313.050594404379	21.119447	0.0	2.6072309999999987	12.458195192670239	
11086.263653326067	750.0	9.137247557056574	0.0	366214.0	6842.868088097043	58.858709	37.739262	0.0	58.43111360987612	
11089.871468871368	750.0	9.529432011754249	0.0	360831.0	3607.815545302325	60.531124	1.6724150000000009	0.0	49.100589048161304	
11092.002958879077	300.0	11.397942004046927	0.0	150616.0	2131.4900077073207	35.116669	0.0	25.414454999999997	0.11401900957756439	
11098.376133421525	750.0	9.024767461597593	0.0	405596.0	6373.174542449334	60.564875	25.448206	0.0	56.21368234169137	
11103.693011372121	750.0	7.7078895110015	0.0	350713.0	5316.877950596092	67.172129	6.6072539999999975	0.0	56.195305162945644	
11109.7797789508	750.0	5.621121932321359	0.0	386472.0	6086.767578680141	62.777649	0.0	4.3944800000000015	45.8423031210838	
11114.487605690276	750.0	4.913295192845735	0.0	399894.0	4707.826739475624	55.443233	0.0	7.334415999999997	36.51150936895389	
11119.867892533493	750.0	4.0	0.4669916503721925	401853.0	5380.2868432179275	47.960406	0.0	7.482827	16.56937988824855	
11123.50818242889	750.0	4.35971010460358	0.0	343800.0	3640.2898953964204	55.451197	7.4907910000000015	0.0	46.53210385732817	
11126.504607520656	750.0	5.363285012839644	0.0	359903.0	2996.4250917639356	66.786337	11.335140000000003	0.0	57.277353060696605	
11129.441975426622	750.0	6.4259171068721175	0.0	379700.0	2937.3679059675273	66.676537	0.0	0.109800000000007	53.69031629537219	
11133.831422494499	750.0	6.036470038995065	0.0	425781.0	4389.447067877051	65.665965	0.0	1.0105719999999963	51.87874368281537	
11137.027482951782	1200.0	6.840409581711104	0.0	487160.0	3196.060457283961	80.893459	15.227493999999993	0.0	70.38450099378304	
11142.26968825436	1200.0	5.598204279133334	0.0	622896.0	5242.20530257777	80.053124	0.0	0.8403349999999961	64.24386573042244	
11146.23967537805	1200.0	5.628217155442442	0.0	641447.0	3969.9871236908925	80.154442	0.10131800000000624	0.0	65.2514564240098	
11149.883184491277	1200.0	5.984708042216274	0.0	570392.0	3643.509113226168	78.009495	0.0	2.144947000000002	61.12892222454211	
11153.505476318478	1200.0	6.362416215014958	0.0	620283.0	3622.291827201316	72.909556	0.0	5.099939000000006	53.67453510265016	
11155.99355533544	750.0	7.874337198052157	0.0	369834.0	2488.0790169628017	68.369339	0.0	4.540216999999998	50.42328474062561	
11162.445150033544	1850.0	5.422742499950341	0.0	1035329.0	6451.594698101816	71.430146	3.060806999999997	0.0	58.744684099017014	
11166.106348896008	1200.0	5.7615436374849756	0.0	690253.0	3661.1988624653645	87.732581	16.302435000000003	0.0	76.4968627852952	
11171.013582376823	1850.0	4.854310156671021	0.0	943942.0	4907.233480813955	90.168439	2.4358580000000103	0.0	74.42794802438888	
11173.524561523036	1200.0	6.343331010458278	0.0	487812.0	2510.979146212743	77.846693	0.0	12.321746000000005	50.193472792442776	
11176.367473014065	1200.0	7.500419519429898	0.0	575591.0	2842.9114910283797	77.292461	0.0	0.554231999999999	62.20941215869677	
11179.229786458038	1200.0	8.638106075455733	0.0	605884.0	2862.313443974166	74.001829	0.0	3.290632000000002	56.519254990333565	
11181.910850531805	1200.0	9.957042001688954	0.0	587506.0	2681.064073766779	72.886388	0.0	1.1154410000000041	57.88246197348263	
11183.671220498492	750.0	12.196672035001548	0.0	345516.0	1760.3699666874074	79.583372	6.6969840000000005	0.0	66.73313750009174	
11187.489697451594	1200.0	12.378195081900289	0.0	641452.0	3818.47695310126	75.706383	0.0	3.8769889999999947	57.34071953352638	
11191.166951952508	1200.0	12.700940580985478	0.0	599477.0	3677.2545009148103	71.343181	0.0	4.363202000000001	53.129647516624864	
11197.114020133979	1200.0	10.75387239951457	0.0	634861.0	5947.068181470909	75.003938	3.660757000000004	0.0	61.95010051241022	
11205.210666111117	1850.0	6.657226422374789	0.0	958994.0	8096.645977139781	87.119023	12.115084999999993	0.0	74.72952862841541	
11210.00719388779	1850.0	5.860698645701296	0.0	982064.0	4796.527776673493	86.680563	0.0	0.4384599999999921	70.28304003058662	
11213.865992268882	1850.0	6.001900264608918	0.0	830730.0	3858.7983810923793	84.040637	0.0	2.6399260000000027	65.71153085892459	
11217.740420122916	1200.0	6.1274724105750975	0.0	550906.0	3874.42785403382	86.366143	2.32550599999999	0.0	71.17489760187416	
