9122.6623186822	750.0	4.0	2.566216384271528	450283.0	2566.216384271528	64.858346	0.0	0.0	-21.629558959053263	
9126.38952022812	1850.0	4.272798454080635	0.0	957685.0	3727.2015459193644	81.460624	16.602278	0.0	71.27448018930758	
9129.225922862448	1850.0	5.436395819752332	0.0	877771.0	2836.4026343283035	82.465457	1.004833000000005	0.0	67.47787934365968	
9132.218806622328	1850.0	6.443512059870987	0.0	933276.0	2992.8837598813448	78.955826	0.0	3.509630999999999	60.48244280749914	
9137.136476508542	2850.0	5.525842173658102	0.0	1472558.0	4917.669886212885	85.928154	6.9723280000000045	0.0	72.18858503636858	
9139.91233956885	1850.0	6.749979113349507	0.0	801058.0	2775.863060308595	86.249306	0.3211519999999979	0.0	70.47870772988122	
9142.867506897344	1200.0	7.794811784853199	0.0	561791.0	2955.1673284963094	89.177904	2.928597999999994	0.0	73.73588534977478	
9147.325118271667	1850.0	7.3372004105303645	0.0	1060487.0	4457.611374322833	90.155937	0.9780329999999964	0.0	73.98296967737969	
9150.752776809039	1850.0	7.909541873158632	0.0	852833.0	3427.658537371732	90.218296	0.06235900000000072	0.0	73.76293677284315	
9154.594486244734	1850.0	8.067832437463629	0.0	913888.0	3841.7094356950042	86.733288	0.0	3.4850079999999934	67.09530890568334	
9156.818103715359	1200.0	9.84421496683955	0.0	607410.0	2223.617470624079	82.096766	0.0	4.636521999999999	61.946878270919974	
9160.86826975709	1850.0	9.794048925107235	0.0	917428.0	4050.1660417323137	82.202545	0.10577899999999829	0.0	66.98732635875223	
9163.973811148322	1200.0	10.688507533875503	0.0	624282.0	3105.541391231733	73.534048	0.0	8.668497000000002	50.41718205886191	
9167.7554466994	1200.0	10.90687198279586	0.0	687371.0	3781.6355510796434	70.998108	0.0	2.5359399999999965	54.776127730538505	
9170.702765274835	1200.0	11.959553407362867	0.0	526950.0	2947.3185754329925	67.735752	0.0	3.262355999999997	51.24250829039699	
9174.045878457995	1200.0	12.616440224201593	0.0	587876.0	3343.1131831612734	72.569044	4.833292	0.0	60.237368188531434	
9181.09984316625	1200.0	9.562475515945811	0.0	617242.0	7053.964708255782	75.662786	3.0937419999999918	0.0	62.339125264249624	
9184.654781231968	750.0	10.007537450229472	0.0	372963.0	3554.9380657163383	69.564049	0.0	6.098737	49.78149799493421	
9190.184499404559	1200.0	8.47781927763885	0.0	639204.0	5529.718172590621	72.000653	2.4366040000000027	0.0	59.041852363208044	
9197.151657298908	1200.0	5.510661383290884	0.0	586839.0	6967.157894347967	79.134663	7.1340100000000035	0.0	66.48334667339239	
9201.8887600192	1200.0	4.773558662998594	0.0	601738.0	4737.10272029229	74.235946	0.0	4.898717000000005	55.01135256729831	
9205.566056219814	1200.0	5.096262462384922	0.0	616206.0	3677.296200613673	68.532883	0.0	5.703063	49.32801204213999	
9210.43006412575	1850.0	4.232254556449895	0.0	968026.0	4864.007905935026	73.123347	4.590463999999997	0.0	60.634452170993036	
9213.006850088183	1200.0	5.655468594016492	0.0	536667.0	2576.7859624334033	68.420849	0.0	4.702497999999991	50.294728658664155	
9214.950326519354	750.0	7.711992162843927	0.0	359903.0	1943.476431172565	66.786337	0.0	1.6345120000000009	52.16558832707676	
9216.476075714245	750.0	10.186242967953712	0.0	379700.0	1525.749194890215	66.676537	0.0	0.109800000000007	53.69031629537219	
9220.131843181758	1200.0	10.530475500442652	0.0	696376.0	3655.7674675110607	80.745588	14.069051000000002	0.0	69.91408581334386	
9222.96391591753	1200.0	11.69840276467047	0.0	487160.0	2832.0727357721807	80.893459	0.14787099999999498	0.0	65.89120220426116	
9226.773957818004	1200.0	11.888360864194595	0.0	622896.0	3810.0419004758755	80.053124	0.0	0.8403349999999961	64.24386573042244	
9230.75008740829	1200.0	11.912231273908077	0.0	641447.0	3976.1295902865195	80.154442	0.10131800000000624	0.0	65.2514564240098	
9234.706120702642	1200.0	11.956197979558969	0.0	570392.0	3956.033294349109	78.009495	0.0	2.144947000000002	61.12892222454211	
9243.019142133115	1200.0	7.643176549084326	0.0	620283.0	8313.021430474642	72.909556	0.0	5.099939000000006	53.67453510265016	
9247.556707624759	1200.0	7.10561105743888	0.0	584349.0	4537.565491645446	79.771897	6.862341000000001	0.0	66.94207121321617	
9251.627219109343	1200.0	7.035099572855832	0.0	670129.0	4070.511484583048	62.28877	0.0	17.483126999999996	31.541231281388015	
9255.138673237358	750.0	7.523645444842818	0.0	401088.0	3511.4541280130143	69.915275	7.6265049999999945	0.0	58.822186338307795	
9259.369854334034	1200.0	7.292464348166011	0.0	598727.0	4231.181096676806	77.763467	7.848192000000012	0.0	65.53488519734074	
9262.138874686074	750.0	8.523443996125959	0.0	321064.0	2769.0203520400514	67.040505	0.0	10.72296200000001	42.738008305810055	
9264.995897148516	750.0	9.66642153368409	0.0	361565.0	2857.0224624418697	66.788635	0.0	0.2518699999999967	53.6345161054191	
9268.061293546236	750.0	10.601025135965306	0.0	378327.0	3065.3963977187827	62.32333	0.0	4.465305000000001	45.38239461526515	
9271.981616082416	750.0	10.680702599785887	0.0	390680.0	3920.3225361794193	61.525566	0.0	0.7977640000000008	48.59802426280343	
9275.43447099243	750.0	11.227847689772576	0.0	345516.0	3452.8549100133114	79.583372	18.057806	0.0	70.11833935431406	
9280.408868237171	750.0	10.253450445030282	0.0	384505.0	4974.397244742294	64.443828	0.0	15.139544	35.852891186903015	
9282.830219690448	750.0	11.832098991754387	0.0	372093.0	2421.351453275894	58.879512	0.0	5.564315999999998	41.299771933747785	
9285.935753453901	750.0	12.726565228300888	0.0	438281.0	3105.5337634534994	62.327504	3.4479919999999993	0.0	51.15101669476942	
9288.646616489925	750.0	14.015702192277539	0.0	398987.0	2710.8630360233483	63.729239	1.4017350000000022	0.0	51.728421217727	
9297.44853682033	1200.0	9.213781861872565	0.0	638661.0	8801.920330404973	77.309224	13.579985	0.0	66.8580976027805	
9302.743456704939	1200.0	7.918861977262839	0.0	538612.0	5294.919884609726	74.51099	0.0	2.7982339999999937	57.47289772290094	
9309.059705921693	1200.0	5.6026127605095155	0.0	550906.0	6316.249216753324	86.366143	11.855152999999987	0.0	74.01446138471348	
