6079.8810909696795	750.0	4.0	2.572266498290951	450283.0	2572.266498290951	64.858346	0.0	0.0	-21.803777518900695	
6080.89016112737	300.0	6.990929842309494	0.0	155580.0	1009.0701576905071	18.412623	0.0	46.445723	-36.3468075049402	
6081.643027420785	300.0	10.238063548894877	0.0	139857.0	752.8662934146156	17.596212	0.0	0.8164109999999987	11.374421591985136	
6082.881378127683	300.0	12.999712841997601	0.0	155432.0	1238.3507068972758	19.997309	2.401097	0.0	14.989583049748727	
6085.149346735888	300.0	14.731744233792785	0.0	163442.0	2267.9686082048165	16.877619	0.0	3.119690000000002	8.322067973538104	
6088.77739769862	300.0	15.10369327106028	0.0	126289.0	3628.0509627325064	18.579568	1.701948999999999	0.0	13.580570417102745	
6091.45281031314	300.0	16.428280656540522	0.0	153295.0	2675.4126145197574	42.291519	23.711951000000003	0.0	40.220602433691965	
6099.241402890724	750.0	12.63968807895637	0.0	437162.0	7788.592577584152	69.475262	27.183743	0.0	64.27703956074478	
6106.7167876027615	750.0	9.164303366918615	0.0	374758.0	7475.384712037753	70.789292	1.3140300000000025	0.0	57.681454273815504	
6114.367186083395	750.0	5.513904886285685	0.0	362795.0	7650.39848063293	64.786022	0.0	6.0032700000000006	45.836272051926805	
6119.331896998874	750.0	4.549193970806951	0.0	353220.0	4964.710915478734	70.008689	5.222667000000001	0.0	58.18502339881593	
6124.3842886431485	750.0	4.0	0.5031976734681776	405134.0	5052.391644275129	59.00323	0.0	11.005459000000002	21.141465601002242	
6128.27811913967	750.0	4.106169503478841	0.0	386351.0	3893.8304965211587	59.358241	0.3550109999999975	0.0	47.71472422025977	
6131.042717578282	750.0	5.341571064867098	0.0	434409.0	2764.5984386117425	56.692976	0.0	2.665264999999998	42.523882025230556	
6133.889684531549	1200.0	6.494604111600152	0.0	526950.0	2846.9669532669463	67.735752	11.042776000000003	0.0	57.99429751138527	
6135.484656145101	750.0	8.899632498048158	0.0	366214.0	1594.9716135519927	58.858709	0.0	8.877043000000008	37.767354246545985	
6137.022445767256	750.0	11.361842875894354	0.0	360831.0	1537.7896221538053	60.531124	1.6724150000000009	0.0	49.100589048161304	
6137.847109257908	300.0	14.53717938524121	0.0	150616.0	824.6634906531427	35.116669	0.0	25.414454999999997	0.11401900957756439	
6139.867544837154	300.0	16.516743805995713	0.0	165384.0	2020.435579245499	26.310814	0.0	8.805855000000001	10.278036555919055	
6145.1159518227505	750.0	15.268336820399774	0.0	350713.0	5248.406985595939	67.172129	40.861315	0.0	66.4020411554508	
6151.571699822202	750.0	12.812588820947356	0.0	386472.0	6455.747999452418	62.777649	0.0	4.3944800000000015	45.8423031210838	
6159.035234404413	750.0	9.34905423873688	0.0	399894.0	7463.534582210476	55.443233	0.0	7.334415999999997	36.51150936895389	
6166.533734239958	750.0	5.850554403191953	0.0	401853.0	7498.499835544927	47.960406	0.0	7.482827	30.016831048248612	
6171.184503972328	750.0	5.199784670823079	0.0	343800.0	4650.769732368874	55.451197	7.4907910000000015	0.0	46.53210385732817	
6175.446788332703	750.0	4.937500310447108	0.0	359903.0	4262.284360375971	66.786337	11.335140000000003	0.0	57.277353060696605	
6179.488169724269	750.0	4.8961189188815295	0.0	379700.0	4041.3813915655783	66.676537	0.0	0.109800000000007	53.69031629537219	
6182.840161340252	750.0	5.544127302897576	0.0	425781.0	3351.9916159839536	65.665965	0.0	1.0105719999999963	51.87874368281537	
6186.018947943613	750.0	6.365340699537275	0.0	277716.0	3178.786603360301	68.231907	2.565942000000007	0.0	55.88863627581473	
6192.158573776665	750.0	4.225714866485299	0.0	400396.0	6139.625833051977	69.601487	1.3695799999999991	0.0	56.69205323288801	
6195.4088878222965	750.0	4.975400820854273	0.0	400508.0	3250.3140456310257	67.821489	0.0	1.7799980000000062	52.88789921294314	
6200.178238188938	750.0	4.206050454212869	0.0	358218.0	4769.3503666414035	64.789531	0.0	3.031958000000003	48.99180250230414	
6203.657728479363	750.0	4.726560163788165	0.0	400322.0	3479.4902904247037	60.651768	0.0	4.137763	44.31426861062449	
6206.116254162595	750.0	6.268034480555593	0.0	369834.0	2458.5256832325726	68.369339	7.7175709999999995	0.0	57.54006651746116	
6210.79121399882	1200.0	5.593074644330175	0.0	670129.0	4674.959836225417	62.28877	0.0	6.080568999999997	43.639332434497476	
6213.517615539457	750.0	6.866673103692718	0.0	401088.0	2726.401540637458	69.915275	7.6265049999999945	0.0	58.822186338307795	
6217.909856040866	1200.0	6.474432602285095	0.0	598727.0	4392.240501407623	77.763467	7.848192000000012	0.0	65.53488519734074	
6220.707503079952	1200.0	7.67678556319788	0.0	487812.0	2797.6470390872146	77.846693	0.08322599999999625	0.0	63.29163035592236	
6222.930611851798	750.0	9.4536767913521	0.0	361565.0	2223.1087718457793	66.788635	0.0	11.058058000000003	42.16916284841154	
6225.20367076753	750.0	11.180617875620868	0.0	378327.0	2273.0589157312324	62.32333	0.0	4.465305000000001	45.38239461526515	
6227.4152221653685	750.0	12.96906647778204	0.0	390680.0	2211.551397838828	61.525566	0.0	0.7977640000000008	48.59802426280343	
6230.171097136728	750.0	14.21319150642238	0.0	345516.0	2755.8749713596617	79.583372	18.057806	0.0	70.11833935431406	
6233.68232894668	750.0	14.701959696471063	0.0	384505.0	3511.231809951318	64.443828	0.0	15.139544	35.852891186903015	
6239.2017109722365	750.0	13.182577670914437	0.0	372093.0	5519.382025556624	58.879512	0.0	5.564315999999998	41.299771933747785	
6248.153358623418	750.0	8.230930019733	0.0	438281.0	8951.647651181438	62.327504	3.4479919999999993	0.0	51.15101669476942	
6255.025478809478	750.0	5.358809833673302	0.0	398987.0	6872.1201860596975	63.729239	1.4017350000000022	0.0	51.728421217727	
6258.738469094835	750.0	5.6458195483172275	0.0	393804.0	3712.9902853560743	62.845425	0.0	0.883814000000001	49.62451534898482	
6261.475333461849	750.0	6.908955181302356	0.0	331053.0	2736.8643670148713	60.678126	0.0	2.167299	46.42725130719397	
6265.820165441481	750.0	6.564123201671146	0.0	314107.0	4344.831979631211	75.210559	14.532433000000005	0.0	65.36453832212788	
