17545.798927118347	750.0	4.0	6.240793125191714	450283.0	6240.793125191714	64.858346	0.0	0.0	-127.44235286621128	
17548.40714065074	300.0	5.39178646760646	0.0	155580.0	2608.2135323935404	18.412623	0.0	46.445723	-36.3468075049402	
17550.935319941742	300.0	6.863607176602174	0.0	139857.0	2528.179291004286	17.596212	0.0	0.8164109999999987	11.374421591985136	
17553.22077689815	300.0	8.578150220191981	0.0	155432.0	2285.456956410193	19.997309	2.401097	0.0	14.989583049748727	
17556.733597817973	300.0	9.065329300370701	0.0	163442.0	3512.820919821281	16.877619	0.0	3.119690000000002	8.322067973538104	
17559.094885417733	300.0	10.704041700610226	0.0	126289.0	2361.2875997604747	18.579568	1.701948999999999	0.0	13.580570417102745	
17561.641950984747	300.0	12.156976133596313	0.0	153295.0	2547.065567013914	42.291519	23.711951000000003	0.0	40.220602433691965	
17564.57997518306	300.0	13.218951935283304	0.0	173849.0	2938.024198313009	35.451274	0.0	6.840245000000003	20.10461217328575	
17567.667824128108	300.0	14.131102990237448	0.0	150710.0	3087.848945045855	28.497356	0.0	6.953917999999998	14.094724445226447	
17574.789197106937	750.0	11.009730011407582	0.0	362795.0	7121.372978829866	64.786022	36.288666000000006	0.0	63.01872515657066	
17581.760094803005	750.0	8.038832315335373	0.0	353220.0	6970.897696072208	70.008689	5.222667000000001	0.0	58.18502339881593	
17589.92917878488	750.0	4.0	0.13025166653908762	405134.0	8169.083981874462	59.00323	0.0	11.005459000000002	31.8807865492438	
17592.393920220173	300.0	5.535258564706667	0.0	160746.0	2464.741435293333	21.445722	0.0	37.557508	-24.347686554114247	
17594.943714075	300.0	6.9854647098793174	0.0	179801.0	2549.793854827349	23.726678	2.2809559999999998	0.0	18.112191156964666	
17597.143672976617	300.0	8.785505808267185	0.0	140051.0	2199.9589016121313	21.119447	0.0	2.6072309999999987	12.458195192670239	
17599.689381957865	300.0	10.239796827017171	0.0	138313.0	2545.7089812500144	19.984984	0.0	1.1344630000000002	13.060022413833098	
17604.83715268785	750.0	9.092026097031118	0.0	360831.0	5147.770729986054	60.531124	40.546139999999994	0.0	60.6838535294223	
17609.88549183502	750.0	8.043686949860941	0.0	372963.0	5048.339147170176	69.564049	9.032924999999999	0.0	58.9438058139744	
17616.215099526256	750.0	5.7140792586254205	0.0	405596.0	6329.607691235521	60.564875	0.0	8.999173999999996	39.08272725573663	
17621.260923998947	750.0	4.668254785932928	0.0	350713.0	5045.824472692492	67.172129	6.6072539999999975	0.0	56.195305162945644	
17622.95637414221	300.0	6.9728046426684545	0.0	157671.0	1695.4501432644738	28.807059	0.0	38.36507	-18.970184520798494	
17624.436612880305	300.0	9.492565904575077	0.0	157812.0	1480.2387380933787	21.07483	0.0	7.732229	6.982791919539274	
17625.763679369054	300.0	12.16549941582392	0.0	163927.0	1327.0664887511568	16.837774	0.0	4.237055999999999	7.102799135832186	
17626.92993756266	300.0	14.999241222216378	0.0	137654.0	1166.2581936075417	6.466535	0.0	10.371239	-8.188975813003921	
17628.310607136667	300.0	17.618571648212214	0.0	146754.0	1380.669574004161	25.355956	18.889421	0.0	24.440878712625864	
17629.89668113767	300.0	20.032497647208867	0.0	153938.0	1586.0740010033464	22.855883	0.0	2.5000730000000004	14.042479268061296	
17631.956142204497	300.0	21.973036580381578	0.0	181901.0	2059.461066827291	27.469573	4.613690000000002	0.0	21.977141438694208	
17635.57589243812	750.0	22.353286346761262	0.0	277716.0	3619.750233620313	68.231907	40.76233400000001	0.0	67.27007478642625	
17641.051911168743	750.0	20.877267616135654	0.0	400396.0	5476.0187306256075	69.601487	1.3695799999999991	0.0	56.69205323288801	
17649.45382785892	750.0	16.475350925955894	0.0	400508.0	8401.916690179762	67.821489	0.0	1.7799980000000062	52.88789921294314	
17651.82766393074	300.0	18.1015148541355	0.0	157421.0	2373.8360718203917	25.589487	0.0	42.232002	-25.797960269294535	
17655.227674398924	300.0	18.701504385951047	0.0	157488.0	3400.0104681844523	17.795984	0.0	7.793502999999998	4.1409219906483	
17658.95710070652	300.0	18.972078078354144	0.0	143881.0	3729.4263075969025	25.091594	7.29561	0.0	20.762364294012507	
17664.163862560035	300.0	17.76531622484039	0.0	163444.0	5206.761853513755	17.178658	0.0	7.912936000000002	3.491389644148983	
17670.122151670148	300.0	15.80702711472925	0.0	179328.0	5958.28911011114	28.893466	11.714808000000001	0.0	25.298969194880584	
17674.5763035598	300.0	15.352875225077145	0.0	159914.0	4454.151889652105	21.738399	0.0	7.155066999999999	8.157137465372118	
17678.342274500337	300.0	15.586904284538802	0.0	131610.0	3765.970940538344	28.4111	6.672701	0.0	23.388048410401066	
17682.559520613715	300.0	15.369658171159273	0.0	124011.0	4217.246113379528	21.943337	0.0	6.4677630000000015	9.059928450350393	
17687.794028886434	300.0	14.135149898440915	0.0	144254.0	5234.508272718359	12.774971	0.0	9.168365999999999	-1.5701075315708106	
17697.778833720688	750.0	8.150345064188322	0.0	390680.0	9984.804834252593	61.525566	48.750595	0.0	63.97074180840831	
17704.79389163316	750.0	5.135287151714778	0.0	345516.0	7015.057912473545	79.583372	18.057806	0.0	70.11833935431406	
17707.660606111545	300.0	6.268572673329898	0.0	161857.0	2866.7144783848803	26.901789	0.0	52.681582999999996	-35.7735638949358	
17709.648930457486	300.0	8.280248327386685	0.0	145210.0	1988.3243459432113	23.926655	0.0	2.9751340000000006	14.445278068529426	
17711.929087523804	300.0	10.000091261070574	0.0	172312.0	2280.15706631611	26.146503	2.219847999999999	0.0	20.143335165183682	
17715.248915482873	300.0	10.68026330200404	0.0	167025.0	3319.8279590665347	26.908827	0.7623239999999996	0.0	20.354647499322645	
17724.05016573682	750.0	5.879013048059191	0.0	393804.0	8801.250253944849	62.845425	35.936598000000004	0.0	61.270325171427885	
17728.28552500986	750.0	5.643653775014903	0.0	331053.0	4235.359273044287	60.678126	0.0	2.167299	46.42725130719397	
17732.334302188312	750.0	5.594876596561625	0.0	314107.0	4048.777178453279	75.210559	14.532433000000005	0.0	65.36453832212788	
