3799.7933300149925	750.0	4.0	1.7282306058808998	450283.0	1728.2306058809	64.858346	0.0	0.0	2.5010070129537283	
3802.5747308844966	1200.0	5.218599130495685	0.0	611087.0	2781.400869504315	69.839987	4.981640999999996	0.0	57.97033059622316	
3807.7832563573206	2850.0	4.010073657671554	0.0	1300868.0	5208.525472824132	90.483169	20.64318200000001	0.0	80.11975794329732	
3810.6903291479152	2850.0	5.103000867076938	0.0	1520281.0	2907.072790594615	89.788956	0.0	0.6942130000000049	72.64418783751978	
3815.6081240415765	4300.0	4.185205973415902	0.0	2233056.0	4917.794893661036	99.974278	10.185322	0.0	85.04164373715562	
3819.552122321423	4300.0	4.241207693568944	0.0	1941625.0	3943.9982798469578	99.966631	0.0	0.007646999999991522	81.99211774064273	
3822.1710810894283	2850.0	5.622248925563796	0.0	1388403.0	2618.9587680051472	97.582873	0.0	2.3837580000000003	77.45225938231434	
3825.2263539685864	2850.0	6.566976046405668	0.0	1638769.0	3055.2728791581285	97.908255	0.3253819999999905	0.0	80.35394488252393	
3827.9663954862367	2850.0	7.82693452875524	0.0	1348011.0	2740.0415176504275	96.808308	0.0	1.0999470000000002	78.1584014520864	
3831.0887075584287	2850.0	8.704622456562898	0.0	1429765.0	3122.3120721923433	94.962414	0.0	1.8458940000000013	75.80366286892311	
3833.3049303018884	1850.0	10.488399713103203	0.0	939819.0	2216.222743459695	89.239922	0.0	5.722491999999988	66.84421200193768	
3837.4373438696707	2850.0	10.355986145320692	0.0	1519951.0	4132.413567782511	92.483401	3.2434789999999936	0.0	76.62913997790585	
3841.1679009331056	2850.0	10.625429081885805	0.0	1422919.0	3730.5570634348874	93.510922	1.027520999999993	0.0	76.83905618092444	
3845.0645984295593	2850.0	10.728731585432092	0.0	1578343.0	3896.6974964537135	91.568178	0.0	1.9427439999999905	72.82632292630404	
3848.5747324434515	2850.0	11.218597571540165	0.0	1231445.0	3510.134013891925	88.830113	0.0	2.738065000000006	69.66361798364525	
3852.6421643932817	2850.0	11.151165621710147	0.0	1471065.0	4067.4319498300188	93.514387	4.684274000000002	0.0	77.93159908918065	
3856.2433483265036	2850.0	11.54998168848811	0.0	1491626.0	3601.183933222037	94.650033	1.1356459999999942	0.0	77.83598871477156	
3859.1067574196845	2850.0	12.686572595307494	0.0	1358801.0	2863.4090931806154	92.142023	0.0	2.5080099999999987	72.71256630078412	
3865.743270427075	2850.0	10.05005958791658	0.0	1537156.0	6636.513007390913	89.30989	0.0	2.832132999999999	69.9701356109968	
3869.8320889278684	2850.0	9.961241087123646	0.0	1336050.0	4088.818500792936	93.680429	4.370539000000008	0.0	77.97873613425025	
3874.4822945328765	4300.0	9.311035482115454	0.0	2039773.0	4650.205605008192	99.974277	6.293847999999997	0.0	83.88209431177509	
3879.0205258231117	4300.0	8.772804191880063	0.0	2176469.0	4538.231290235392	99.974278	9.999999974752427e-07	0.0	82.00670774968486	
3883.4901612073822	4300.0	8.303168807609815	0.0	2221506.0	4469.635384270249	99.974279	9.999999974752427e-07	0.0	82.00670859658595	
3888.026327405741	4300.0	7.767002609251077	0.0	2044075.0	4536.166198358737	99.974278	0.0	9.999999974752427e-07	82.00670639071444	
3894.792721314511	4300.0	5.00060870048106	0.0	2186790.0	6766.393908770016	99.95975	0.0	0.014527999999998542	81.97898948094914	
3898.56845721159	2850.0	5.224872803401612	0.0	1480464.0	3775.7358970794485	97.271626	0.0	2.688124000000002	76.8657319735762	
3902.383139000839	2850.0	5.410191014152924	0.0	1547572.0	3814.6817892486883	97.509012	0.23738600000000076	0.0	79.98960524126286	
3905.490585993052	2850.0	6.302744021940114	0.0	1141971.0	3107.4469922128096	93.311238	0.0	4.1977739999999955	71.90993807585392	
3907.796018877737	1850.0	7.997311137255452	0.0	972798.0	2305.4328846846624	88.832031	0.0	4.479207000000002	67.81789264544551	
3910.330765693393	1850.0	9.462564321599137	0.0	975811.0	2534.7468156563164	89.334885	0.5028539999999992	0.0	73.14603000751325	
3914.587641519498	1850.0	9.205688495494039	0.0	873429.0	4256.875826105097	87.120667	0.0	2.2142180000000025	68.77168736090755	
3918.6665557122064	1850.0	9.126774302785998	0.0	954453.0	4078.914192708042	83.67714	0.0	3.443527000000003	64.551065096847	
3922.174967054409	1850.0	9.618362960583323	0.0	885062.0	3508.411342202674	87.533761	3.856621000000004	0.0	72.61998329554336	
3929.1555039601762	2850.0	6.637826054816002	0.0	1587293.0	6980.536905767321	81.858634	0.0	5.675127000000003	60.64324528679841	
3930.964847090222	1200.0	8.828482924770382	0.0	690253.0	1809.3431300456193	87.732581	5.873947000000001	0.0	73.38946994749392	
3933.2321688796305	1850.0	10.561161135361795	0.0	943942.0	2267.321789408586	90.168439	2.4358580000000103	0.0	74.42794802438888	
3935.2592515392685	1850.0	12.534078475723582	0.0	728962.0	2027.0826596382142	86.066994	0.0	4.101445000000012	65.87698482373372	
3938.990744892416	1850.0	12.802585122576055	0.0	938587.0	3731.4933531475276	86.593761	0.5267670000000066	0.0	70.83169447059112	
3944.588583803232	1850.0	11.204746211760092	0.0	908665.0	5597.838910815963	82.415248	0.0	4.178512999999995	62.70254805849999	
3953.152653472138	1850.0	6.640676542853909	0.0	930577.0	8564.069668906182	83.556577	1.141328999999999	0.0	68.44262199794545	
3956.8479657628586	1850.0	6.94536425213319	0.0	858450.0	3695.312290720719	92.068418	8.51184099999999	0.0	77.84751246250926	
3962.440333016476	2850.0	5.3529969985157395	0.0	1527299.0	5592.367253617451	92.902955	0.8345370000000116	0.0	76.26666451632573	
3966.654091357282	4300.0	5.1392386577097255	0.0	2121928.0	4213.758340806014	99.974273	7.071317999999991	0.0	84.11375487292386	
3971.413934853576	4300.0	4.379395161416024	0.0	2219102.0	4759.843496293702	99.974276	3.000000006636583e-06	0.0	82.0067066518258	
3975.513082814534	4300.0	4.2802472004581915	0.0	2124950.0	4099.147960957833	99.974279	2.999999992425728e-06	0.0	82.00670919252909	
3979.7452100150776	4300.0	4.048119999914521	0.0	2246506.0	4232.12720054367	99.97428	9.999999974752427e-07	0.0	82.00670944348704	
3983.823414142652	4300.0	4.0	0.030084127659640216	1961140.0	4078.2041275741612	99.97428	0.0	0.0	81.14040920830723	
3986.9283265422587	2850.0	4.895087600393151	0.0	1364537.0	3104.9123996068483	97.895096	0.0	2.079183999999998	78.03983405429102	
