3990.066049202867	750.0	4.0	3.13772266060829	450283.0	3137.72266060829	64.858346	0.0	0.0	-38.08660424572363	
3993.0923602088665	1200.0	4.973688994000428	0.0	611087.0	3026.311005999572	69.839987	4.981640999999996	0.0	57.97033059622316	
3994.9394630071133	1200.0	7.126586195753604	0.0	571051.0	1847.102798246823	73.587374	3.7473870000000034	0.0	60.77622417883262	
3996.5160626445218	1200.0	9.549986558345166	0.0	617681.0	1576.5996374084382	69.474665	0.0	4.112708999999995	51.81297205080018	
4000.22029204743	2850.0	9.845757155436802	0.0	1472558.0	3704.2294029083637	85.928154	16.453489000000005	0.0	75.01370137014976	
4002.5885093051106	1850.0	11.477539897756412	0.0	801058.0	2368.2172576803914	86.249306	0.3211519999999979	0.0	70.47870772988122	
4005.6545627523055	1200.0	12.411486450561343	0.0	561791.0	3066.053447195068	89.177904	2.928597999999994	0.0	73.73588534977478	
4010.197263525775	1200.0	11.868785677092198	0.0	709534.0	4542.700773469143	82.426144	0.0	6.751760000000004	59.981563733654696	
4016.8436757549493	1200.0	9.222373447917642	0.0	584846.0	6646.412229174558	82.430225	0.004080999999999335	0.0	67.14984568949134	
4025.9901442309947	1850.0	4.07590497187206	0.0	913888.0	9146.468476045582	86.733288	4.303063000000009	0.0	72.0750888505126	
4028.421124263064	1200.0	5.644924939802889	0.0	607410.0	2430.9800320691706	82.096766	0.0	4.636521999999999	61.946878270919974	
4031.704359440446	1850.0	6.361689762420881	0.0	917428.0	3283.235177382008	82.202545	0.10577899999999829	0.0	66.98732635875223	
4036.194646597885	2850.0	5.871402604981578	0.0	1422919.0	4490.287157439303	93.510922	11.308376999999993	0.0	79.90245888137983	
4041.4788679271333	2850.0	4.587181275733543	0.0	1578343.0	5284.2213292480355	91.568178	0.0	1.9427439999999905	72.82632292630404	
4045.3945234894936	2850.0	4.671525713373098	0.0	1231445.0	3915.6555623604445	88.830113	0.0	2.738065000000006	69.66361798364525	
4047.9578894168267	1850.0	6.108159786039824	0.0	923170.0	2563.365927333274	83.7301	0.0	5.100013000000004	62.83838720493218	
4051.5125848546454	1850.0	6.553464348221466	0.0	966699.0	3554.695437818358	86.226021	2.49592100000001	0.0	71.10700694933738	
4054.895524713937	1850.0	7.170524488929252	0.0	885714.0	3382.939859292215	85.258591	0.0	0.9674300000000073	68.51753380735349	
4059.842696720237	2850.0	6.223352482629261	0.0	1537156.0	4947.17200629999	89.30989	4.051299	0.0	74.18219740674294	
4062.386786096841	1850.0	7.679263106025576	0.0	923755.0	2544.0893766036866	86.363677	0.0	2.946213	67.35394582937289	
4065.5204580841937	2850.0	8.545591118673205	0.0	1415116.0	3133.671987352371	90.785318	4.421641000000008	0.0	75.54209038638726	
4069.4209971233745	2850.0	8.64505207949197	0.0	1468126.0	3900.5390391812343	89.398189	0.0	1.3871290000000016	71.57806374237117	
4075.598292785538	4300.0	6.46775641732878	0.0	2221506.0	6177.29566216319	99.974279	10.576089999999994	0.0	85.15808233461482	
4081.248337252235	4300.0	4.817711950631762	0.0	2044075.0	5650.044466697018	99.974278	0.0	9.999999974752427e-07	82.00670639071444	
4084.4746030882557	2850.0	5.591446114611491	0.0	1383735.0	3226.2658360202713	93.348429	0.0	6.625849000000002	69.36525034338877	
4088.041293140646	2850.0	6.024756062220882	0.0	1480464.0	3566.690052390609	97.271626	3.923197000000002	0.0	80.88682963027341	
4090.5874281169263	1850.0	7.478621085940477	0.0	1076599.0	2546.1349762804048	90.791041	0.0	6.480584999999991	67.35352057291368	
4092.821418154402	1850.0	9.244631048464923	0.0	758197.0	2233.9900374755553	87.50057	0.0	3.290471000000011	67.95152441266671	
4095.613573939891	1850.0	10.45247526297598	0.0	972798.0	2792.155785488942	88.832031	1.3314610000000044	0.0	72.96706372219077	
4097.949796039994	1850.0	12.116253162873164	0.0	975811.0	2336.2221001028156	89.334885	0.5028539999999992	0.0	73.14603000751325	
4100.071201113464	1850.0	13.99484808940336	0.0	873429.0	2121.405073469804	87.120667	0.0	2.2142180000000025	68.77168736090755	
4105.117648244155	2850.0	12.948400958712096	0.0	1497683.0	5046.447130691265	92.910185	5.789518000000001	0.0	77.74923102961907	
4108.754561379726	2850.0	13.311487823141073	0.0	1358081.0	3636.9131355710224	95.193139	2.2829540000000037	0.0	78.63781093814865	
4118.556643456718	4300.0	7.5094057461485715	0.0	2286761.0	9802.082076992501	99.974277	4.7811379999999986	0.0	83.43134975324747	
4123.22147909801	1850.0	6.844570104856949	0.0	1026056.0	4664.835641291623	97.037422	0.0	2.936854999999994	76.40348103841788	
4127.525569601998	2850.0	6.540479600869023	0.0	1439896.0	4304.090503987925	97.217465	0.18004299999999773	0.0	79.72560718309609	
4130.983490062769	2850.0	7.082559140097639	0.0	1139291.0	3457.920460771385	93.825455	0.0	3.392009999999999	73.2003437122793	
4135.260668635298	2850.0	6.805380567568171	0.0	1499009.0	4277.1785725294685	93.982147	0.1566919999999925	0.0	76.97865487614874	
4140.177246257188	2850.0	5.8888029456783935	0.0	1427478.0	4916.577621889777	90.92969	0.0	3.052457000000004	71.10818249774292	
4145.357573623859	2850.0	4.708475579007718	0.0	1402287.0	5180.3273666706755	91.34334	0.41365000000000407	0.0	74.82041250127551	
4148.469743167267	1850.0	5.5963060355999446	0.0	858450.0	3112.1695434077737	92.068418	0.7250779999999963	0.0	75.52727854404898	
4153.821644063838	2850.0	4.244405139028385	0.0	1527299.0	5351.900896571559	92.902955	0.8345370000000116	0.0	76.26666451632573	
4157.423011090318	2850.0	4.64303811254886	0.0	1343002.0	3601.367026479525	87.659279	0.0	5.243676000000008	66.01358694146828	
4160.703555846274	1850.0	5.362493356592553	0.0	973972.0	3280.544755956307	84.84845	0.0	2.8108289999999982	66.21434068733927	
4164.284854805821	1850.0	5.781194397046043	0.0	958994.0	3581.298959546509	87.119023	2.270572999999999	0.0	71.79614403033668	
4168.9067573412585	1850.0	5.159291861608231	0.0	982064.0	4621.902535437813	86.680563	0.0	0.4384599999999921	70.28304003058662	
4173.864736116303	2850.0	4.201313086563242	0.0	1231456.0	4957.978775044989	92.485503	5.804939999999988	0.0	77.39416269406718	
4177.144026291551	2850.0	4.922022911315398	0.0	1364537.0	3279.290175247844	97.895096	5.409593000000001	0.0	81.85775079398817	
