18509.98468261841	750.0	4.0	4.722418988271614	450283.0	4722.418988271614	64.858346	0.0	0.0	-83.71938258919042	
18513.318964047663	750.0	4.6657185707448825	0.0	398865.0	3334.281429255118	57.017244	0.0	7.841101999999999	37.30694774282116	
18515.68640485216	750.0	6.298277766249121	0.0	350812.0	2367.4408044957613	60.430767	3.413523000000005	0.0	49.53439726135709	
18518.85024524653	750.0	7.134437371879321	0.0	382355.0	3163.8403943698	55.551349	0.0	4.879418000000001	39.207823032133746	
18521.97486810359	750.0	8.009814514817709	0.0	411561.0	3124.6228570616136	51.003805	0.0	4.547544000000002	35.708620955217725	
18524.423704361885	750.0	9.560978256520354	0.0	318564.0	2448.836258297354	62.986308	11.982503000000001	0.0	54.252000083560986	
18527.330489471624	750.0	10.654193146782283	0.0	352642.0	2906.7851097380694	81.00828	18.021971999999998	0.0	71.31441799403183	
18531.393788017012	750.0	10.590894601395107	0.0	437162.0	4063.2985453871775	69.475262	0.0	11.533017999999998	43.94053818670605	
18535.679086955664	750.0	10.305595662743213	0.0	374758.0	4285.298938651892	70.789292	1.3140300000000025	0.0	57.681454273815504	
18539.550295953537	750.0	10.434386664866445	0.0	362795.0	3871.20899787677	64.786022	0.0	6.0032700000000006	45.836272051926805	
18545.225702456104	750.0	8.758980162299318	0.0	353220.0	5675.406502567126	70.008689	5.222667000000001	0.0	58.18502339881593	
18552.26344073285	750.0	5.721241885553219	0.0	405134.0	7037.738276746099	59.00323	0.0	11.005459000000002	35.63150226952917	
18557.442780824098	750.0	4.541901794305858	0.0	386351.0	5179.340091247362	59.358241	0.3550109999999975	0.0	47.71472422025977	
18561.269401177622	750.0	4.7152814407829196	0.0	434409.0	3826.620353522939	56.692976	0.0	2.665264999999998	42.523882025230556	
18563.84924552614	750.0	6.135437092265883	0.0	337059.0	2579.844348517035	54.76216	0.0	1.930816	41.66792139000558	
18567.323137221538	750.0	6.661545396867177	0.0	366214.0	3473.8916953987073	58.858709	4.096548999999996	0.0	48.406541934633836	
18572.829812338736	750.0	5.15487027966701	0.0	360831.0	5506.675117200166	60.531124	1.6724150000000009	0.0	49.100589048161304	
18574.94197726617	300.0	7.0427053522331	0.0	150616.0	2112.1649274339106	35.116669	0.0	25.414454999999997	0.11401900957756439	
18577.624120636592	300.0	8.360561981811232	0.0	165384.0	2682.1433704218684	26.310814	0.0	8.805855000000001	10.278036555919055	
18579.43871533173	300.0	10.545967286675255	0.0	140881.0	1814.5946951359774	26.782579	0.47176499999999777	0.0	20.161149610747803	
18584.125594221645	750.0	9.859088396759704	0.0	386472.0	4686.878889915551	62.777649	35.99507	0.0	61.23034859553061	
18588.949015317627	750.0	9.035667300776902	0.0	399894.0	4823.4210959828015	55.443233	0.0	7.334415999999997	36.51150936895389	
18590.732055522098	300.0	11.252627096302813	0.0	163927.0	1783.0402044740897	16.837774	0.0	38.605458999999996	-29.36203761087242	
18594.564397563114	750.0	11.420285055288929	0.0	343800.0	3832.3420410138847	55.451197	38.613423	0.0	55.805763065674086	
18598.67884551144	750.0	11.305837106963917	0.0	359903.0	4114.447948325012	66.786337	11.335140000000003	0.0	57.277353060696605	
18604.41189469537	750.0	9.5727879230334	0.0	379700.0	5733.049183930518	66.676537	0.0	0.109800000000007	53.69031629537219	
18611.314945743794	750.0	6.669736874610293	0.0	425781.0	6903.051048423107	65.665965	0.0	1.0105719999999963	51.87874368281537	
18614.98235517543	750.0	7.002327442972355	0.0	277716.0	3667.409431637938	68.231907	2.565942000000007	0.0	55.88863627581473	
18620.51306845919	750.0	5.4716141592155125	0.0	400396.0	5530.713283756842	69.601487	1.3695799999999991	0.0	56.69205323288801	
18625.94057248919	750.0	4.044110129216912	0.0	400508.0	5427.504029998601	67.821489	0.0	1.7799980000000062	52.88789921294314	
18628.010670973643	300.0	5.97401164476528	0.0	157421.0	2070.098484451631	25.589487	0.0	42.232002	-25.797960269294535	
18630.28105819059	300.0	7.703624427816884	0.0	157488.0	2270.3872169483966	17.795984	0.0	7.793502999999998	4.1409219906483	
18632.551971011933	300.0	9.432711606473923	0.0	143881.0	2270.9128213429617	25.091594	7.29561	0.0	20.762364294012507	
18635.558634902627	300.0	10.426047715779383	0.0	163444.0	3006.663890694538	17.178658	0.0	7.912936000000002	3.491389644148983	
18638.872067443623	300.0	11.112615174780535	0.0	179328.0	3313.432540998849	28.893466	11.714808000000001	0.0	25.298969194880584	
18642.160750007613	300.0	11.823932610789663	0.0	159914.0	3288.68256399087	21.738399	0.0	7.155066999999999	8.157137465372118	
18645.099883549166	300.0	12.884799069237578	0.0	131610.0	2939.133541552084	28.4111	6.672701	0.0	23.388048410401066	
18648.386164488904	300.0	13.598518129496748	0.0	124011.0	3286.280939740831	21.943337	0.0	6.4677630000000015	9.059928450350393	
18652.768888566785	300.0	13.21579405161568	0.0	144254.0	4382.724077881068	12.774971	0.0	9.168365999999999	-1.5701075315708106	
18659.859788468915	750.0	10.124894149484856	0.0	390680.0	7090.8999021308255	61.525566	48.750595	0.0	63.97074180840831	
18668.438428893343	750.0	5.546253725059783	0.0	345516.0	8578.640424425072	79.583372	18.057806	0.0	70.11833935431406	
18672.89731375283	300.0	5.08736886557217	0.0	161857.0	4458.8848594876135	26.901789	0.0	52.681582999999996	-35.7735638949358	
18676.94404198931	300.0	5.040640629089853	0.0	145210.0	4046.728236482317	23.926655	0.0	2.9751340000000006	14.445278068529426	
18680.380315792732	300.0	5.604366825668714	0.0	172312.0	3436.2738034211397	26.146503	2.219847999999999	0.0	20.143335165183682	
18683.184401936738	300.0	6.800280681662591	0.0	167025.0	2804.0861440061226	26.908827	0.7623239999999996	0.0	20.354647499322645	
18689.099332885165	750.0	4.885349733239226	0.0	393804.0	5914.9309484233645	62.845425	35.936598000000004	0.0	61.270325171427885	
18693.341663498388	750.0	4.643019120018334	0.0	331053.0	4242.330613220893	60.678126	0.0	2.167299	46.42725130719397	
18697.628922527187	750.0	4.3557600912194925	0.0	314107.0	4287.259028798841	75.210559	14.532433000000005	0.0	65.36453832212788	
